0
0
0
0
0
0
0
0
0
0
0
0
0
0
0
3
0
0
0
13
0
0
0
0
0
0
0
0
0
0
0
0
0
0
0
0
0
1
0
77
2
242
7
271
225
346
265
435
391
494
457
510
475
561
520
579
539
595
559
616
616
613
324
596
144
359
0
136
0
12
0
0
0
0
0
0
0
4
0
12
0
0
0
3
0
0
0
7
0
0
0
1
0
8
0
0
0
0
0
4
0
0
0
0
0
5
0
4
0
5
0
16
0
7
0
0
0
20
0
0
0
0
0
23
0
4
0
0
0
0
0
0
0
0
0
9
0
4
0
0
0
0
0
0
0
0
0
0
0
0
0
0
0
10
0
0
0
8
0
3
0
1
0
0
0
0
0
0
0
0
0
4
0
8
0
3
0
0
0
17
0
0
0
0
0
9
0
6
0
0
0
0
0
2
0
3
0
2
0
7
0
0
0
0
0
2
0
0
0
0
0
0
0
10
0
4
0
0
0
0
0
0
0
0
0
0
0
0
0
0
0
0
0
0
0
4
0
1
0
1
0
4
0
2
0
0
0
8
0
0
0
0
0
1
0
16
0
0
0
0
0
1
0
12
0
16
0
14
0
0
0
0
0
0
0
2
0
0
0
0
0
0
0
0
0
0
0
0
0
13
0
0
0
0
0
0
0
9
0
0
0
0
0
0
0
12
0
9
0
0
0
0
0
2
0
0
0
3
0
4
0
2
0
0
0
16
0
0
0
0
0
0
0
0
0
1
0
6
0
0
0
4
0
0
0
0
0
3
0
3
0
11
0
0
0
1
0
0
0
0
0
0
0
2
0
5
0
3
0
0
0
0
0
0
0
0
0
0
0
0
0
0
0
0
0
13
0
0
0
0
0
0
0
0
0
7
0
7
0
0
0
11
0
6
0
2
0
4
0
0
0
0
0
0
0
8
0
11
0
0
0
0
0
0
0
4
0
0
0
0
0
18
0
8
0
0
0
1
0
0
0
9
0
0
0
0
0
361
0
0
0
0
0
0
0
6
0
0
0
4
0
0
0
5
0
0
0
0
0
13
0
0
0
0
0
0
0
0
0
0
0
0
0
0
0
1
0
3
0
0
0
2
0
0
0
0
0
0
0
3
0
0
0
2
0
3
0
0
0
0
0
0
0
0
0
0
0
0
0
0
0
2
0
0
0
0
0
10
0
0
0
0
0
0
0
16
0
0
0
6
0
0
0
0
0
0
0
0
0
0
0
0
0
9
0
0
0
0
0
2
0
5
0
0
0
8
0
0
0
5
0
0
0
0
0
4
0
0
0
14
0
8
0
0
0
0
0
0
0
0
0
0
0
0
0
0
0
1
0
1
0
0
0
9
0
1
0
0
0
0
0
10
0
4
0
6
0
0
0
0
0
0
0
0
0
0
0
0
0
0
0
0
0
0
0
0
0
3
0
0
0
0
0
0
0
4
0
0
0
1
0
0
0
0
0
0
0
5
0
0
0
1
0
0
0
0
0
0
0
0
0
0
0
0
0
0
0
0
0
0
0
0
0
4
0
0
0
3
0
0
0
0
0
0
0
0
0
0
0
12
0
6
0
0
0
0
0
6
0
0
0
0
0
0
0
3
0
1
0
10
0
5
0
0
0
0
0
0
0
2
0
0
0
2
0
0
0
0
0
8
0
14
0
0
0
5
0
0
0
0
0
0
0
0
0
0
0
0
0
3
0
0
0
0
0
0
0
0
0
0
0
0
0
9
0
0
0
13
0
10
0
0
0
0
0
7
0
4
0
2
0
3
0
0
0
0
0
2
0
3
0
0
0
0
0
4
0
0
0
12
0
1
0
4
0
0
0
0
0
7
0
2
0
6
0
5
0
0
0
3
0
0
0
0
0
2
0
3
0
0
0
0
0
2
0
0
0
0
0
0
0
0
0
0
0
0
0
6
0
0
0
0
0
0
0
0
0
2
0
0
0
0
0
8
0
0
0
0
0
0
0
0
0
0
0
2
0
0
0
0
0
0
0
0
0
0
0
1
0
1
0
9
0
8
0
0
0
0
0
3
0
5
0
11
0
0
0
0
0
3
0
0
0
0
0
2
0
0
0
0
0
0
0
0
0
3
0
0
0
0
0
9
0
2
0
0
0
0
0
0
0
0
0
15
0
3
0
0
0
0
0
5
0
3
0
0
0
0
0
0
0
2
0
0
0
0
0
0
0
7
0
3
0
0
0
0
0
1
0
4
0
2
0
0
0
10
0
4
0
0
0
