0
0
0
0
0
0
0
3
0
138
84
503
466
511
476
559
507
579
519
597
461
524
478
428
0
378
0
0
0
6
0
0
0
29
0
0
0
0
0
19
0
2
0
0
0
4
0
0
0
0
0
12
0
0
0
0
0
5
0
0
0
0
0
0
0
0
0
0
0
0
0
0
0
0
0
3
0
2
0
0
0
1
0
1
0
1
0
0
0
13
0
6
0
0
0
1
0
0
0
7
0
0
0
0
0
0
0
0
0
8
0
1
0
0
0
0
0
0
0
0
0
0
0
1
0
0
0
0
0
0
0
3
0
0
0
0
0
0
0
0
0
0
0
6
0
12
0
5
0
0
0
0
0
0
0
0
0
3
0
4
0
0
0
2
0
0
0
0
0
8
0
0
0
0
0
0
0
1
0
0
0
0
0
0
0
0
0
0
0
0
0
0
0
2
0
0
0
12
0
0
0
0
0
0
0
0
0
0
0
0
0
0
0
6
0
0
0
3
0
12
0
0
0
0
0
0
0
0
0
0
0
1
0
0
0
1
0
0
0
2
0
1
0
0
0
0
0
6
0
0
0
0
0
0
0
0
0
0
0
10
0
3
0
0
0
0
0
0
0
17
0
0
0
0
0
0
0
0
0
0
0
0
0
1
0
6
0
0
0
0
0
0
0
0
0
3
0
0
0
4
0
0
0
2
0
1
0
2
0
0
0
0
0
4
0
0
0
0
0
2
0
1
0
0
0
0
0
0
0
0
0
9
0
0
0
0
0
0
0
4
0
0
0
0
0
0
0
0
0
3
0
4
0
0
0
2
0
3
0
9
0
3
0
0
0
4
0
8
0
0
0
0
0
1
0
0
0
1
0
0
0
0
0
0
0
0
0
0
0
0
0
0
0
0
0
0
0
0
0
6
0
0
0
3
0
0
0
8
0
2
0
0
0
13
0
0
0
0
0
0
0
0
0
9
0
0
0
0
0
1
0
9
0
0
0
0
0
9
0
0
0
7
0
0
0
0
0
347
0
0
0
11
0
0
0
5
0
0
0
0
0
0
0
1
0
0
0
0
0
0
0
0
0
0
0
0
0
7
0
5
0
0
0
0
0
0
0
0
0
0
0
0
0
0
0
0
0
0
0
0
0
5
0
0
0
0
0
0
0
0
0
0
0
0
0
2
0
0
0
0
0
2
0
1
0
0
0
8
0
0
0
0
0
0
0
0
0
2
0
0
0
3
0
0
0
14
0
0
0
0
0
4
0
0
0
0
0
0
0
0
0
0
0
0
0
16
0
4
0
0
0
0
0
4
0
0
0
0
0
0
0
0
0
0
0
0
0
0
0
0
0
0
0
0
0
0
0
0
0
0
0
0
0
0
0
6
0
0
0
7
0
0
0
0
0
0
0
0
0
4
0
0
0
3
0
3
0
0
0
0
0
6
0
1
0
9
0
7
0
0
0
0
0
0
0
0
0
0
0
0
0
0
0
4
0
0
0
6
0
0
0
0
0
0
0
0
0
0
0
0
0
4
0
0
0
0
0
0
0
0
0
0
0
0
0
3
0
0
0
0
0
0
0
0
0
0
0
0
0
0
0
2
0
0
0
0
0
0
0
6
0
4
0
7
0
3
0
6
0
0
0
0
0
2
0
0
0
10
0
2
0
0
0
9
0
0
0
0
0
6
0
12
0
12
0
0
0
0
0
0
0
5
0
7
0
2
0
7
0
0
0
0
0
0
0
4
0
0
0
1
0
0
0
0
0
0
0
2
0
0
0
0
0
5
0
0
0
0
0
0
0
0
0
3
0
5
0
0
0
0
0
3
0
14
0
0
0
0
0
0
0
2
0
0
0
0
0
0
0
4
0
3
0
0
0
0
0
0
0
0
0
3
0
0
0
0
0
2
0
0
0
1
0
0
0
0
0
0
0
5
0
0
0
0
0
0
0
0
0
7
0
7
0
4
0
0
0
0
0
14
0
6
0
13
0
0
0
0
0
1
0
0
0
0
0
0
0
0
0
0
0
0
0
0
0
15
0
0
0
0
0
7
0
7
0
7
0
9
0
0
0
0
0
0
0
0
0
0
0
2
0
7
0
3
0
2
0
0
0
8
0
3
0
0
0
0
0
0
0
0
0
4
0
0
0
0
0
0
0
0
0
0
0
0
0
2
0
8
0
4
0
6
0
0
0
4
0
0
0
0
0
0
0
0
0
0
0
0
0
12
0
0
0
6
0
0
0
1
0
1
0
2
0
1
0
0
0
0
0
7
0
