0
0
0
0
0
3
0
7
0
4
0
0
0
1
0
9
0
0
0
0
0
1
0
0
0
0
0
4
0
0
0
0
0
0
0
7
0
0
0
6
0
2
0
0
0
0
0
0
0
0
0
0
0
0
0
9
0
0
0
0
0
0
0
11
0
0
0
0
0
4
0
3
0
0
0
0
0
0
0
0
0
0
0
0
0
0
0
0
0
0
0
3
0
0
0
0
0
0
0
0
0
2
0
0
0
0
0
0
0
4
0
13
0
0
0
0
0
0
0
0
0
0
0
0
0
0
0
3
0
6
0
0
0
0
0
0
0
0
0
0
0
3
0
7
0
4
0
0
0
0
0
0
0
0
0
0
0
0
0
0
0
4
0
8
0
0
0
5
0
416
323
479
434
496
457
514
470
519
479
530
531
536
502
614
561
632
599
667
670
671
636
673
635
686
688
688
689
689
688
688
689
691
691
692
536
531
498
541
528
520
474
525
475
520
230
491
222
277
258
265
258
249
178
239
143
238
145
220
79
167
45
189
25
144
0
111
0
55
0
0
0
14
0
10
0
5
0
0
0
0
0
1
0
1
0
0
0
0
0
0
0
0
0
0
0
2
0
0
0
0
0
0
0
0
0
0
0
4
0
3
0
2
0
0
0
1
0
0
0
10
0
11
0
10
0
0
0
0
0
7
0
0
0
0
0
10
0
12
0
0
0
0
0
8
0
3
0
11
0
0
0
0
0
0
0
0
0
1
0
0
0
0
0
0
0
14
0
0
0
0
0
6
0
0
0
5
0
2
0
6
0
0
0
0
0
4
0
5
0
0
0
0
0
0
0
10
0
4
0
0
0
1
0
0
0
7
0
0
0
14
0
0
0
0
0
0
0
0
0
0
0
5
0
0
0
1
0
0
0
0
0
0
0
0
0
0
0
0
0
12
0
0
0
1
0
1
0
14
0
6
0
2
0
0
0
3
0
0
0
0
0
0
0
0
0
0
0
0
0
3
0
0
0
0
0
0
0
529
0
0
0
0
0
10
0
0
0
0
0
1
0
0
0
0
0
0
0
0
0
1
0
0
0
0
0
7
0
5
0
4
0
0
0
0
0
5
0
0
0
0
0
0
0
7
0
4
0
3
0
4
0
21
0
18
0
0
0
0
0
0
0
0
0
0
0
2
0
0
0
0
0
0
0
3
0
0
0
0
0
0
0
0
0
4
0
28
0
3
0
0
0
9
0
0
0
0
0
0
0
4
0
0
0
0
0
0
0
0
0
7
0
0
0
0
0
0
0
0
0
0
0
0
0
0
0
0
0
0
0
0
0
1
0
0
0
1
0
4
0
5
0
0
0
3
0
0
0
5
0
0
0
0
0
15
0
15
0
0
0
0
0
0
0
0
0
16
0
0
0
0
0
0
0
0
0
0
0
0
0
0
0
0
0
0
0
0
0
0
0
0
0
0
0
6
0
0
0
0
0
0
0
0
0
2
0
7
0
2
0
13
0
0
0
0
0
0
0
0
0
0
0
0
0
0
0
0
0
0
0
0
0
0
0
0
0
3
0
0
0
0
0
0
0
12
0
5
0
0
0
0
0
0
0
4
0
0
0
12
0
0
0
10
0
0
0
0
0
0
0
0
0
0
0
0
0
1
0
0
0
11
0
4
0
0
0
0
0
2
0
5
0
0
0
0
0
0
0
0
0
0
0
0
0
2
0
4
0
0
0
8
0
9
0
0
0
0
0
9
0
8
0
0
0
0
0
4
0
0
0
0
0
0
0
0
0
1
0
2
0
2
0
0
0
14
0
1
0
0
0
2
0
2
0
0
0
0
0
1
0
0
0
2
0
0
0
0
0
0
0
0
0
0
0
1
0
0
0
0
0
3
0
0
0
0
0
0
0
0
0
0
0
0
0
13
0
0
0
0
0
0
0
0
0
0
0
1
0
3
0
0
0
0
0
1
0
1
0
0
0
0
0
12
0
2
0
0
0
0
0
1
0
0
0
0
0
0
0
0
0
1
0
0
0
2
0
1
0
0
0
6
0
17
0
0
0
6
0
0
0
0
0
0
0
0
0
2
0
0
0
6
0
1
0
0
0
5
0
0
0
0
0
14
0
0
0
0
0
0
0
0
0
0
0
0
0
0
0
0
0
0
0
0
0
0
0
0
0
0
0
0
0
1
0
4
0
0
0
13
0
0
0
0
0
0
0
0
0
0
0
0
0
5
0
0
0
3
0
0
0
2
0
14
0
2
0
14
0
0
0
0
0
