0
0
0
0
0
0
0
0
0
0
0
4
0
0
0
3
0
1
0
5
0
0
0
0
0
0
0
0
0
3
0
0
0
0
0
0
0
0
0
0
0
13
0
0
0
0
0
0
0
3
0
0
0
2
0
0
0
0
0
0
0
4
0
0
0
0
0
2
0
12
0
0
0
0
0
0
0
0
0
0
0
0
0
2
0
3
0
4
0
0
0
4
0
0
0
0
0
6
0
0
0
0
0
0
0
0
0
0
0
0
0
0
0
0
0
0
0
0
0
0
0
0
0
0
0
7
0
8
0
0
0
2
0
0
0
0
0
0
0
9
0
2
0
0
0
0
0
0
0
0
0
2
0
12
0
3
0
0
0
8
0
6
0
2
0
0
0
0
0
0
0
0
0
0
0
0
0
0
0
5
0
8
0
0
0
3
0
4
0
7
0
0
0
0
0
0
0
0
0
5
0
6
0
2
0
0
0
4
0
0
0
4
0
10
0
0
0
0
0
0
0
0
0
1
0
0
0
5
0
0
0
1
0
6
0
2
0
0
0
0
0
0
0
0
0
18
0
8
0
11
0
0
0
0
0
0
0
3
0
0
0
0
0
6
0
5
0
0
0
0
0
7
0
0
0
6
0
0
0
0
0
0
0
0
0
0
0
8
0
0
0
0
0
0
0
7
0
0
0
0
0
0
0
0
0
0
0
5
0
3
0
2
0
128
57
136
77
151
94
187
69
168
84
186
90
177
123
226
168
277
108
187
124
230
172
305
248
331
169
247
194
296
240
350
215
355
244
350
297
378
239
381
252
354
290
386
287
390
287
361
312
388
296
395
322
396
351
413
371
428
336
404
353
423
378
440
442
411
369
426
386
441
399
450
382
441
400
457
415
470
408
468
424
478
435
481
411
465
426
474
476
480
439
484
426
485
424
489
438
494
500
503
504
505
507
507
468
509
470
508
505
504
435
490
450
509
471
542
489
554
517
612
568
654
614
719
687
753
681
727
312
632
5
439
381
453
0
443
0
10
0
8
0
1
0
0
0
0
0
6
0
2
0
0
0
0
0
12
0
0
0
10
0
5
0
0
0
0
0
0
0
0
0
0
0
0
0
2
0
0
0
0
0
5
0
9
0
0
0
0
0
0
0
0
0
2
0
0
0
0
0
5
0
0
0
4
0
5
0
0
0
5
0
4
0
0
0
0
0
8
0
10
0
4
0
0
0
0
0
0
0
12
0
0
0
0
0
0
0
10
0
2
0
0
0
1
0
0
0
0
0
3
0
3
0
3
0
0
0
0
0
2
0
0
0
0
0
6
0
0
0
0
0
15
0
0
0
0
0
0
0
0
0
9
0
0
0
0
0
0
0
0
0
0
0
1
0
0
0
6
0
0
0
0
0
0
0
1
0
0
0
0
0
0
0
15
0
2
0
0
0
2
0
0
0
13
0
0
0
6
0
3
0
0
0
0
0
0
0
1
0
8
0
0
0
11
0
2
0
0
0
0
0
2
0
11
0
0
0
0
0
0
0
0
0
0
0
5
0
0
0
0
0
0
0
0
0
0
0
13
0
0
0
0
0
2
0
0
0
8
0
0
0
1
0
9
0
1
0
0
0
0
0
2
0
0
0
0
0
2
0
0
0
2
0
0
0
0
0
11
0
6
0
0
0
0
0
0
0
0
0
0
0
0
0
0
0
5
0
1
0
0
0
4
0
7
0
0
0
0
0
11
0
0
0
0
0
6
0
4
0
3
0
0
0
0
0
6
0
0
0
4
0
10
0
0
0
0
0
3
0
0
0
0
0
0
0
12
0
2
0
0
0
0
0
0
0
0
0
0
0
0
0
2
0
10
0
0
0
0
0
0
0
0
0
0
0
0
0
0
0
0
0
0
0
0
0
9
0
0
0
0
0
0
0
0
0
0
0
0
0
0
0
0
0
11
0
0
0
0
0
0
0
0
0
0
0
0
0
0
0
6
0
0
0
0
0
0
0
0
0
0
0
11
0
0
0
6
0
0
0
6
0
0
0
0
0
0
0
0
0
0
0
7
0
1
0
10
0
10
0
0
0
0
0
0
0
10
0
8
0
0
0
4
0
0
0
4
0
0
0
3
0
0
0
7
0
0
0
0
0
0
0
0
0
8
0
0
0
6
0
0
0
0
0
1
0
0
0
0
0
5
0
0
0
0
0
0
0
4
0
0
0
0
0
0
0
0
0
1
0
9
0
5
0
9
0
5
0
10
0
0
0
0
0
0
0
1
0
5
0
