0
0
0
0
0
24
0
0
0
0
0
0
0
4
0
5
0
9
0
0
0
9
0
121
72
502
465
533
487
587
586
584
537
582
180
553
105
198
0
15
0
16
0
2
0
0
0
0
0
2
0
0
0
0
0
0
0
0
0
0
0
9
0
7
0
0
0
0
0
6
0
0
0
10
0
4
0
9
0
0
0
0
0
0
0
0
0
8
0
0
0
0
0
0
0
0
0
0
0
3
0
5
0
3
0
2
0
0
0
1
0
0
0
4
0
0
0
2
0
0
0
0
0
9
0
0
0
0
0
0
0
0
0
5
0
9
0
0
0
1
0
0
0
0
0
0
0
0
0
0
0
0
0
0
0
0
0
0
0
0
0
10
0
0
0
0
0
0
0
0
0
0
0
0
0
1
0
0
0
0
0
0
0
11
0
0
0
0
0
5
0
0
0
0
0
0
0
0
0
0
0
0
0
0
0
10
0
0
0
0
0
5
0
0
0
10
0
0
0
0
0
0
0
1
0
0
0
0
0
0
0
20
0
10
0
0
0
8
0
0
0
0
0
0
0
3
0
0
0
0
0
0
0
0
0
0
0
3
0
0
0
7
0
0
0
3
0
0
0
0
0
0
0
0
0
3
0
0
0
0
0
0
0
0
0
35
0
0
0
0
0
0
0
0
0
0
0
0
0
0
0
2
0
0
0
0
0
0
0
0
0
13
0
0
0
7
0
4
0
0
0
8
0
1
0
0
0
4
0
0
0
0
0
0
0
10
0
0
0
0
0
12
0
0
0
0
0
0
0
0
0
0
0
0
0
0
0
0
0
0
0
1
0
0
0
0
0
3
0
0
0
0
0
0
0
1
0
0
0
1
0
0
0
13
0
0
0
0
0
0
0
15
0
3
0
0
0
0
0
12
0
5
0
3
0
2
0
0
0
4
0
5
0
1
0
2
0
0
0
0
0
0
0
0
0
0
0
0
0
0
0
6
0
17
0
20
0
5
0
0
0
0
0
2
0
0
0
330
0
0
0
0
0
3
0
0
0
0
0
0
0
0
0
0
0
0
0
0
0
0
0
4
0
0
0
0
0
0
0
1
0
0
0
12
0
0
0
0
0
2
0
10
0
2
0
4
0
0
0
0
0
0
0
0
0
0
0
0
0
2
0
0
0
4
0
0
0
7
0
8
0
0
0
6
0
0
0
0
0
3
0
0
0
0
0
7
0
0
0
0
0
0
0
0
0
14
0
0
0
0
0
1
0
0
0
0
0
0
0
0
0
0
0
0
0
19
0
12
0
0
0
0
0
5
0
0
0
0
0
14
0
0
0
0
0
0
0
0
0
0
0
0
0
0
0
0
0
1
0
0
0
11
0
0
0
0
0
0
0
0
0
0
0
0
0
0
0
0
0
0
0
3
0
1
0
5
0
0
0
0
0
0
0
1
0
10
0
0
0
0
0
0
0
5
0
16
0
0
0
0
0
0
0
4
0
0
0
0
0
0
0
3
0
0
0
0
0
0
0
0
0
0
0
0
0
0
0
0
0
0
0
0
0
0
0
0
0
5
0
7
0
4
0
1
0
0
0
9
0
0
0
7
0
0
0
0
0
0
0
4
0
0
0
0
0
0
0
0
0
0
0
0
0
1
0
0
0
2
0
0
0
5
0
0
0
0
0
3
0
1
0
0
0
0
0
0
0
0
0
0
0
0
0
8
0
0
0
0
0
0
0
1
0
1
0
8
0
0
0
0
0
5
0
0
0
0
0
0
0
0
0
0
0
8
0
0
0
0
0
8
0
0
0
2
0
0
0
0
0
0
0
2
0
0
0
0
0
6
0
0
0
0
0
0
0
0
0
2
0
2
0
1
0
0
0
0
0
18
0
0
0
0
0
0
0
0
0
0
0
0
0
0
0
0
0
0
0
0
0
0
0
0
0
0
0
0
0
0
0
3
0
0
0
3
0
1
0
0
0
0
0
0
0
4
0
6
0
0
0
0
0
0
0
0
0
0
0
0
0
0
0
0
0
0
0
0
0
0
0
0
0
0
0
6
0
0
0
0
0
8
0
6
0
0
0
1
0
0
0
0
0
0
0
0
0
0
0
0
0
0
0
4
0
0
0
8
0
0
0
10
0
0
0
0
0
12
0
0
0
0
0
1
0
0
0
0
0
0
0
2
0
0
0
0
0
5
0
1
0
5
0
0
0
0
0
0
0
0
0
0
0
16
0
0
0
0
0
0
0
0
0
5
0
1
0
0
0
1
0
1
0
