0
30
0
32
0
25
0
21
0
29
0
25
0
23
0
9
0
19
0
20
0
43
0
25
0
20
0
10
0
36
0
32
0
25
0
10
0
18
0
34
0
36
0
21
0
37
0
17
0
4
0
13
0
4
0
25
0
24
0
31
0
39
0
46
0
10
0
29
0
27
0
24
0
26
0
12
0
11
0
14
0
44
0
29
0
25
0
20
0
4
0
24
0
31
0
17
0
25
0
20
0
28
0
21
0
42
0
17
0
17
0
7
0
18
0
43
0
14
0
7
0
14
0
17
0
9
0
14
0
7
0
11
0
23
0
17
0
4
0
11
0
25
0
23
0
38
0
49
0
22
0
12
0
17
0
14
0
22
0
11
0
31
0
21
0
43
0
27
0
20
0
36
0
28
0
35
0
10
0
38
0
22
0
27
0
24
0
22
0
38
0
16
0
24
0
16
0
34
0
25
0
14
0
12
0
12
0
39
0
20
0
23
0
13
0
23
0
28
0
35
0
23
0
32
0
28
0
37
0
20
0
16
0
32
0
27
0
28
0
17
0
29
0
8
0
43
0
32
0
12
0
28
0
33
0
22
0
24
0
10
0
9
0
13
0
25
0
21
0
31
0
27
0
20
0
17
0
26
0
12
0
26
0
8
0
27
0
22
0
20
0
45
0
18
0
30
0
25
0
28
0
30
0
13
0
32
0
27
0
28
0
25
0
8
0
11
0
13
0
29
0
22
0
35
0
22
0
20
0
20
0
31
0
13
0
24
0
23
0
35
0
35
0
11
0
11
0
31
0
36
0
20
0
18
0
28
0
24
0
24
0
27
0
2
0
21
0
17
0
48
0
43
0
37
0
43
0
21
0
19
0
20
0
34
0
14
0
38
0
28
0
22
0
25
0
29
0
11
0
37
0
20
0
29
0
19
0
14
0
27
0
0
0
39
0
19
0
46
0
17
0
15
0
32
0
14
0
19
0
18
0
30
0
31
0
14
0
7
0
16
0
25
0
28
0
41
0
28
0
29
0
24
0
43
0
16
0
8
0
19
0
24
0
28
0
29
0
24
0
20
0
14
0
51
0
27
0
35
0
21
0
34
0
10
0
18
0
20
0
13
0
28
0
28
0
15
0
17
0
18
0
13
0
21
0
40
0
11
0
32
0
18
0
24
0
16
0
30
0
26
0
33
0
5
0
21
0
18
0
26
0
7
0
17
0
33
0
17
0
34
0
15
0
22
0
18
0
16
0
32
0
23
0
26
0
29
0
14
0
25
0
16
0
17
0
5
0
18
0
12
0
23
0
34
0
14
0
10
0
30
0
21
0
13
0
4
0
24
0
21
0
19
0
20
0
16
0
8
0
13
0
13
0
20
0
27
0
17
0
35
0
41
0
15
0
34
0
18
0
24
0
22
0
46
0
26
0
18
0
20
0
17
0
27
0
39
0
22
0
25
0
34
0
9
0
13
0
46
0
53
0
13
0
53
0
23
0
15
0
11
0
25
0
3
0
40
0
16
0
20
0
24
0
16
0
32
0
19
0
12
0
18
0
14
0
22
0
55
0
21
0
14
0
24
0
21
0
10
0
26
0
26
0
24
0
22
0
27
0
39
0
11
0
28
0
4
0
17
0
14
0
23
0
25
0
12
0
48
0
15
0
15
0
38
0
27
0
13
0
33
0
12
0
10
0
12
0
40
0
21
0
20
0
6
0
15
0
22
0
27
0
16
0
28
0
26
0
8
0
20
0
25
0
21
0
26
0
21
0
22
0
14
0
31
0
22
0
25
0
19
0
26
0
27
0
29
0
34
0
18
0
23
0
26
0
13
0
29
0
38
0
8
0
8
0
28
0
10
0
15
0
28
0
39
0
19
0
14
0
29
0
32
0
5
0
2
0
15
0
9
0
6
0
30
0
13
0
20
0
17
0
14
0
16
0
21
0
16
0
19
0
24
0
11
0
1
0
13
0
33
0
36
0
24
0
34
0
19
0
17
0
29
0
24
0
41
0
27
0
22
0
23
0
20
0
51
0
22
0
20
0
27
0
7
0
30
0
40
0
30
0
17
0
7
0
29
0
16
0
6
0
27
0
15
0
17
0
18
0
45
0
22
0
28
0
10
0
27
0
22
0
24
0
19
0
54
0
8
0
37
0
16
0
37
0
19
0
21
0
416
351
520
0
542
0
244
0
14
0
7
0
25
0
27
0
11
0
13
0
10
0
8
0
21
0
18
0
11
0
12
0
26
0
28
0
23
0
17
0
8
0
