0
20
0
28
0
31
0
22
0
18
0
15
0
51
0
13
0
25
0
35
0
31
0
23
0
21
0
16
0
21
0
20
0
33
0
0
0
42
0
6
0
24
0
28
0
14
0
38
0
11
0
32
0
19
0
22
0
45
0
20
0
13
0
12
0
9
0
27
0
25
0
24
0
18
0
10
0
21
0
19
0
14
0
25
0
28
0
31
0
56
0
10
0
18
0
28
0
23
0
42
0
23
0
18
0
7
0
10
0
30
0
40
0
19
0
25
0
27
0
17
0
24
0
9
0
23
0
17
0
29
0
23
0
28
0
13
0
25
0
23
0
20
0
16
0
24
0
12
0
16
0
10
0
23
0
28
0
18
0
14
0
30
0
24
0
20
0
39
0
19
0
30
0
24
0
14
0
18
0
15
0
22
0
21
0
20
0
20
0
13
0
26
0
18
0
28
0
24
0
28
0
14
0
28
0
28
0
21
0
38
0
39
0
28
0
27
0
32
0
19
0
19
0
25
0
17
0
21
0
24
0
13
0
7
0
16
0
6
0
21
0
29
0
20
0
35
0
27
0
22
0
17
0
24
0
18
0
35
0
10
0
15
0
21
0
36
0
9
0
24
0
32
0
32
0
15
0
32
0
25
0
17
0
29
0
17
0
17
0
22
0
31
0
17
0
24
0
26
0
19
0
20
0
20
0
15
0
16
0
15
0
19
0
34
0
32
0
49
0
0
0
40
0
28
0
16
0
15
0
17
0
29
0
20
0
17
0
18
0
16
0
23
0
14
0
20
0
14
0
3
0
15
0
27
0
14
0
15
0
31
0
39
0
29
0
19
0
12
0
8
0
29
0
6
0
2
0
25
0
8
0
21
0
14
0
13
0
26
0
32
0
30
0
36
0
29
0
20
0
11
0
19
0
26
0
10
0
21
0
30
0
15
0
41
0
39
0
10
0
24
0
8
0
34
0
29
0
6
0
23
0
22
0
21
0
10
0
38
0
11
0
22
0
26
0
15
0
37
0
33
0
20
0
20
0
18
0
19
0
22
0
24
0
13
0
8
0
35
0
23
0
21
0
21
0
38
0
0
0
19
0
24
0
20
0
35
0
22
0
5
0
20
0
21
0
18
0
33
0
19
0
10
0
36
0
25
0
21
0
8
0
24
0
22
0
38
0
28
0
13
0
33
0
12
0
26
0
25
0
16
0
33
0
12
0
27
0
8
0
3
0
18
0
32
0
35
0
32
0
35
0
16
0
28
0
38
0
26
0
24
0
18
0
46
0
30
0
37
0
24
0
17
0
15
0
15
0
13
0
33
0
18
0
24
0
19
0
12
0
13
0
20
0
30
0
30
0
10
0
25
0
17
0
30
0
21
0
25
0
13
0
10
0
18
0
35
0
12
0
14
0
37
0
16
0
43
0
26
0
46
0
38
0
29
0
31
0
19
0
29
0
19
0
16
0
12
0
27
0
38
0
33
0
24
0
18
0
25
0
32
0
21
0
13
0
30
0
35
0
15
0
19
0
22
0
25
0
34
0
22
0
33
0
6
0
30
0
17
0
41
0
7
0
30
0
25
0
24
0
34
0
26
0
12
0
26
0
24
0
19
0
15
0
13
0
21
0
43
0
19
0
22
0
12
0
16
0
44
0
28
0
43
0
37
0
15
0
20
0
20
0
27
0
13
0
19
0
25
0
51
0
33
0
18
0
2
0
18
0
9
0
13
0
46
0
18
0
16
0
21
0
36
0
12
0
38
0
20
0
9
0
34
0
17
0
28
0
25
0
38
0
29
0
17
0
29
0
8
0
20
0
24
0
22
0
2
0
16
0
15
0
9
0
21
0
19
0
25
0
10
0
29
0
38
0
17
0
22
0
31
0
6
0
8
0
24
0
13
0
12
0
20
0
24
0
20
0
31
0
36
0
18
0
40
0
25
0
23
0
20
0
38
0
14
0
14
0
19
0
16
0
42
0
31
0
15
0
39
0
10
0
6
0
11
0
26
0
35
0
27
0
16
0
28
0
12
0
27
0
39
0
23
0
46
0
16
0
19
0
13
0
24
0
17
0
19
0
21
0
42
0
20
0
15
0
11
0
33
0
15
0
15
0
23
0
7
0
19
0
22
0
24
0
30
0
33
0
19
0
30
0
21
0
4
0
21
0
35
0
31
0
10
0
15
0
30
0
6
0
34
0
12
0
29
0
26
0
14
0
26
0
30
0
38
0
28
0
26
0
22
0
13
0
11
0
5
0
38
0
6
0
