0
29
0
20
0
20
0
20
0
13
0
26
0
16
0
7
0
27
0
6
0
26
0
18
0
18
0
9
0
15
0
32
0
19
0
22
0
0
0
11
0
13
0
31
0
20
0
25
0
40
0
18
0
18
0
20
0
21
0
19
0
25
0
60
0
21
0
27
0
30
0
35
0
10
0
18
0
33
0
34
0
23
0
10
0
20
0
16
0
10
0
32
0
12
0
4
0
20
0
17
0
15
0
20
0
8
0
25
0
13
0
26
0
26
0
36
0
27
0
29
0
23
0
18
0
31
0
23
0
14
0
12
0
27
0
16
0
31
0
37
0
8
0
46
0
14
0
21
0
17
0
34
0
14
0
15
0
19
0
15
0
5
0
25
0
16
0
3
0
17
0
9
0
18
0
24
0
14
0
37
0
16
0
18
0
17
0
16
0
15
0
26
0
28
0
18
0
22
0
39
0
11
0
30
0
12
0
18
0
14
0
10
0
9
0
24
0
20
0
27
0
30
0
23
0
17
0
21
0
14
0
10
0
28
0
46
0
26
0
21
0
12
0
13
0
21
0
29
0
21
0
17
0
22
0
15
0
10
0
0
0
22
0
32
0
17
0
24
0
20
0
32
0
8
0
15
0
13
0
14
0
12
0
10
0
3
0
14
0
22
0
21
0
45
0
28
0
21
0
27
0
25
0
12
0
24
0
27
0
19
0
32
0
16
0
4
0
13
0
29
0
21
0
16
0
11
0
24
0
26
0
28
0
17
0
18
0
16
0
24
0
20
0
22
0
49
0
9
0
15
0
33
0
16
0
14
0
9
0
40
0
32
0
23
0
22
0
38
0
22
0
13
0
39
0
11
0
10
0
23
0
19
0
39
0
25
0
34
0
28
0
26
0
27
0
19
0
25
0
22
0
27
0
29
0
4
0
6
0
8
0
32
0
26
0
30
0
33
0
12
0
3
0
16
0
21
0
22
0
14
0
40
0
10
0
8
0
5
0
9
0
17
0
24
0
21
0
3
0
16
0
28
0
12
0
29
0
16
0
14
0
18
0
7
0
26
0
37
0
26
0
32
0
18
0
8
0
6
0
12
0
8
0
24
0
22
0
27
0
22
0
19
0
20
0
37
0
25
0
35
0
12
0
12
0
24
0
20
0
26
0
16
0
12
0
11
0
34
0
20
0
12
0
19
0
21
0
32
0
35
0
30
0
13
0
25
0
14
0
23
0
19
0
26
0
34
0
30
0
16
0
17
0
20
0
15
0
16
0
32
0
17
0
34
0
44
0
21
0
7
0
17
0
14
0
28
0
21
0
8
0
44
0
15
0
32
0
24
0
23
0
5
0
16
0
29
0
14
0
21
0
29
0
27
0
34
0
26
0
38
0
24
0
16
0
16
0
28
0
9
0
24
0
22
0
27
0
14
0
26
0
9
0
22
0
22
0
8
0
16
0
30
0
23
0
37
0
12
0
19
0
13
0
28
0
7
0
58
0
29
0
24
0
12
0
23
0
3
0
4
0
4
0
22
0
34
0
27
0
29
0
22
0
24
0
22
0
17
0
33
0
19
0
24
0
13
0
26
0
21
0
11
0
31
0
8
0
17
0
26
0
18
0
13
0
17
0
24
0
12
0
17
0
24
0
20
0
18
0
24
0
17
0
19
0
34
0
19
0
27
0
40
0
18
0
30
0
5
0
25
0
25
0
22
0
15
0
23
0
22
0
22
0
30
0
23
0
2
0
15
0
41
0
30
0
39
0
6
0
31
0
6
0
28
0
25
0
20
0
43
0
21
0
23
0
40
0
21
0
22
0
23
0
41
0
16
0
22
0
43
0
22
0
26
0
38
0
10
0
19
0
14
0
25
0
14
0
30
0
21
0
11
0
35
0
8
0
6
0
14
0
0
0
16
0
25
0
16
0
21
0
25
0
17
0
14
0
30
0
12
0
14
0
35
0
26
0
15
0
14
0
18
0
22
0
14
0
28
0
28
0
21
0
36
0
10
0
13
0
25
0
24
0
14
0
14
0
28
0
24
0
33
0
24
0
16
0
34
0
14
0
18
0
29
0
15
0
25
0
20
0
17
0
15
0
17
0
21
0
40
0
15
0
10
0
20
0
23
0
8
0
34
0
13
0
14
0
23
0
36
0
26
0
48
0
14
0
19
0
40
0
24
0
31
0
9
0
32
0
29
0
18
0
18
0
14
0
27
0
20
0
23
0
12
0
14
0
28
0
11
0
11
0
14
0
40
0
23
0
16
0
