0
11
0
7
0
13
0
10
0
12
0
29
0
27
0
21
0
10
0
27
0
30
0
16
0
19
0
20
0
38
0
18
0
10
0
12
0
32
0
5
0
28
0
4
0
21
0
1
0
9
0
52
0
16
0
27
0
25
0
19
0
9
0
22
0
13
0
21
0
58
0
39
0
22
0
9
0
34
0
13
0
26
0
16
0
20
0
12
0
25
0
10
0
17
0
20
0
14
0
0
0
17
0
21
0
30
0
25
0
20
0
16
0
46
0
6
0
14
0
21
0
9
0
7
0
27
0
39
0
29
0
11
0
22
0
24
0
22
0
24
0
39
0
29
0
41
0
32
0
30
0
17
0
24
0
12
0
5
0
23
0
21
0
21
0
25
0
17
0
31
0
23
0
3
0
35
0
31
0
27
0
15
0
12
0
18
0
34
0
34
0
35
0
25
0
23
0
26
0
12
0
22
0
15
0
17
0
15
0
19
0
7
0
24
0
18
0
31
0
30
0
25
0
32
0
21
0
41
0
28
0
14
0
6
0
12
0
36
0
6
0
18
0
43
0
45
0
25
0
45
0
21
0
20
0
33
0
18
0
20
0
13
0
24
0
66
0
9
0
21
0
34
0
20
0
18
0
19
0
11
0
25
0
21
0
24
0
25
0
42
0
8
0
34
0
33
0
12
0
21
0
16
0
20
0
9
0
34
0
36
0
30
0
29
0
4
0
14
0
36
0
42
0
27
0
23
0
30
0
31
0
22
0
2
0
21
0
33
0
30
0
14
0
31
0
38
0
9
0
25
0
29
0
25
0
29
0
14
0
20
0
21
0
26
0
21
0
30
0
28
0
27
0
8
0
25
0
31
0
23
0
25
0
30
0
15
0
22
0
46
0
7
0
22
0
6
0
24
0
21
0
22
0
25
0
13
0
14
0
19
0
34
0
16
0
17
0
30
0
16
0
17
0
25
0
19
0
18
0
19
0
16
0
24
0
22
0
19
0
17
0
23
0
15
0
23
0
35
0
40
0
21
0
51
0
15
0
27
0
19
0
14
0
24
0
22
0
24
0
34
0
20
0
22
0
26
0
41
0
22
0
15
0
19
0
27
0
13
0
17
0
12
0
30
0
28
0
15
0
24
0
25
0
15
0
6
0
25
0
20
0
20
0
17
0
29
0
16
0
24
0
9
0
26
0
26
0
25
0
18
0
13
0
35
0
24
0
11
0
20
0
16
0
19
0
30
0
32
0
31
0
54
0
27
0
22
0
24
0
24
0
10
0
14
0
16
0
24
0
39
0
23
0
19
0
11
0
21
0
16
0
9
0
29
0
20
0
40
0
24
0
25
0
24
0
31
0
18
0
11
0
8
0
28
0
31
0
5
0
47
0
15
0
28
0
15
0
20
0
25
0
20
0
13
0
41
0
38
0
11
0
19
0
33
0
13
0
28
0
28
0
23
0
8
0
21
0
21
0
8
0
22
0
20
0
18
0
14
0
8
0
18
0
13
0
16
0
9
0
13
0
28
0
31
0
25
0
15
0
22
0
33
0
15
0
18
0
10
0
19
0
40
0
11
0
13
0
8
0
20
0
39
0
12
0
33
0
21
0
23
0
35
0
20
0
9
0
15
0
9
0
15
0
16
0
26
0
26
0
11
0
28
0
10
0
17
0
23
0
26
0
27
0
34
0
24
0
37
0
30
0
33
0
10
0
45
0
24
0
18
0
28
0
27
0
25
0
25
0
14
0
38
0
20
0
37
0
32
0
16
0
21
0
16
0
16
0
7
0
26
0
13
0
28
0
27
0
29
0
12
0
7
0
39
0
23
0
27
0
26
0
10
0
15
0
14
0
19
0
20
0
33
0
17
0
25
0
11
0
32
0
13
0
4
0
11
0
29
0
7
0
23
0
26
0
26
0
6
0
23
0
3
0
36
0
23
0
25
0
16
0
10
0
22
0
27
0
33
0
21
0
24
0
8
0
16
0
28
0
24
0
22
0
12
0
8
0
30
0
22
0
27
0
25
0
29
0
18
0
19
0
24
0
27
0
24
0
52
0
11
0
44
0
16
0
32
0
33
0
8
0
39
0
27
0
33
0
16
0
33
0
30
0
10
0
32
0
14
0
23
0
14
0
21
0
27
0
28
0
20
0
50
0
11
0
26
0
28
0
26
0
30
0
5
0
29
0
26
0
17
0
15
0
0
0
18
0
11
0
54
0
36
0
6
0
38
0
15
0
29
0
19
0
29
0
27
0
11
0
41
0
