0
21
0
17
0
17
0
15
0
13
0
44
0
27
0
36
0
10
0
12
0
27
0
38
0
28
0
14
0
18
0
39
0
25
0
19
0
38
0
0
0
2
0
25
0
27
0
28
0
35
0
15
0
19
0
10
0
22
0
46
0
16
0
30
0
16
0
37
0
25
0
12
0
10
0
21
0
33
0
17
0
28
0
22
0
22
0
39
0
13
0
22
0
14
0
26
0
38
0
19
0
10
0
16
0
5
0
11
0
18
0
23
0
33
0
20
0
24
0
19
0
25
0
43
0
20
0
17
0
14
0
21
0
35
0
23
0
31
0
27
0
11
0
16
0
16
0
6
0
31
0
2
0
29
0
43
0
39
0
16
0
24
0
17
0
36
0
18
0
35
0
24
0
37
0
28
0
37
0
27
0
10
0
9
0
16
0
28
0
20
0
25
0
28
0
16
0
12
0
19
0
26
0
40
0
23
0
18
0
5
0
34
0
8
0
20
0
17
0
25
0
33
0
17
0
33
0
18
0
34
0
32
0
16
0
20
0
39
0
22
0
24
0
16
0
5
0
19
0
18
0
18
0
3
0
41
0
20
0
23
0
10
0
18
0
20
0
37
0
34
0
16
0
31
0
16
0
10
0
21
0
22
0
20
0
20
0
24
0
13
0
16
0
29
0
8
0
17
0
41
0
13
0
33
0
29
0
24
0
32
0
9
0
26
0
21
0
34
0
28
0
30
0
32
0
37
0
12
0
15
0
47
0
22
0
22
0
11
0
9
0
21
0
34
0
24
0
34
0
9
0
25
0
14
0
18
0
29
0
43
0
35
0
27
0
19
0
31
0
20
0
12
0
30
0
33
0
18
0
7
0
21
0
24
0
12
0
25
0
18
0
8
0
23
0
16
0
21
0
24
0
16
0
14
0
19
0
16
0
34
0
32
0
14
0
14
0
19
0
16
0
30
0
18
0
21
0
27
0
12
0
6
0
18
0
28
0
38
0
26
0
31
0
28
0
54
0
22
0
24
0
44
0
5
0
38
0
36
0
10
0
36
0
10
0
25
0
16
0
23
0
41
0
21
0
17
0
19
0
17
0
18
0
10
0
24
0
11
0
22
0
18
0
39
0
17
0
19
0
26
0
33
0
27
0
6
0
5
0
14
0
17
0
29
0
3
0
20
0
25
0
27
0
0
0
12
0
8
0
17
0
24
0
23
0
16
0
11
0
22
0
17
0
0
0
11
0
18
0
25
0
42
0
9
0
26
0
22
0
25
0
31
0
11
0
29
0
20
0
16
0
17
0
33
0
8
0
13
0
21
0
11
0
16
0
24
0
13
0
19
0
26
0
31
0
24
0
14
0
14
0
23
0
13
0
34
0
15
0
45
0
29
0
19
0
15
0
24
0
32
0
6
0
20
0
10
0
31
0
22
0
22
0
4
0
31
0
8
0
28
0
19
0
40
0
28
0
24
0
28
0
28
0
41
0
28
0
18
0
11
0
20
0
18
0
20
0
41
0
19
0
26
0
16
0
25
0
34
0
21
0
25
0
14
0
11
0
38
0
31
0
34
0
15
0
42
0
36
0
5
0
10
0
17
0
20
0
19
0
21
0
28
0
40
0
20
0
17
0
20
0
9
0
18
0
28
0
25
0
12
0
38
0
35
0
20
0
18
0
23
0
25
0
9
0
48
0
50
0
28
0
14
0
18
0
23
0
26
0
31
0
10
0
22
0
33
0
12
0
16
0
40
0
19
0
27
0
14
0
21
0
39
0
18
0
20
0
15
0
15
0
11
0
11
0
22
0
32
0
20
0
21
0
36
0
26
0
10
0
22
0
35
0
30
0
34
0
25
0
20
0
22
0
3
0
21
0
23
0
25
0
30
0
17
0
21
0
24
0
13
0
18
0
10
0
31
0
13
0
23
0
23
0
15
0
18
0
22
0
20
0
21
0
11
0
3
0
27
0
30
0
13
0
13
0
21
0
24
0
19
0
29
0
17
0
32
0
21
0
30
0
16
0
14
0
15
0
30
0
22
0
20
0
30
0
26
0
21
0
21
0
27
0
24
0
28
0
27
0
10
0
17
0
4
0
14
0
17
0
40
0
21
0
36
0
26
0
21
0
25
0
24
0
11
0
20
0
11
0
20
0
38
0
5
0
20
0
21
0
21
0
13
0
28
0
196
0
0
0
23
0
37
0
14
0
28
0
38
0
22
0
21
0
14
0
24
0
12
0
32
0
14
0
18
0
14
0
7
0
35
0
