0
22
0
16
0
16
0
22
0
16
0
10
0
9
0
34
0
17
0
35
0
17
0
19
0
19
0
11
0
35
0
2
0
18
0
58
0
21
0
10
0
10
0
28
0
12
0
13
0
8
0
16
0
27
0
31
0
22
0
10
0
8
0
30
0
9
0
13
0
46
0
16
0
5
0
29
0
23
0
19
0
16
0
30
0
30
0
1
0
24
0
30
0
17
0
19
0
8
0
17
0
9
0
1
0
20
0
20
0
19
0
25
0
33
0
6
0
10
0
32
0
34
0
30
0
27
0
43
0
16
0
32
0
25
0
11
0
23
0
29
0
17
0
25
0
26
0
16
0
14
0
12
0
20
0
7
0
22
0
34
0
32
0
24
0
13
0
27
0
30
0
19
0
26
0
25
0
17
0
30
0
25
0
15
0
35
0
32
0
12
0
25
0
29
0
28
0
19
0
16
0
14
0
14
0
29
0
24
0
20
0
9
0
18
0
37
0
55
0
25
0
13
0
25
0
33
0
28
0
24
0
23
0
24
0
19
0
17
0
29
0
46
0
10
0
30
0
40
0
15
0
26
0
29
0
15
0
37
0
32
0
9
0
16
0
33
0
18
0
24
0
19
0
33
0
24
0
12
0
16
0
25
0
10
0
16
0
16
0
23
0
17
0
19
0
41
0
23
0
19
0
20
0
8
0
27
0
13
0
31
0
24
0
14
0
25
0
13
0
33
0
41
0
24
0
17
0
30
0
20
0
23
0
14
0
1
0
43
0
19
0
0
0
17
0
10
0
16
0
34
0
23
0
25
0
20
0
13
0
16
0
13
0
12
0
22
0
12
0
26
0
26
0
19
0
24
0
34
0
12
0
15
0
27
0
46
0
23
0
26
0
19
0
10
0
28
0
15
0
49
0
14
0
13
0
23
0
27
0
18
0
18
0
22
0
10
0
26
0
17
0
13
0
15
0
14
0
14
0
28
0
34
0
32
0
43
0
27
0
35
0
31
0
18
0
18
0
32
0
26
0
18
0
38
0
26
0
23
0
23
0
13
0
31
0
23
0
25
0
2
0
28
0
44
0
16
0
42
0
11
0
30
0
28
0
23
0
27
0
24
0
16
0
34
0
14
0
14
0
22
0
6
0
30
0
29
0
41
0
14
0
29
0
15
0
15
0
17
0
4
0
30
0
21
0
51
0
16
0
19
0
32
0
15
0
41
0
29
0
15
0
40
0
2
0
11
0
37
0
11
0
46
0
21
0
22
0
22
0
18
0
28
0
36
0
42
0
32
0
14
0
34
0
37
0
33
0
17
0
44
0
8
0
17
0
20
0
24
0
38
0
18
0
30
0
18
0
25
0
31
0
31
0
34
0
13
0
8
0
13
0
14
0
18
0
13
0
23
0
23
0
24
0
24
0
9
0
43
0
29
0
31
0
15
0
38
0
17
0
39
0
12
0
18
0
11
0
15
0
13
0
13
0
20
0
21
0
45
0
32
0
32
0
25
0
14
0
12
0
15
0
42
0
13
0
22
0
24
0
22
0
18
0
5
0
41
0
22
0
34
0
19
0
41
0
5
0
14
0
22
0
20
0
10
0
17
0
53
0
18
0
18
0
17
0
35
0
15
0
16
0
19
0
19
0
24
0
22
0
13
0
12
0
30
0
15
0
25
0
35
0
18
0
17
0
8
0
14
0
26
0
29
0
21
0
23
0
21
0
16
0
11
0
19
0
42
0
21
0
24
0
20
0
11
0
23
0
16
0
15
0
17
0
38
0
23
0
15
0
16
0
19
0
2
0
24
0
14
0
7
0
19
0
12
0
6
0
14
0
21
0
15
0
23
0
27
0
22
0
22
0
23
0
12
0
43
0
20
0
16
0
38
0
22
0
12
0
23
0
31
0
24
0
22
0
35
0
8
0
24
0
29
0
24
0
6
0
15
0
22
0
10
0
13
0
29
0
21
0
22
0
36
0
30
0
25
0
22
0
18
0
36
0
13
0
16
0
26
0
25
0
16
0
13
0
38
0
19
0
26
0
28
0
9
0
23
0
16
0
17
0
21
0
9
0
14
0
19
0
18
0
28
0
33
0
24
0
21
0
35
0
28
0
21
0
23
0
20
0
29
0
24
0
16
0
43
0
41
0
13
0
26
0
14
0
14
0
15
0
34
0
8
0
15
0
25
0
37
0
32
0
39
0
21
0
11
0
33
0
8
0
17
0
11
0
5
0
21
0
8
0
12
0
12
0
9
0
43
0
31
0
