0
9
0
30
0
28
0
17
0
11
0
32
0
34
0
21
0
11
0
13
0
17
0
20
0
4
0
29
0
29
0
31
0
34
0
20
0
12
0
10
0
15
0
38
0
45
0
17
0
48
0
20
0
11
0
25
0
23
0
29
0
16
0
12
0
18
0
32
0
8
0
40
0
33
0
2
0
19
0
16
0
17
0
8
0
23
0
30
0
12
0
33
0
25
0
13
0
25
0
40
0
13
0
18
0
46
0
25
0
6
0
12
0
16
0
36
0
22
0
19
0
13
0
33
0
29
0
15
0
17
0
16
0
32
0
20
0
27
0
26
0
16
0
10
0
25
0
26
0
33
0
18
0
35
0
26
0
29
0
39
0
19
0
6
0
7
0
22
0
28
0
20
0
26
0
19
0
39
0
8
0
14
0
18
0
10
0
10
0
17
0
30
0
29
0
18
0
26
0
14
0
19
0
32
0
13
0
19
0
19
0
28
0
12
0
17
0
18
0
24
0
9
0
12
0
8
0
17
0
24
0
9
0
14
0
10
0
42
0
18
0
22
0
25
0
25
0
27
0
33
0
21
0
13
0
24
0
24
0
17
0
20
0
20
0
4
0
11
0
13
0
21
0
18
0
17
0
24
0
21
0
19
0
25
0
13
0
20
0
17
0
22
0
18
0
34
0
10
0
38
0
6
0
2
0
13
0
26
0
25
0
15
0
6
0
24
0
22
0
11
0
38
0
7
0
25
0
28
0
9
0
27
0
27
0
10
0
8
0
2
0
31
0
0
0
16
0
17
0
30
0
12
0
21
0
28
0
15
0
19
0
12
0
26
0
20
0
44
0
6
0
25
0
23
0
29
0
20
0
13
0
41
0
10
0
12
0
13
0
38
0
9
0
14
0
24
0
18
0
0
0
6
0
13
0
16
0
20
0
20
0
0
0
8
0
27
0
15
0
21
0
20
0
15
0
3
0
17
0
36
0
34
0
17
0
40
0
14
0
32
0
16
0
34
0
11
0
18
0
25
0
22
0
21
0
0
0
23
0
21
0
19
0
13
0
37
0
7
0
44
0
12
0
22
0
32
0
7
0
6
0
14
0
8
0
20
0
27
0
32
0
27
0
12
0
18
0
21
0
17
0
22
0
48
0
18
0
41
0
36
0
24
0
20
0
32
0
30
0
15
0
24
0
8
0
23
0
30
0
11
0
12
0
14
0
13
0
36
0
40
0
31
0
18
0
6
0
15
0
9
0
9
0
15
0
23
0
24
0
22
0
25
0
15
0
21
0
24
0
23
0
8
0
21
0
12
0
37
0
16
0
17
0
26
0
25
0
25
0
20
0
14
0
32
0
30
0
25
0
21
0
20
0
29
0
19
0
5
0
10
0
24
0
20
0
20
0
15
0
16
0
3
0
16
0
26
0
15
0
22
0
22
0
8
0
14
0
16
0
12
0
22
0
32
0
14
0
8
0
12
0
30
0
12
0
11
0
16
0
21
0
12
0
24
0
21
0
20
0
47
0
27
0
26
0
6
0
41
0
23
0
42
0
23
0
12
0
15
0
13
0
39
0
18
0
14
0
27
0
21
0
7
0
19
0
22
0
24
0
38
0
18
0
18
0
18
0
14
0
0
0
24
0
10
0
24
0
12
0
17
0
3
0
5
0
20
0
16
0
20
0
24
0
15
0
13
0
25
0
17
0
15
0
14
0
19
0
8
0
0
0
22
0
34
0
23
0
26
0
17
0
13
0
24
0
10
0
15
0
24
0
18
0
14
0
25
0
31
0
22
0
33
0
24
0
23
0
3
0
19
0
28
0
27
0
7
0
33
0
31
0
37
0
35
0
18
0
26
0
12
0
14
0
3
0
13
0
13
0
27
0
7
0
12
0
25
0
41
0
32
0
20
0
26
0
10
0
8
0
8
0
18
0
15
0
26
0
16
0
4
0
26
0
10
0
11
0
11
0
11
0
25
0
15
0
11
0
36
0
22
0
28
0
43
0
11
0
22
0
49
0
11
0
19
0
12
0
19
0
16
0
44
0
18
0
19
0
19
0
28
0
24
0
21
0
26
0
16
0
0
0
22
0
24
0
12
0
25
0
21
0
14
0
22
0
16
0
21
0
16
0
20
0
29
0
22
0
21
0
14
0
25
0
20
0
14
0
20
0
18
0
18
0
19
0
111
0
30
0
29
0
29
0
23
0
10
0
37
0
17
0
35
0
5
0
28
0
14
0
20
0
17
0
26
0
13
0
5
0
28
0
