0
29
0
12
0
18
0
17
0
20
0
14
0
8
0
15
0
24
0
19
0
27
0
10
0
16
0
18
0
14
0
27
0
26
0
20
0
10
0
31
0
6
0
7
0
18
0
15
0
15
0
41
0
11
0
35
0
15
0
14
0
21
0
3
0
31
0
42
0
27
0
25
0
15
0
22
0
31
0
22
0
29
0
35
0
24
0
25
0
21
0
40
0
27
0
23
0
30
0
22
0
15
0
24
0
23
0
7
0
26
0
0
0
21
0
13
0
29
0
19
0
15
0
19
0
26
0
24
0
10
0
15
0
25
0
13
0
34
0
13
0
18
0
40
0
8
0
32
0
12
0
21
0
15
0
22
0
19
0
10
0
35
0
26
0
32
0
17
0
14
0
32
0
14
0
21
0
27
0
22
0
25
0
18
0
27
0
20
0
11
0
14
0
19
0
16
0
24
0
15
0
24
0
12
0
24
0
17
0
7
0
20
0
11
0
13
0
30
0
38
0
11
0
28
0
22
0
24
0
27
0
21
0
27
0
20
0
26
0
36
0
20
0
7
0
16
0
32
0
19
0
22
0
27
0
42
0
40
0
45
0
30
0
22
0
18
0
28
0
26
0
18
0
24
0
25
0
19
0
10
0
23
0
21
0
22
0
20
0
34
0
23
0
26
0
25
0
19
0
10
0
22
0
14
0
15
0
30
0
17
0
38
0
18
0
33
0
33
0
18
0
22
0
16
0
25
0
19
0
14
0
17
0
29
0
26
0
19
0
26
0
19
0
23
0
14
0
11
0
36
0
14
0
39
0
12
0
27
0
27
0
21
0
19
0
18
0
35
0
27
0
19
0
31
0
23
0
19
0
20
0
2
0
19
0
16
0
24
0
16
0
19
0
27
0
36
0
28
0
32
0
23
0
14
0
22
0
7
0
23
0
12
0
12
0
13
0
27
0
16
0
3
0
19
0
16
0
21
0
14
0
39
0
9
0
28
0
10
0
21
0
16
0
27
0
33
0
32
0
24
0
17
0
28
0
4
0
24
0
12
0
32
0
19
0
20
0
18
0
8
0
16
0
18
0
10
0
41
0
15
0
18
0
23
0
28
0
23
0
29
0
31
0
50
0
26
0
26
0
25
0
12
0
18
0
46
0
20
0
1
0
15
0
33
0
20
0
26
0
11
0
16
0
3
0
31
0
13
0
26
0
20
0
19
0
10
0
9
0
34
0
26
0
21
0
21
0
32
0
23
0
19
0
20
0
23
0
8
0
31
0
21
0
23
0
44
0
38
0
18
0
15
0
28
0
36
0
31
0
16
0
19
0
15
0
42
0
29
0
23
0
13
0
44
0
36
0
14
0
24
0
30
0
32
0
8
0
36
0
25
0
12
0
20
0
25
0
28
0
31
0
15
0
16
0
21
0
21
0
26
0
11
0
17
0
27
0
14
0
30
0
32
0
25
0
12
0
40
0
14
0
30
0
31
0
9
0
26
0
9
0
35
0
19
0
21
0
23
0
25
0
36
0
37
0
34
0
34
0
20
0
33
0
27
0
38
0
10
0
19
0
27
0
20
0
33
0
30
0
15
0
17
0
13
0
34
0
26
0
21
0
20
0
25
0
30
0
29
0
30
0
15
0
13
0
30
0
18
0
24
0
16
0
27
0
16
0
17
0
10
0
22
0
14
0
28
0
14
0
37
0
16
0
36
0
12
0
44
0
28
0
30
0
25
0
20
0
22
0
7
0
11
0
15
0
16
0
37
0
38
0
31
0
51
0
22
0
42
0
17
0
16
0
14
0
15
0
36
0
21
0
31
0
15
0
42
0
31
0
29
0
14
0
14
0
2
0
15
0
14
0
16
0
15
0
26
0
27
0
11
0
29
0
3
0
9
0
19
0
42
0
17
0
21
0
4
0
32
0
11
0
9
0
16
0
22
0
22
0
19
0
31
0
25
0
7
0
21
0
18
0
45
0
53
0
23
0
26
0
11
0
41
0
21
0
21
0
15
0
4
0
24
0
22
0
48
0
29
0
27
0
11
0
24
0
22
0
31
0
16
0
33
0
39
0
13
0
14
0
21
0
34
0
19
0
12
0
17
0
28
0
24
0
27
0
29
0
9
0
31
0
26
0
26
0
28
0
12
0
37
0
16
0
24
0
22
0
38
0
32
0
36
0
33
0
162
0
26
0
20
0
14
0
12
0
10
0
24
0
10
0
49
0
29
0
9
0
27
0
7
0
10
0
40
0
26
0
28
0
17
0
