0
23
0
17
0
21
0
29
0
21
0
13
0
13
0
15
0
23
0
23
0
29
0
31
0
5
0
17
0
7
0
12
0
17
0
29
0
31
0
8
0
24
0
46
0
22
0
21
0
14
0
23
0
13
0
29
0
26
0
12
0
40
0
39
0
16
0
32
0
17
0
12
0
22
0
49
0
19
0
32
0
46
0
17
0
19
0
19
0
26
0
8
0
21
0
34
0
25
0
22
0
26
0
18
0
31
0
34
0
17
0
21
0
30
0
24
0
23
0
33
0
32
0
16
0
30
0
29
0
14
0
19
0
10
0
15
0
13
0
17
0
16
0
18
0
22
0
19
0
16
0
28
0
2
0
20
0
32
0
16
0
9
0
31
0
4
0
10
0
42
0
27
0
40
0
28
0
16
0
21
0
11
0
9
0
32
0
24
0
38
0
9
0
23
0
16
0
32
0
20
0
15
0
31
0
30
0
9
0
16
0
29
0
37
0
7
0
16
0
22
0
26
0
10
0
21
0
27
0
13
0
17
0
14
0
29
0
30
0
35
0
48
0
13
0
13
0
25
0
13
0
19
0
29
0
31
0
12
0
35
0
12
0
16
0
22
0
18
0
17
0
20
0
30
0
28
0
28
0
41
0
29
0
35
0
29
0
24
0
22
0
9
0
7
0
28
0
30
0
28
0
33
0
14
0
12
0
60
0
16
0
42
0
20
0
16
0
26
0
19
0
21
0
22
0
29
0
10
0
11
0
32
0
31
0
11
0
21
0
10
0
21
0
25
0
40
0
28
0
19
0
16
0
26
0
25
0
10
0
48
0
33
0
17
0
15
0
21
0
15
0
13
0
33
0
23
0
15
0
11
0
20
0
30
0
10
0
49
0
32
0
8
0
28
0
24
0
16
0
19
0
33
0
28
0
12
0
24
0
25
0
21
0
18
0
24
0
32
0
19
0
24
0
32
0
12
0
26
0
8
0
18
0
25
0
47
0
5
0
20
0
21
0
19
0
46
0
20
0
14
0
18
0
33
0
18
0
15
0
21
0
20
0
28
0
46
0
14
0
26
0
28
0
23
0
17
0
35
0
33
0
13
0
25
0
18
0
22
0
49
0
16
0
18
0
29
0
27
0
41
0
29
0
9
0
18
0
25
0
17
0
15
0
12
0
23
0
17
0
35
0
30
0
20
0
25
0
27
0
21
0
34
0
26
0
6
0
26
0
22
0
18
0
35
0
32
0
2
0
32
0
23
0
6
0
33
0
14
0
18
0
37
0
28
0
0
0
22
0
13
0
4
0
12
0
17
0
10
0
27
0
18
0
23
0
21
0
15
0
27
0
11
0
44
0
27
0
18
0
12
0
16
0
22
0
27
0
29
0
13
0
24
0
37
0
20
0
24
0
10
0
34
0
26
0
14
0
17
0
15
0
24
0
25
0
27
0
42
0
19
0
9
0
14
0
38
0
11
0
11
0
8
0
29
0
29
0
18
0
5
0
38
0
28
0
18
0
11
0
10
0
18
0
14
0
16
0
14
0
11
0
14
0
30
0
22
0
14
0
7
0
9
0
17
0
21
0
23
0
11
0
17
0
29
0
26
0
12
0
21
0
21
0
11
0
14
0
8
0
17
0
22
0
18
0
50
0
25
0
14
0
16
0
19
0
12
0
5
0
24
0
12
0
43
0
20
0
16
0
25
0
24
0
23
0
24
0
32
0
17
0
40
0
17
0
33
0
22
0
12
0
19
0
25
0
14
0
33
0
17
0
43
0
19
0
52
0
17
0
23
0
18
0
20
0
13
0
13
0
24
0
11
0
34
0
21
0
22
0
32
0
23
0
22
0
18
0
24
0
18
0
26
0
25
0
15
0
30
0
21
0
6
0
28
0
26
0
28
0
15
0
1
0
15
0
20
0
22
0
23
0
33
0
8
0
12
0
12
0
25
0
19
0
21
0
13
0
12
0
26
0
16
0
11
0
9
0
26
0
7
0
22
0
22
0
27
0
9
0
15
0
14
0
16
0
7
0
23
0
13
0
19
0
6
0
20
0
24
0
25
0
21
0
21
0
18
0
19
0
21
0
20
0
19
0
23
0
14
0
23
0
4
0
36
0
12
0
35
0
22
0
23
0
6
0
46
0
14
0
7
0
28
0
10
0
35
0
31
0
14
0
32
0
20
0
165
0
10
0
4
0
50
0
31
0
16
0
19
0
27
0
17
0
8
0
28
0
14
0
42
0
16
0
9
0
8
0
20
0
13
0
