0
34
0
34
0
24
0
10
0
13
0
19
0
26
0
3
0
30
0
25
0
45
0
17
0
22
0
11
0
6
0
11
0
32
0
8
0
12
0
15
0
23
0
19
0
20
0
23
0
24
0
6
0
21
0
25
0
6
0
20
0
16
0
24
0
24
0
30
0
20
0
10
0
11
0
16
0
24
0
30
0
33
0
11
0
20
0
22
0
43
0
21
0
30
0
49
0
32
0
29
0
20
0
13
0
14
0
19
0
33
0
11
0
17
0
32
0
14
0
22
0
23
0
7
0
13
0
30
0
17
0
31
0
17
0
25
0
15
0
12
0
27
0
20
0
32
0
51
0
26
0
17
0
24
0
18
0
41
0
34
0
15
0
16
0
12
0
15
0
28
0
31
0
35
0
21
0
41
0
18
0
28
0
14
0
16
0
42
0
32
0
21
0
15
0
15
0
14
0
5
0
36
0
17
0
18
0
21
0
27
0
26
0
32
0
12
0
31
0
13
0
30
0
24
0
37
0
15
0
18
0
19
0
18
0
16
0
40
0
28
0
17
0
26
0
30
0
14
0
18
0
35
0
2
0
24
0
21
0
21
0
19
0
35
0
41
0
20
0
17
0
12
0
17
0
31
0
46
0
33
0
26
0
20
0
29
0
15
0
19
0
18
0
18
0
18
0
12
0
11
0
7
0
50
0
22
0
15
0
5
0
11
0
29
0
33
0
26
0
24
0
19
0
11
0
16
0
11
0
63
0
15
0
37
0
18
0
20
0
47
0
26
0
37
0
25
0
31
0
37
0
20
0
16
0
27
0
16
0
28
0
16
0
14
0
16
0
26
0
26
0
17
0
34
0
40
0
8
0
24
0
26
0
27
0
26
0
13
0
14
0
28
0
29
0
23
0
30
0
14
0
11
0
27
0
20
0
12
0
18
0
18
0
38
0
16
0
21
0
22
0
11
0
34
0
6
0
18
0
30
0
19
0
27
0
25
0
20
0
29
0
45
0
40
0
20
0
21
0
24
0
20
0
18
0
18
0
10
0
0
0
21
0
11
0
20
0
23
0
38
0
18
0
31
0
14
0
11
0
14
0
25
0
15
0
12
0
16
0
46
0
34
0
25
0
34
0
29
0
16
0
14
0
12
0
8
0
43
0
9
0
32
0
18
0
6
0
24
0
22
0
16
0
30
0
22
0
33
0
35
0
22
0
30
0
10
0
8
0
27
0
19
0
13
0
24
0
16
0
34
0
12
0
29
0
37
0
28
0
15
0
19
0
18
0
19
0
12
0
20
0
13
0
34
0
24
0
15
0
37
0
13
0
8
0
17
0
20
0
24
0
36
0
32
0
12
0
22
0
32
0
24
0
28
0
24
0
23
0
35
0
25
0
18
0
24
0
17
0
19
0
43
0
16
0
15
0
32
0
11
0
10
0
4
0
24
0
20
0
19
0
29
0
22
0
14
0
22
0
13
0
30
0
11
0
17
0
17
0
24
0
12
0
28
0
25
0
30
0
15
0
18
0
42
0
7
0
10
0
29
0
15
0
20
0
11
0
17
0
7
0
39
0
27
0
26
0
28
0
20
0
14
0
29
0
9
0
20
0
17
0
22
0
17
0
24
0
29
0
16
0
40
0
60
0
15
0
27
0
18
0
22
0
16
0
20
0
35
0
10
0
19
0
18
0
18
0
20
0
29
0
17
0
30
0
23
0
22
0
26
0
8
0
15
0
16
0
32
0
15
0
17
0
18
0
13
0
22
0
21
0
18
0
16
0
9
0
27
0
14
0
22
0
20
0
22
0
22
0
17
0
6
0
10
0
18
0
18
0
22
0
12
0
7
0
26
0
8
0
20
0
15
0
29
0
6
0
14
0
14
0
33
0
34
0
19
0
7
0
17
0
11
0
22
0
37
0
28
0
27
0
15
0
19
0
14
0
23
0
22
0
19
0
26
0
33
0
10
0
38
0
33
0
24
0
29
0
29
0
21
0
39
0
13
0
27
0
17
0
27
0
22
0
27
0
12
0
17
0
17
0
26
0
10
0
34
0
14
0
20
0
31
0
11
0
27
0
29
0
20
0
24
0
32
0
29
0
28
0
13
0
32
0
5
0
12
0
17
0
24
0
7
0
14
0
15
0
28
0
12
0
24
0
14
0
10
0
20
0
25
0
23
0
45
0
19
0
28
0
28
0
26
0
18
0
18
0
18
0
13
0
26
0
27
0
39
0
24
0
19
0
30
0
29
0
23
0
19
0
21
0
