0
19
0
17
0
15
0
15
0
29
0
34
0
9
0
24
0
43
0
30
0
15
0
9
0
20
0
14
0
23
0
19
0
40
0
22
0
23
0
16
0
20
0
20
0
28
0
18
0
25
0
25
0
9
0
32
0
5
0
11
0
14
0
26
0
13
0
22
0
27
0
13
0
22
0
10
0
4
0
10
0
13
0
14
0
23
0
19
0
18
0
25
0
9
0
1
0
26
0
16
0
31
0
26
0
17
0
10
0
24
0
17
0
16
0
18
0
32
0
17
0
3
0
38
0
32
0
21
0
28
0
10
0
39
0
32
0
31
0
5
0
41
0
18
0
20
0
26
0
17
0
28
0
22
0
24
0
11
0
24
0
41
0
21
0
33
0
30
0
40
0
9
0
36
0
26
0
25
0
16
0
33
0
13
0
27
0
21
0
14
0
22
0
30
0
24
0
17
0
21
0
21
0
25
0
32
0
34
0
15
0
19
0
29
0
9
0
18
0
12
0
27
0
23
0
24
0
26
0
22
0
14
0
14
0
18
0
40
0
13
0
30
0
21
0
30
0
12
0
12
0
28
0
15
0
0
0
9
0
16
0
16
0
27
0
16
0
33
0
20
0
11
0
54
0
11
0
42
0
8
0
27
0
13
0
45
0
7
0
36
0
36
0
41
0
17
0
19
0
3
0
14
0
38
0
25
0
8
0
27
0
27
0
21
0
11
0
30
0
11
0
28
0
13
0
8
0
17
0
26
0
9
0
20
0
24
0
19
0
16
0
14
0
14
0
13
0
33
0
14
0
12
0
4
0
14
0
6
0
16
0
23
0
25
0
10
0
14
0
8
0
12
0
8
0
22
0
5
0
10
0
11
0
17
0
9
0
28
0
27
0
28
0
26
0
39
0
20
0
18
0
23
0
19
0
17
0
30
0
23
0
28
0
12
0
25
0
9
0
32
0
25
0
14
0
8
0
6
0
31
0
17
0
25
0
11
0
24
0
20
0
25
0
18
0
28
0
17
0
16
0
20
0
22
0
12
0
18
0
9
0
17
0
23
0
8
0
13
0
14
0
29
0
17
0
11
0
19
0
9
0
25
0
10
0
40
0
12
0
30
0
24
0
25
0
31
0
27
0
3
0
30
0
0
0
55
0
4
0
21
0
21
0
16
0
15
0
15
0
8
0
35
0
11
0
19
0
30
0
32
0
35
0
15
0
23
0
28
0
19
0
16
0
21
0
15
0
16
0
25
0
25
0
27
0
29
0
20
0
30
0
21
0
19
0
24
0
32
0
18
0
20
0
31
0
27
0
24
0
21
0
16
0
14
0
10
0
22
0
32
0
12
0
26
0
8
0
26
0
17
0
26
0
20
0
17
0
12
0
28
0
21
0
15
0
26
0
36
0
15
0
17
0
30
0
27
0
20
0
26
0
20
0
25
0
22
0
30
0
35
0
29
0
17
0
21
0
16
0
21
0
26
0
28
0
24
0
21
0
19
0
27
0
13
0
15
0
19
0
8
0
11
0
27
0
23
0
38
0
29
0
18
0
7
0
28
0
21
0
12
0
31
0
46
0
19
0
21
0
2
0
16
0
36
0
8
0
8
0
12
0
11
0
9
0
30
0
17
0
16
0
22
0
25
0
11
0
12
0
16
0
36
0
32
0
21
0
20
0
26
0
17
0
24
0
15
0
26
0
38
0
2
0
25
0
19
0
47
0
18
0
14
0
23
0
21
0
12
0
30
0
16
0
27
0
16
0
29
0
29
0
26
0
23
0
10
0
26
0
35
0
17
0
26
0
23
0
30
0
20
0
44
0
16
0
17
0
10
0
23
0
14
0
35
0
15
0
26
0
52
0
21
0
19
0
31
0
35
0
39
0
21
0
29
0
7
0
22
0
32
0
16
0
14
0
19
0
10
0
13
0
16
0
23
0
6
0
7
0
19
0
28
0
17
0
9
0
26
0
11
0
17
0
34
0
28
0
29
0
17
0
33
0
10
0
15
0
24
0
6
0
22
0
28
0
24
0
22
0
22
0
35
0
14
0
14
0
21
0
20
0
31
0
5
0
23
0
16
0
24
0
16
0
24
0
23
0
28
0
9
0
11
0
20
0
6
0
18
0
18
0
17
0
12
0
18
0
25
0
16
0
18
0
15
0
8
0
25
0
25
0
16
0
17
0
7
0
11
0
25
0
14
0
15
0
40
0
10
0
48
0
14
0
23
0
6
0
13
0
15
0
33
0
10
0
7
0
11
0
16
0
