0
17
0
13
0
26
0
17
0
26
0
14
0
17
0
19
0
19
0
18
0
10
0
33
0
19
0
39
0
26
0
18
0
57
0
24
0
32
0
31
0
19
0
11
0
32
0
10
0
15
0
17
0
22
0
30
0
27
0
15
0
13
0
18
0
26
0
14
0
25
0
38
0
36
0
15
0
17
0
0
0
41
0
16
0
10
0
26
0
29
0
17
0
18
0
4
0
18
0
13
0
28
0
28
0
42
0
22
0
32
0
20
0
7
0
28
0
34
0
41
0
18
0
23
0
16
0
39
0
46
0
6
0
43
0
9
0
20
0
31
0
33
0
27
0
27
0
26
0
17
0
31
0
30
0
21
0
27
0
26
0
32
0
20
0
13
0
30
0
21
0
17
0
15
0
24
0
30
0
26
0
36
0
24
0
33
0
24
0
22
0
22
0
26
0
20
0
16
0
20
0
28
0
32
0
25
0
11
0
24
0
9
0
34
0
11
0
38
0
34
0
14
0
15
0
28
0
25
0
45
0
26
0
13
0
24
0
3
0
13
0
36
0
29
0
30
0
38
0
25
0
13
0
32
0
11
0
23
0
17
0
30
0
16
0
39
0
34
0
22
0
25
0
14
0
23
0
31
0
45
0
25
0
44
0
28
0
9
0
8
0
16
0
21
0
20
0
23
0
18
0
12
0
31
0
18
0
10
0
12
0
23
0
20
0
37
0
15
0
11
0
26
0
13
0
32
0
27
0
18
0
17
0
41
0
31
0
2
0
10
0
14
0
21
0
36
0
28
0
49
0
18
0
23
0
43
0
40
0
6
0
18
0
31
0
26
0
29
0
11
0
4
0
24
0
16
0
15
0
20
0
21
0
13
0
22
0
12
0
24
0
31
0
21
0
30
0
15
0
20
0
13
0
34
0
37
0
5
0
12
0
29
0
21
0
14
0
16
0
23
0
20
0
24
0
22
0
34
0
25
0
18
0
25
0
14
0
11
0
27
0
6
0
23
0
23
0
4
0
51
0
14
0
27
0
0
0
27
0
16
0
18
0
23
0
26
0
9
0
18
0
12
0
11
0
22
0
15
0
24
0
20
0
29
0
18
0
21
0
27
0
25
0
19
0
14
0
17
0
23
0
25
0
21
0
27
0
33
0
37
0
32
0
20
0
16
0
25
0
20
0
18
0
6
0
19
0
20
0
18
0
17
0
33
0
27
0
30
0
17
0
22
0
12
0
19
0
24
0
30
0
20
0
29
0
18
0
41
0
19
0
16
0
26
0
26
0
17
0
16
0
12
0
11
0
18
0
17
0
25
0
32
0
32
0
45
0
39
0
15
0
9
0
35
0
23
0
22
0
26
0
23
0
22
0
22
0
21
0
19
0
26
0
16
0
8
0
15
0
22
0
8
0
22
0
23
0
31
0
28
0
17
0
12
0
17
0
12
0
30
0
25
0
15
0
23
0
29
0
40
0
27
0
23
0
20
0
30
0
11
0
17
0
30
0
9
0
20
0
33
0
29
0
22
0
27
0
41
0
25
0
11
0
21
0
30
0
37
0
28
0
28
0
10
0
34
0
21
0
20
0
13
0
33
0
24
0
20
0
25
0
4
0
25
0
37
0
19
0
43
0
29
0
25
0
2
0
13
0
16
0
12
0
28
0
21
0
22
0
26
0
21
0
20
0
22
0
34
0
22
0
53
0
14
0
13
0
22
0
26
0
43
0
29
0
18
0
27
0
42
0
9
0
43
0
23
0
24
0
25
0
31
0
2
0
15
0
18
0
41
0
32
0
17
0
43
0
15
0
20
0
28
0
16
0
29
0
17
0
10
0
24
0
14
0
32
0
11
0
12
0
14
0
24
0
9
0
9
0
7
0
16
0
24
0
41
0
10
0
4
0
23
0
25
0
14
0
20
0
41
0
6
0
27
0
28
0
28
0
26
0
18
0
32
0
40
0
9
0
10
0
21
0
26
0
20
0
23
0
11
0
15
0
0
0
20
0
26
0
15
0
8
0
23
0
15
0
14
0
8
0
22
0
11
0
26
0
35
0
14
0
13
0
17
0
16
0
16
0
12
0
29
0
36
0
29
0
30
0
19
0
37
0
26
0
40
0
20
0
12
0
24
0
16
0
18
0
16
0
26
0
16
0
38
0
4
0
28
0
15
0
14
0
32
0
20
0
13
0
21
0
29
0
11
0
15
0
24
0
18
0
31
0
39
0
17
0
34
0
32
0
16
0
8
0
44
0
13
0
13
0
