0
21
0
27
0
16
0
30
0
18
0
34
0
27
0
23
0
40
0
11
0
25
0
17
0
9
0
19
0
17
0
19
0
18
0
11
0
6
0
9
0
19
0
20
0
33
0
6
0
24
0
26
0
32
0
17
0
22
0
25
0
14
0
29
0
24
0
16
0
11
0
13
0
50
0
21
0
21
0
18
0
35
0
27
0
33
0
32
0
23
0
35
0
37
0
30
0
12
0
30
0
17
0
19
0
12
0
21
0
33
0
25
0
11
0
29
0
28
0
5
0
13
0
20
0
13
0
25
0
18
0
20
0
30
0
42
0
20
0
15
0
32
0
15
0
53
0
33
0
53
0
17
0
23
0
12
0
21
0
9
0
26
0
27
0
25
0
19
0
34
0
33
0
36
0
13
0
13
0
12
0
24
0
31
0
10
0
9
0
16
0
42
0
29
0
27
0
6
0
30
0
39
0
9
0
47
0
13
0
32
0
29
0
51
0
16
0
22
0
16
0
31
0
8
0
26
0
11
0
17
0
34
0
27
0
14
0
12
0
12
0
35
0
26
0
29
0
19
0
32
0
21
0
33
0
19
0
15
0
8
0
25
0
14
0
18
0
37
0
11
0
30
0
16
0
19
0
14
0
28
0
27
0
34
0
30
0
22
0
51
0
24
0
13
0
11
0
30
0
43
0
17
0
36
0
20
0
19
0
7
0
26
0
15
0
7
0
23
0
16
0
27
0
19
0
20
0
34
0
31
0
13
0
16
0
35
0
21
0
13
0
12
0
24
0
20
0
24
0
12
0
35
0
11
0
29
0
20
0
35
0
17
0
5
0
26
0
27
0
48
0
11
0
6
0
19
0
40
0
27
0
10
0
15
0
17
0
3
0
11
0
26
0
17
0
20
0
32
0
3
0
22
0
8
0
2
0
20
0
17
0
24
0
8
0
14
0
25
0
35
0
19
0
12
0
8
0
32
0
32
0
17
0
15
0
18
0
21
0
13
0
33
0
14
0
14
0
16
0
18
0
8
0
36
0
24
0
28
0
20
0
6
0
14
0
22
0
31
0
36
0
22
0
11
0
12
0
33
0
24
0
15
0
35
0
18
0
11
0
5
0
15
0
19
0
14
0
27
0
23
0
30
0
9
0
18
0
25
0
11
0
32
0
24
0
11
0
38
0
3
0
26
0
19
0
5
0
41
0
8
0
16
0
18
0
23
0
11
0
17
0
27
0
4
0
9
0
11
0
8
0
28
0
13
0
13
0
30
0
20
0
33
0
31
0
31
0
34
0
21
0
17
0
17
0
12
0
45
0
19
0
36
0
12
0
27
0
11
0
34
0
23
0
37
0
13
0
12
0
18
0
19
0
27
0
32
0
26
0
31
0
14
0
33
0
17
0
38
0
13
0
16
0
20
0
29
0
30
0
21
0
39
0
27
0
26
0
15
0
18
0
24
0
32
0
41
0
23
0
28
0
33
0
26
0
27
0
33
0
25
0
28
0
30
0
17
0
11
0
37
0
13
0
29
0
14
0
33
0
16
0
24
0
21
0
26
0
25
0
7
0
20
0
20
0
29
0
31
0
28
0
24
0
20
0
16
0
9
0
42
0
45
0
10
0
28
0
13
0
11
0
21
0
18
0
14
0
11
0
26
0
11
0
30
0
28
0
20
0
15
0
18
0
44
0
19
0
19
0
23
0
21
0
8
0
12
0
18
0
21
0
24
0
7
0
20
0
22
0
23
0
19
0
46
0
22
0
31
0
32
0
11
0
25
0
24
0
20
0
34
0
10
0
24
0
38
0
0
0
21
0
8
0
31
0
36
0
28
0
14
0
10
0
12
0
19
0
19
0
28
0
12
0
18
0
14
0
28
0
24
0
17
0
16
0
8
0
7
0
19
0
32
0
32
0
15
0
14
0
10
0
13
0
15
0
13
0
45
0
29
0
19
0
27
0
18
0
15
0
27
0
15
0
13
0
18
0
23
0
26
0
17
0
24
0
11
0
40
0
32
0
24
0
36
0
30
0
25
0
32
0
21
0
17
0
25
0
40
0
34
0
31
0
22
0
23
0
2
0
20
0
23
0
11
0
13
0
23
0
0
0
14
0
5
0
15
0
18
0
31
0
24
0
16
0
13
0
37
0
17
0
19
0
13
0
12
0
35
0
2
0
6
0
25
0
26
0
204
0
23
0
17
0
19
0
30
0
27
0
20
0
9
0
14
0
25
0
12
0
22
0
19
0
24
0
19
0
42
0
24
0
