0
33
0
21
0
16
0
5
0
9
0
21
0
12
0
33
0
26
0
25
0
12
0
10
0
18
0
38
0
8
0
33
0
11
0
31
0
19
0
43
0
49
0
17
0
10
0
26
0
19
0
10
0
28
0
28
0
15
0
12
0
27
0
8
0
5
0
26
0
37
0
28
0
26
0
38
0
5
0
9
0
13
0
23
0
15
0
25
0
30
0
11
0
24
0
25
0
24
0
16
0
5
0
8
0
26
0
31
0
26
0
22
0
4
0
25
0
53
0
28
0
17
0
20
0
48
0
27
0
16
0
19
0
16
0
11
0
30
0
20
0
22
0
21
0
34
0
25
0
27
0
34
0
22
0
26
0
18
0
34
0
7
0
17
0
16
0
14
0
30
0
31
0
20
0
16
0
15
0
18
0
27
0
19
0
19
0
28
0
24
0
17
0
13
0
32
0
3
0
4
0
10
0
38
0
16
0
19
0
15
0
20
0
24
0
12
0
34
0
10
0
11
0
33
0
16
0
18
0
27
0
44
0
8
0
20
0
17
0
36
0
14
0
17
0
20
0
28
0
6
0
16
0
24
0
11
0
12
0
18
0
32
0
34
0
25
0
16
0
24
0
12
0
20
0
36
0
58
0
14
0
14
0
26
0
18
0
15
0
27
0
21
0
12
0
37
0
40
0
18
0
35
0
7
0
2
0
18
0
8
0
23
0
25
0
20
0
11
0
6
0
26
0
26
0
40
0
19
0
15
0
38
0
31
0
22
0
16
0
23
0
25
0
11
0
13
0
39
0
18
0
20
0
22
0
27
0
14
0
26
0
14
0
40
0
29
0
6
0
37
0
17
0
19
0
23
0
8
0
0
0
14
0
37
0
27
0
19
0
28
0
17
0
32
0
11
0
38
0
21
0
35
0
8
0
43
0
6
0
36
0
14
0
19
0
21
0
26
0
30
0
8
0
25
0
26
0
33
0
17
0
21
0
26
0
18
0
31
0
12
0
8
0
13
0
6
0
45
0
21
0
35
0
26
0
23
0
30
0
27
0
14
0
49
0
22
0
24
0
6
0
37
0
11
0
19
0
16
0
8
0
17
0
8
0
8
0
34
0
16
0
15
0
33
0
12
0
41
0
6
0
10
0
18
0
35
0
31
0
11
0
12
0
14
0
18
0
19
0
13
0
13
0
16
0
34
0
2
0
27
0
23
0
19
0
23
0
41
0
26
0
22
0
22
0
31
0
23
0
30
0
25
0
12
0
16
0
16
0
39
0
28
0
16
0
8
0
16
0
21
0
19
0
13
0
15
0
29
0
0
0
20
0
13
0
35
0
14
0
29
0
13
0
28
0
28
0
23
0
3
0
44
0
26
0
12
0
15
0
32
0
11
0
12
0
11
0
31
0
19
0
35
0
18
0
14
0
36
0
36
0
16
0
29
0
25
0
16
0
16
0
3
0
26
0
20
0
13
0
17
0
12
0
39
0
4
0
6
0
14
0
25
0
17
0
7
0
16
0
14
0
16
0
13
0
35
0
32
0
31
0
11
0
29
0
4
0
30
0
23
0
24
0
14
0
14
0
22
0
14
0
11
0
14
0
36
0
21
0
10
0
21
0
22
0
32
0
5
0
11
0
34
0
11
0
29
0
13
0
13
0
21
0
6
0
40
0
9
0
30
0
15
0
22
0
38
0
18
0
14
0
19
0
32
0
39
0
25
0
13
0
23
0
19
0
31
0
15
0
14
0
12
0
17
0
19
0
4
0
24
0
16
0
21
0
12
0
27
0
39
0
31
0
30
0
31
0
31
0
28
0
36
0
22
0
16
0
29
0
15
0
13
0
28
0
24
0
21
0
28
0
25
0
5
0
15
0
13
0
29
0
24
0
55
0
22
0
12
0
12
0
9
0
20
0
26
0
25
0
16
0
17
0
7
0
48
0
10
0
21
0
14
0
19
0
18
0
30
0
19
0
20
0
23
0
8
0
9
0
32
0
28
0
22
0
21
0
17
0
29
0
10
0
12
0
41
0
12
0
12
0
12
0
24
0
32
0
13
0
34
0
27
0
50
0
4
0
17
0
7
0
14
0
18
0
25
0
4
0
29
0
19
0
33
0
31
0
15
0
26
0
26
0
11
0
16
0
16
0
15
0
7
0
23
0
22
0
17
0
26
0
24
0
27
0
15
0
20
0
9
0
30
0
11
0
12
0
16
0
4
0
25
0
19
0
17
0
26
0
27
0
23
0
12
0
15
0
15
0
18
0
