0
22
0
20
0
16
0
27
0
30
0
35
0
24
0
30
0
17
0
16
0
19
0
33
0
27
0
20
0
10
0
27
0
9
0
17
0
21
0
16
0
13
0
15
0
29
0
24
0
10
0
19
0
31
0
38
0
50
0
8
0
27
0
15
0
28
0
25
0
29
0
17
0
22
0
25
0
26
0
13
0
36
0
19
0
25
0
17
0
16
0
14
0
18
0
27
0
19
0
29
0
30
0
21
0
34
0
21
0
26
0
20
0
23
0
17
0
34
0
23
0
17
0
35
0
30
0
28
0
35
0
12
0
37
0
33
0
24
0
30
0
28
0
29
0
31
0
10
0
41
0
46
0
36
0
12
0
19
0
15
0
4
0
27
0
30
0
9
0
10
0
28
0
18
0
13
0
3
0
18
0
28
0
26
0
20
0
22
0
18
0
8
0
26
0
29
0
15
0
26
0
21
0
14
0
19
0
36
0
12
0
14
0
21
0
22
0
42
0
13
0
9
0
22
0
22
0
22
0
15
0
24
0
41
0
12
0
35
0
32
0
7
0
11
0
22
0
35
0
28
0
22
0
42
0
18
0
11
0
19
0
41
0
34
0
20
0
23
0
47
0
29
0
36
0
34
0
17
0
19
0
15
0
40
0
23
0
24
0
29
0
28
0
11
0
30
0
6
0
15
0
15
0
24
0
10
0
15
0
24
0
28
0
48
0
24
0
16
0
33
0
12
0
16
0
22
0
17
0
35
0
15
0
16
0
47
0
40
0
28
0
30
0
6
0
11
0
11
0
27
0
19
0
10
0
39
0
14
0
12
0
18
0
28
0
39
0
25
0
25
0
21
0
34
0
12
0
18
0
11
0
29
0
34
0
6
0
20
0
25
0
21
0
19
0
16
0
16
0
39
0
25
0
15
0
27
0
22
0
20
0
18
0
16
0
8
0
36
0
22
0
27
0
33
0
22
0
1
0
40
0
6
0
15
0
8
0
34
0
36
0
16
0
29
0
12
0
26
0
24
0
14
0
34
0
17
0
16
0
11
0
27
0
6
0
10
0
16
0
20
0
17
0
25
0
18
0
22
0
20
0
20
0
21
0
13
0
33
0
23
0
20
0
16
0
20
0
25
0
18
0
28
0
21
0
31
0
26
0
30
0
27
0
19
0
26
0
22
0
22
0
34
0
32
0
20
0
34
0
20
0
29
0
25
0
19
0
20
0
26
0
30
0
33
0
26
0
27
0
17
0
11
0
36
0
16
0
17
0
8
0
17
0
19
0
20
0
32
0
20
0
17
0
32
0
16
0
17
0
24
0
30
0
10
0
15
0
20
0
22
0
25
0
18
0
20
0
19
0
10
0
27
0
27
0
20
0
16
0
29
0
24
0
6
0
34
0
9
0
33
0
9
0
32
0
20
0
18
0
23
0
22
0
37
0
18
0
14
0
25
0
18
0
32
0
26
0
43
0
13
0
23
0
16
0
26
0
15
0
24
0
27
0
30
0
24
0
23
0
26
0
22
0
21
0
26
0
9
0
13
0
20
0
31
0
20
0
18
0
19
0
25
0
39
0
25
0
41
0
30
0
13
0
17
0
9
0
16
0
31
0
18
0
10
0
4
0
25
0
29
0
15
0
22
0
24
0
34
0
27
0
19
0
17
0
23
0
24
0
22
0
7
0
15
0
9
0
26
0
21
0
26
0
21
0
32
0
25
0
40
0
15
0
36
0
22
0
30
0
18
0
30
0
27
0
20
0
6
0
21
0
18
0
38
0
8
0
37
0
4
0
23
0
7
0
24
0
7
0
44
0
13
0
5
0
19
0
9
0
20
0
38
0
19
0
26
0
14
0
11
0
36
0
34
0
24
0
27
0
20
0
32
0
22
0
23
0
30
0
20
0
22
0
25
0
28
0
33
0
16
0
33
0
6
0
45
0
16
0
11
0
34
0
48
0
6
0
15
0
27
0
30
0
30
0
23
0
30
0
20
0
23
0
42
0
10
0
29
0
30
0
28
0
15
0
15
0
19
0
31
0
28
0
17
0
13
0
27
0
14
0
30
0
34
0
13
0
24
0
26
0
33
0
20
0
15
0
45
0
10
0
24
0
5
0
32
0
6
0
18
0
22
0
16
0
26
0
15
0
16
0
24
0
32
0
15
0
23
0
18
0
20
0
23
0
25
0
95
0
24
0
7
0
13
0
0
0
22
0
21
0
21
0
3
0
15
0
32
0
22
0
18
0
24
0
17
0
13
0
32
0
