0
39
0
43
0
30
0
33
0
29
0
24
0
30
0
23
0
22
0
5
0
46
0
34
0
8
0
21
0
15
0
21
0
23
0
17
0
31
0
30
0
11
0
10
0
29
0
32
0
12
0
16
0
16
0
23
0
20
0
29
0
27
0
25
0
23
0
19
0
19
0
29
0
23
0
27
0
22
0
23
0
41
0
13
0
17
0
36
0
20
0
6
0
5
0
31
0
5
0
15
0
12
0
29
0
27
0
14
0
13
0
34
0
26
0
25
0
19
0
32
0
19
0
34
0
16
0
23
0
33
0
9
0
46
0
22
0
14
0
25
0
19
0
28
0
39
0
24
0
27
0
23
0
20
0
22
0
19
0
24
0
29
0
42
0
45
0
17
0
21
0
31
0
20
0
23
0
35
0
31
0
35
0
22
0
21
0
18
0
29
0
17
0
13
0
15
0
25
0
8
0
23
0
24
0
30
0
26
0
33
0
18
0
27
0
16
0
17
0
19
0
17
0
17
0
6
0
36
0
34
0
8
0
38
0
18
0
14
0
5
0
15
0
40
0
16
0
18
0
15
0
25
0
40
0
12
0
19
0
4
0
14
0
33
0
38
0
20
0
21
0
22
0
36
0
23
0
15
0
4
0
19
0
13
0
9
0
7
0
13
0
37
0
0
0
37
0
30
0
29
0
22
0
15
0
26
0
11
0
4
0
26
0
16
0
49
0
18
0
18
0
12
0
18
0
28
0
26
0
14
0
43
0
26
0
16
0
26
0
40
0
12
0
21
0
28
0
14
0
26
0
28
0
16
0
15
0
19
0
25
0
19
0
18
0
8
0
28
0
38
0
19
0
12
0
11
0
29
0
14
0
26
0
17
0
18
0
11
0
20
0
10
0
20
0
7
0
26
0
23
0
14
0
38
0
30
0
25
0
24
0
18
0
31
0
18
0
13
0
14
0
15
0
34
0
41
0
20
0
18
0
17
0
13
0
32
0
7
0
9
0
27
0
12
0
24
0
27
0
21
0
31
0
41
0
19
0
8
0
15
0
18
0
28
0
27
0
43
0
40
0
24
0
8
0
21
0
28
0
20
0
31
0
19
0
16
0
18
0
24
0
16
0
25
0
40
0
25
0
19
0
20
0
15
0
16
0
18
0
20
0
21
0
12
0
17
0
24
0
32
0
24
0
47
0
27
0
18
0
15
0
38
0
23
0
39
0
17
0
24
0
25
0
28
0
27
0
32
0
18
0
17
0
19
0
9
0
21
0
20
0
10
0
26
0
14
0
12
0
0
0
6
0
19
0
29
0
18
0
34
0
16
0
34
0
26
0
20
0
21
0
12
0
28
0
24
0
17
0
24
0
40
0
39
0
38
0
12
0
23
0
39
0
32
0
21
0
26
0
28
0
41
0
16
0
36
0
22
0
7
0
26
0
9
0
27
0
38
0
36
0
13
0
41
0
13
0
25
0
29
0
13
0
39
0
28
0
32
0
36
0
19
0
31
0
17
0
23
0
18
0
13
0
24
0
39
0
22
0
23
0
24
0
19
0
9
0
19
0
11
0
30
0
31
0
11
0
20
0
19
0
13
0
10
0
20
0
12
0
32
0
25
0
31
0
2
0
30
0
16
0
16
0
35
0
24
0
18
0
19
0
22
0
10
0
12
0
39
0
16
0
16
0
13
0
29
0
19
0
6
0
29
0
16
0
29
0
27
0
26
0
25
0
26
0
41
0
17
0
52
0
35
0
21
0
3
0
29
0
14
0
24
0
20
0
22
0
19
0
27
0
12
0
26
0
27
0
18
0
37
0
48
0
30
0
31
0
48
0
15
0
25
0
20
0
30
0
16
0
23
0
42
0
6
0
21
0
34
0
32
0
7
0
8
0
29
0
21
0
5
0
37
0
21
0
48
0
12
0
25
0
13
0
13
0
37
0
20
0
20
0
21
0
13
0
29
0
24
0
40
0
24
0
19
0
22
0
11
0
12
0
11
0
19
0
25
0
21
0
23
0
20
0
17
0
23
0
40
0
27
0
42
0
45
0
19
0
20
0
35
0
10
0
22
0
21
0
19
0
12
0
29
0
14
0
36
0
26
0
21
0
38
0
30
0
34
0
30
0
36
0
19
0
20
0
24
0
30
0
15
0
14
0
18
0
23
0
22
0
118
0
32
0
404
252
629
0
32
0
13
0
31
0
32
0
6
0
20
0
25
0
29
0
16
0
26
0
15
0
24
0
41
0
19
0
42
0
27
0
24
0
