0
18
0
19
0
14
0
31
0
19
0
20
0
26
0
18
0
25
0
25
0
21
0
25
0
21
0
30
0
24
0
30
0
10
0
23
0
15
0
22
0
24
0
0
0
34
0
32
0
45
0
19
0
21
0
7
0
20
0
22
0
41
0
21
0
11
0
27
0
19
0
6
0
15
0
23
0
21
0
30
0
18
0
18
0
14
0
22
0
30
0
29
0
22
0
9
0
23
0
26
0
27
0
19
0
14
0
12
0
37
0
23
0
30
0
44
0
13
0
12
0
25
0
15
0
32
0
31
0
13
0
26
0
11
0
18
0
31
0
39
0
9
0
42
0
42
0
10
0
18
0
34
0
17
0
24
0
2
0
16
0
11
0
16
0
38
0
25
0
11
0
12
0
26
0
10
0
33
0
27
0
17
0
12
0
9
0
18
0
22
0
14
0
35
0
23
0
27
0
11
0
15
0
22
0
24
0
23
0
20
0
43
0
11
0
19
0
26
0
12
0
40
0
29
0
13
0
19
0
18
0
26
0
6
0
12
0
33
0
27
0
25
0
21
0
20
0
27
0
13
0
24
0
18
0
33
0
26
0
28
0
7
0
38
0
23
0
7
0
18
0
27
0
6
0
10
0
22
0
23
0
12
0
33
0
15
0
17
0
13
0
51
0
19
0
21
0
14
0
28
0
27
0
33
0
18
0
15
0
24
0
6
0
16
0
13
0
25
0
15
0
25
0
30
0
22
0
26
0
16
0
21
0
24
0
33
0
20
0
37
0
35
0
18
0
2
0
28
0
18
0
15
0
23
0
20
0
35
0
9
0
39
0
23
0
9
0
5
0
20
0
17
0
20
0
9
0
26
0
19
0
21
0
12
0
26
0
22
0
8
0
26
0
20
0
39
0
17
0
32
0
23
0
24
0
18
0
19
0
14
0
16
0
27
0
14
0
19
0
13
0
22
0
13
0
23
0
11
0
28
0
20
0
36
0
12
0
0
0
24
0
21
0
20
0
22
0
26
0
10
0
9
0
22
0
34
0
5
0
28
0
20
0
23
0
50
0
12
0
27
0
24
0
15
0
30
0
17
0
15
0
16
0
24
0
21
0
11
0
26
0
21
0
14
0
22
0
24
0
33
0
9
0
29
0
30
0
12
0
24
0
22
0
12
0
31
0
19
0
42
0
23
0
36
0
23
0
19
0
15
0
28
0
21
0
27
0
4
0
32
0
26
0
25
0
16
0
17
0
11
0
18
0
12
0
19
0
18
0
11
0
16
0
26
0
22
0
24
0
18
0
35
0
21
0
22
0
34
0
15
0
12
0
27
0
3
0
7
0
13
0
33
0
27
0
11
0
6
0
19
0
36
0
13
0
14
0
32
0
30
0
12
0
51
0
22
0
15
0
14
0
25
0
19
0
38
0
35
0
26
0
18
0
17
0
21
0
7
0
18
0
11
0
30
0
21
0
19
0
16
0
0
0
4
0
22
0
10
0
25
0
18
0
18
0
39
0
40
0
29
0
37
0
8
0
8
0
20
0
14
0
32
0
17
0
32
0
21
0
33
0
14
0
15
0
16
0
14
0
30
0
9
0
32
0
32
0
5
0
8
0
43
0
21
0
19
0
6
0
39
0
9
0
26
0
24
0
17
0
13
0
34
0
15
0
12
0
16
0
24
0
24
0
19
0
20
0
24
0
6
0
9
0
33
0
24
0
23
0
10
0
26
0
23
0
36
0
22
0
32
0
9
0
16
0
26
0
23
0
12
0
27
0
18
0
26
0
41
0
31
0
12
0
16
0
16
0
17
0
21
0
30
0
10
0
19
0
19
0
16
0
45
0
20
0
22
0
25
0
8
0
16
0
5
0
16
0
17
0
24
0
36
0
23
0
22
0
28
0
26
0
16
0
36
0
15
0
16
0
25
0
7
0
8
0
33
0
24
0
27
0
25
0
32
0
13
0
14
0
26
0
11
0
15
0
20
0
22
0
5
0
20
0
25
0
11
0
25
0
24
0
10
0
18
0
47
0
13
0
15
0
23
0
21
0
17
0
8
0
23
0
8
0
16
0
27
0
10
0
23
0
15
0
30
0
21
0
16
0
21
0
26
0
32
0
14
0
14
0
15
0
20
0
17
0
38
0
20
0
19
0
24
0
43
0
32
0
31
0
30
0
7
0
17
0
30
0
19
0
13
0
13
0
26
0
7
0
30
0
19
0
29
0
20
0
9
0
20
0
8
0
14
0
17
0
22
0
32
0
15
0
