0
12
0
4
0
24
0
35
0
19
0
28
0
18
0
27
0
27
0
12
0
39
0
13
0
30
0
23
0
11
0
22
0
11
0
36
0
6
0
17
0
12
0
20
0
22
0
14
0
24
0
0
0
14
0
18
0
28
0
27
0
6
0
10
0
16
0
55
0
37
0
32
0
26
0
13
0
18
0
13
0
0
0
15
0
38
0
16
0
34
0
24
0
21
0
25
0
13
0
21
0
5
0
19
0
13
0
25
0
3
0
32
0
12
0
11
0
5
0
28
0
9
0
18
0
13
0
21
0
17
0
26
0
14
0
43
0
21
0
21
0
17
0
12
0
12
0
11
0
30
0
14
0
12
0
19
0
27
0
11
0
27
0
34
0
40
0
21
0
28
0
25
0
14
0
27
0
13
0
15
0
17
0
33
0
21
0
23
0
6
0
18
0
30
0
22
0
11
0
14
0
7
0
6
0
16
0
13
0
14
0
19
0
8
0
12
0
22
0
12
0
42
0
32
0
9
0
16
0
15
0
55
0
9
0
7
0
10
0
8
0
10
0
8
0
45
0
42
0
28
0
27
0
28
0
21
0
12
0
18
0
24
0
7
0
28
0
18
0
21
0
24
0
17
0
42
0
17
0
19
0
18
0
31
0
16
0
45
0
14
0
37
0
13
0
24
0
14
0
12
0
26
0
3
0
28
0
16
0
15
0
17
0
27
0
26
0
34
0
17
0
11
0
19
0
17
0
33
0
13
0
17
0
27
0
30
0
19
0
21
0
15
0
16
0
33
0
20
0
29
0
28
0
19
0
32
0
42
0
35
0
28
0
18
0
36
0
5
0
17
0
26
0
28
0
16
0
21
0
15
0
17
0
25
0
11
0
23
0
15
0
24
0
12
0
24
0
17
0
29
0
24
0
34
0
14
0
18
0
36
0
12
0
32
0
34
0
9
0
28
0
0
0
23
0
12
0
4
0
22
0
18
0
20
0
5
0
25
0
25
0
33
0
15
0
25
0
17
0
19
0
40
0
5
0
24
0
14
0
32
0
22
0
19
0
10
0
18
0
13
0
19
0
17
0
46
0
16
0
18
0
17
0
18
0
30
0
12
0
26
0
32
0
17
0
32
0
15
0
34
0
36
0
34
0
22
0
30
0
45
0
17
0
29
0
29
0
23
0
12
0
19
0
31
0
16
0
33
0
19
0
28
0
10
0
9
0
50
0
18
0
24
0
15
0
18
0
16
0
14
0
17
0
28
0
19
0
50
0
16
0
2
0
30
0
15
0
16
0
11
0
30
0
23
0
21
0
12
0
11
0
3
0
29
0
56
0
27
0
23
0
24
0
19
0
19
0
24
0
28
0
17
0
29
0
15
0
34
0
48
0
15
0
14
0
9
0
23
0
26
0
21
0
26
0
16
0
11
0
14
0
21
0
11
0
38
0
27
0
18
0
4
0
23
0
11
0
20
0
25
0
24
0
21
0
10
0
21
0
18
0
22
0
14
0
11
0
21
0
14
0
16
0
44
0
10
0
25
0
38
0
14
0
21
0
24
0
21
0
35
0
17
0
27
0
24
0
12
0
11
0
19
0
16
0
5
0
13
0
14
0
14
0
26
0
25
0
24
0
29
0
24
0
16
0
14
0
28
0
25
0
27
0
12
0
22
0
31
0
34
0
54
0
9
0
39
0
36
0
15
0
24
0
28
0
15
0
30
0
21
0
31
0
24
0
23
0
24
0
24
0
39
0
15
0
18
0
4
0
22
0
31
0
35
0
21
0
22
0
11
0
22
0
28
0
10
0
30
0
18
0
7
0
35
0
14
0
26
0
19
0
20
0
36
0
22
0
57
0
40
0
28
0
24
0
10
0
29
0
15
0
18
0
22
0
27
0
23
0
15
0
21
0
33
0
28
0
18
0
24
0
25
0
11
0
25
0
25
0
19
0
15
0
19
0
12
0
9
0
17
0
17
0
19
0
21
0
21
0
12
0
17
0
17
0
15
0
27
0
34
0
13
0
11
0
30
0
24
0
20
0
30
0
21
0
26
0
22
0
22
0
41
0
16
0
18
0
8
0
30
0
33
0
25
0
16
0
32
0
20
0
20
0
31
0
15
0
17
0
11
0
26
0
23
0
17
0
14
0
16
0
24
0
26
0
32
0
23
0
17
0
19
0
24
0
29
0
53
0
18
0
13
0
11
0
40
0
14
0
20
0
18
0
27
0
9
0
19
0
21
0
16
0
11
0
12
0
33
0
23
0
