0
8
0
11
0
17
0
23
0
6
0
40
0
22
0
21
0
13
0
33
0
16
0
24
0
47
0
12
0
24
0
3
0
12
0
57
0
23
0
7
0
34
0
28
0
11
0
16
0
22
0
15
0
26
0
17
0
38
0
3
0
7
0
14
0
10
0
21
0
28
0
23
0
11
0
27
0
20
0
14
0
13
0
13
0
30
0
34
0
7
0
13
0
18
0
32
0
10
0
30
0
11
0
27
0
30
0
16
0
22
0
39
0
19
0
11
0
14
0
31
0
15
0
33
0
24
0
30
0
17
0
17
0
18
0
39
0
27
0
20
0
38
0
13
0
13
0
16
0
29
0
13
0
59
0
15
0
31
0
28
0
15
0
13
0
29
0
24
0
19
0
33
0
14
0
16
0
8
0
4
0
30
0
27
0
16
0
13
0
22
0
8
0
33
0
10
0
28
0
14
0
14
0
16
0
3
0
28
0
20
0
26
0
19
0
19
0
12
0
13
0
16
0
13
0
28
0
26
0
16
0
19
0
30
0
17
0
7
0
28
0
24
0
8
0
44
0
17
0
14
0
22
0
9
0
11
0
4
0
24
0
19
0
13
0
24
0
31
0
14
0
16
0
25
0
12
0
26
0
18
0
14
0
16
0
9
0
26
0
8
0
27
0
12
0
22
0
25
0
12
0
26
0
17
0
21
0
16
0
9
0
24
0
6
0
21
0
3
0
25
0
26
0
4
0
19
0
28
0
16
0
14
0
44
0
15
0
21
0
36
0
16
0
19
0
21
0
14
0
16
0
40
0
18
0
18
0
26
0
29
0
9
0
24
0
10
0
31
0
20
0
10
0
30
0
29
0
28
0
14
0
28
0
16
0
34
0
33
0
23
0
28
0
20
0
15
0
15
0
25
0
18
0
19
0
20
0
13
0
17
0
10
0
35
0
31
0
25
0
28
0
42
0
23
0
23
0
28
0
24
0
20
0
25
0
27
0
23
0
35
0
8
0
20
0
17
0
13
0
39
0
20
0
10
0
13
0
9
0
28
0
16
0
23
0
8
0
17
0
4
0
22
0
28
0
10
0
33
0
20
0
16
0
29
0
17
0
23
0
14
0
20
0
14
0
24
0
32
0
18
0
31
0
8
0
17
0
20
0
5
0
26
0
2
0
26
0
10
0
25
0
27
0
23
0
25
0
24
0
37
0
13
0
22
0
14
0
11
0
37
0
18
0
33
0
25
0
15
0
6
0
36
0
23
0
18
0
13
0
31
0
20
0
30
0
12
0
24
0
11
0
24
0
13
0
20
0
18
0
22
0
29
0
31
0
34
0
20
0
24
0
10
0
29
0
0
0
26
0
16
0
16
0
36
0
23
0
28
0
15
0
10
0
13
0
21
0
23
0
12
0
7
0
33
0
15
0
11
0
42
0
16
0
28
0
25
0
8
0
20
0
33
0
20
0
20
0
27
0
27
0
21
0
17
0
13
0
27
0
25
0
17
0
24
0
8
0
20
0
27
0
19
0
19
0
24
0
24
0
29
0
28
0
14
0
25
0
21
0
7
0
21
0
17
0
14
0
23
0
36
0
17
0
10
0
30
0
18
0
33
0
26
0
16
0
22
0
33
0
29
0
10
0
29
0
7
0
8
0
17
0
19
0
0
0
19
0
11
0
18
0
25
0
21
0
18
0
13
0
24
0
16
0
3
0
11
0
18
0
23
0
31
0
9
0
20
0
0
0
20
0
29
0
34
0
10
0
15
0
20
0
18
0
15
0
18
0
31
0
26
0
26
0
32
0
12
0
15
0
6
0
6
0
18
0
24
0
16
0
25
0
19
0
19
0
19
0
14
0
12
0
27
0
5
0
32
0
47
0
21
0
32
0
22
0
26
0
13
0
17
0
20
0
26
0
4
0
24
0
30
0
27
0
28
0
13
0
20
0
29
0
17
0
32
0
16
0
3
0
11
0
28
0
5
0
4
0
25
0
15
0
29
0
53
0
32
0
19
0
7
0
38
0
34
0
14
0
61
0
18
0
22
0
15
0
9
0
2
0
3
0
20
0
23
0
31
0
17
0
24
0
27
0
15
0
21
0
23
0
32
0
17
0
14
0
17
0
4
0
23
0
43
0
31
0
23
0
26
0
22
0
15
0
17
0
22
0
27
0
9
0
17
0
26
0
15
0
14
0
23
0
30
0
14
0
15
0
16
0
18
0
19
0
10
0
17
0
24
0
25
0
34
0
0
0
20
0
14
0
30
0
