0
26
0
25
0
14
0
28
0
27
0
17
0
33
0
20
0
24
0
25
0
15
0
38
0
12
0
17
0
4
0
18
0
12
0
34
0
29
0
10
0
30
0
36
0
15
0
13
0
26
0
15
0
26
0
33
0
17
0
29
0
12
0
21
0
27
0
16
0
12
0
25
0
34
0
30
0
16
0
24
0
14
0
17
0
18
0
18
0
10
0
23
0
39
0
20
0
45
0
31
0
23
0
28
0
13
0
19
0
26
0
17
0
22
0
23
0
6
0
20
0
32
0
25
0
26
0
24
0
23
0
44
0
12
0
43
0
21
0
13
0
20
0
27
0
24
0
11
0
26
0
42
0
31
0
6
0
40
0
13
0
18
0
30
0
30
0
35
0
39
0
28
0
17
0
25
0
8
0
31
0
18
0
25
0
14
0
32
0
2
0
9
0
17
0
21
0
27
0
7
0
16
0
14
0
16
0
16
0
27
0
22
0
8
0
11
0
24
0
22
0
11
0
7
0
11
0
25
0
11
0
32
0
56
0
21
0
48
0
27
0
33
0
8
0
39
0
36
0
27
0
26
0
8
0
34
0
24
0
11
0
19
0
13
0
16
0
32
0
14
0
7
0
22
0
26
0
39
0
23
0
30
0
9
0
39
0
26
0
27
0
30
0
20
0
34
0
12
0
42
0
14
0
26
0
28
0
21
0
15
0
36
0
18
0
21
0
35
0
15
0
9
0
7
0
17
0
30
0
20
0
28
0
26
0
11
0
17
0
8
0
32
0
21
0
18
0
17
0
6
0
28
0
25
0
33
0
33
0
13
0
27
0
9
0
32
0
35
0
23
0
12
0
18
0
42
0
19
0
9
0
34
0
23
0
25
0
33
0
16
0
20
0
39
0
34
0
39
0
7
0
7
0
20
0
42
0
14
0
24
0
26
0
14
0
35
0
28
0
22
0
24
0
8
0
31
0
17
0
16
0
25
0
25
0
7
0
17
0
15
0
18
0
15
0
7
0
24
0
20
0
30
0
20
0
39
0
23
0
23
0
45
0
13
0
8
0
29
0
23
0
12
0
20
0
21
0
19
0
33
0
25
0
26
0
23
0
18
0
26
0
17
0
23
0
9
0
33
0
12
0
26
0
34
0
13
0
21
0
22
0
45
0
40
0
26
0
22
0
12
0
9
0
9
0
18
0
21
0
19
0
17
0
26
0
24
0
19
0
21
0
9
0
31
0
12
0
5
0
25
0
30
0
26
0
11
0
22
0
11
0
32
0
19
0
21
0
18
0
16
0
23
0
28
0
20
0
20
0
33
0
5
0
20
0
30
0
28
0
18
0
27
0
6
0
19
0
10
0
9
0
23
0
19
0
37
0
21
0
37
0
16
0
39
0
37
0
17
0
13
0
14
0
31
0
15
0
25
0
20
0
22
0
6
0
14
0
11
0
13
0
32
0
29
0
17
0
16
0
8
0
16
0
14
0
14
0
31
0
36
0
24
0
11
0
21
0
18
0
57
0
27
0
17
0
38
0
35
0
12
0
7
0
9
0
9
0
31
0
17
0
10
0
24
0
22
0
22
0
20
0
15
0
22
0
23
0
24
0
34
0
3
0
5
0
12
0
18
0
31
0
20
0
27
0
18
0
17
0
23
0
26
0
45
0
32
0
23
0
5
0
6
0
22
0
25
0
20
0
19
0
17
0
12
0
7
0
10
0
27
0
26
0
17
0
5
0
7
0
25
0
30
0
14
0
21
0
14
0
20
0
15
0
22
0
44
0
25
0
18
0
30
0
18
0
18
0
34
0
29
0
26
0
19
0
11
0
26
0
6
0
24
0
21
0
31
0
29
0
21
0
20
0
13
0
41
0
30
0
16
0
34
0
9
0
11
0
27
0
15
0
23
0
16
0
33
0
14
0
46
0
26
0
27
0
17
0
22
0
9
0
13
0
26
0
5
0
21
0
11
0
15
0
24
0
15
0
19
0
43
0
11
0
15
0
29
0
17
0
17
0
26
0
20
0
20
0
19
0
16
0
24
0
22
0
36
0
22
0
25
0
17
0
34
0
25
0
15
0
14
0
29
0
40
0
16
0
35
0
25
0
17
0
17
0
40
0
21
0
21
0
19
0
29
0
23
0
4
0
15
0
34
0
25
0
19
0
28
0
20
0
16
0
34
0
43
0
20
0
27
0
34
0
8
0
33
0
36
0
24
0
31
0
21
0
18
0
27
0
29
0
11
0
31
0
9
0
13
0
18
0
