0
11
0
22
0
43
0
25
0
27
0
33
0
14
0
15
0
17
0
16
0
21
0
0
0
12
0
28
0
12
0
23
0
25
0
30
0
15
0
15
0
9
0
21
0
29
0
51
0
32
0
38
0
19
0
34
0
32
0
7
0
12
0
9
0
23
0
32
0
45
0
18
0
41
0
18
0
9
0
16
0
26
0
36
0
15
0
20
0
13
0
11
0
12
0
20
0
22
0
20
0
16
0
19
0
19
0
23
0
15
0
10
0
32
0
21
0
9
0
20
0
47
0
21
0
18
0
19
0
9
0
19
0
28
0
29
0
29
0
27
0
22
0
8
0
30
0
42
0
8
0
14
0
22
0
9
0
19
0
29
0
20
0
7
0
30
0
23
0
8
0
7
0
17
0
35
0
13
0
25
0
29
0
23
0
9
0
26
0
24
0
12
0
7
0
40
0
37
0
18
0
20
0
25
0
30
0
13
0
25
0
36
0
15
0
30
0
17
0
21
0
16
0
8
0
20
0
16
0
6
0
15
0
28
0
33
0
4
0
21
0
27
0
9
0
30
0
16
0
24
0
21
0
9
0
22
0
20
0
11
0
0
0
21
0
39
0
21
0
12
0
20
0
25
0
14
0
21
0
15
0
24
0
18
0
18
0
22
0
16
0
17
0
35
0
12
0
39
0
24
0
35
0
18
0
42
0
27
0
12
0
15
0
23
0
23
0
23
0
20
0
32
0
32
0
8
0
35
0
0
0
5
0
17
0
43
0
24
0
6
0
13
0
29
0
27
0
9
0
35
0
30
0
24
0
36
0
8
0
15
0
23
0
23
0
37
0
22
0
10
0
10
0
18
0
20
0
0
0
22
0
24
0
26
0
24
0
61
0
12
0
45
0
20
0
15
0
18
0
38
0
26
0
19
0
25
0
32
0
26
0
25
0
22
0
21
0
16
0
7
0
16
0
27
0
19
0
18
0
21
0
38
0
20
0
14
0
17
0
28
0
24
0
32
0
37
0
16
0
15
0
20
0
19
0
18
0
28
0
19
0
24
0
41
0
11
0
24
0
24
0
5
0
9
0
36
0
23
0
32
0
29
0
26
0
27
0
35
0
34
0
28
0
9
0
25
0
23
0
12
0
17
0
25
0
24
0
32
0
14
0
24
0
20
0
37
0
25
0
15
0
24
0
8
0
20
0
35
0
34
0
23
0
7
0
13
0
30
0
36
0
17
0
19
0
5
0
14
0
25
0
16
0
13
0
24
0
17
0
26
0
9
0
0
0
31
0
16
0
21
0
29
0
14
0
21
0
38
0
15
0
18
0
27
0
23
0
26
0
19
0
25
0
15
0
28
0
9
0
22
0
23
0
21
0
2
0
21
0
22
0
14
0
6
0
7
0
18
0
12
0
9
0
17
0
24
0
16
0
2
0
10
0
5
0
27
0
7
0
44
0
52
0
35
0
16
0
20
0
9
0
18
0
19
0
26
0
28
0
18
0
23
0
20
0
14
0
16
0
30
0
23
0
27
0
32
0
36
0
43
0
16
0
13
0
24
0
14
0
22
0
11
0
11
0
29
0
5
0
45
0
12
0
14
0
10
0
54
0
17
0
21
0
12
0
43
0
20
0
8
0
4
0
4
0
17
0
17
0
18
0
38
0
12
0
32
0
14
0
20
0
22
0
5
0
33
0
1
0
26
0
18
0
9
0
17
0
21
0
10
0
24
0
38
0
20
0
24
0
20
0
30
0
13
0
25
0
30
0
24
0
15
0
15
0
10
0
26
0
55
0
44
0
25
0
12
0
21
0
43
0
26
0
4
0
15
0
28
0
25
0
30
0
30
0
18
0
12
0
32
0
1
0
3
0
35
0
26
0
23
0
29
0
14
0
18
0
27
0
18
0
14
0
4
0
25
0
25
0
36
0
18
0
21
0
36
0
24
0
6
0
10
0
18
0
21
0
31
0
27
0
33
0
22
0
37
0
13
0
15
0
58
0
31
0
41
0
21
0
22
0
24
0
29
0
13
0
27
0
25
0
30
0
0
0
18
0
30
0
27
0
20
0
6
0
15
0
23
0
27
0
16
0
26
0
21
0
14
0
28
0
22
0
22
0
16
0
26
0
21
0
5
0
26
0
21
0
8
0
19
0
38
0
25
0
19
0
22
0
8
0
21
0
20
0
25
0
85
0
34
0
26
0
13
0
11
0
19
0
17
0
17
0
16
0
10
0
30
0
13
0
18
0
11
0
27
0
13
0
24
0
