0
24
0
29
0
21
0
14
0
15
0
30
0
20
0
33
0
24
0
32
0
19
0
10
0
13
0
3
0
34
0
28
0
12
0
13
0
9
0
37
0
20
0
19
0
15
0
31
0
21
0
15
0
21
0
17
0
16
0
30
0
36
0
14
0
21
0
32
0
23
0
49
0
33
0
14
0
23
0
12
0
34
0
30
0
0
0
38
0
44
0
29
0
40
0
21
0
20
0
37
0
10
0
39
0
15
0
15
0
10
0
19
0
17
0
35
0
37
0
38
0
22
0
18
0
15
0
34
0
34
0
23
0
25
0
11
0
19
0
26
0
18
0
29
0
15
0
36
0
12
0
32
0
18
0
27
0
12
0
18
0
24
0
16
0
19
0
17
0
15
0
18
0
10
0
28
0
17
0
21
0
44
0
15
0
24
0
22
0
10
0
31
0
38
0
32
0
7
0
20
0
51
0
3
0
9
0
23
0
29
0
11
0
20
0
17
0
13
0
2
0
13
0
36
0
19
0
20
0
28
0
23
0
14
0
16
0
9
0
15
0
19
0
30
0
18
0
24
0
10
0
23
0
16
0
22
0
17
0
30
0
13
0
19
0
27
0
25
0
10
0
30
0
11
0
27
0
24
0
34
0
23
0
27
0
31
0
22
0
20
0
22
0
14
0
12
0
26
0
18
0
20
0
15
0
40
0
21
0
3
0
29
0
36
0
16
0
32
0
32
0
33
0
38
0
42
0
44
0
13
0
26
0
19
0
37
0
12
0
35
0
22
0
20
0
19
0
56
0
23
0
28
0
31
0
15
0
33
0
17
0
15
0
24
0
17
0
10
0
27
0
12
0
30
0
21
0
20
0
18
0
12
0
9
0
37
0
18
0
19
0
16
0
15
0
30
0
32
0
16
0
8
0
37
0
15
0
13
0
12
0
20
0
23
0
14
0
32
0
12
0
23
0
56
0
25
0
24
0
18
0
8
0
18
0
21
0
23
0
29
0
20
0
21
0
20
0
11
0
37
0
15
0
42
0
14
0
18
0
26
0
13
0
11
0
32
0
30
0
36
0
20
0
19
0
15
0
11
0
12
0
39
0
22
0
19
0
15
0
14
0
20
0
21
0
33
0
24
0
6
0
37
0
26
0
29
0
39
0
9
0
3
0
25
0
20
0
20
0
27
0
29
0
26
0
15
0
11
0
9
0
26
0
11
0
21
0
15
0
8
0
15
0
17
0
37
0
23
0
26
0
10
0
24
0
15
0
30
0
25
0
19
0
35
0
24
0
19
0
12
0
22
0
14
0
15
0
24
0
12
0
28
0
30
0
15
0
33
0
23
0
23
0
40
0
26
0
17
0
18
0
14
0
28
0
19
0
15
0
30
0
30
0
16
0
21
0
18
0
21
0
30
0
21
0
13
0
17
0
26
0
18
0
20
0
11
0
19
0
20
0
18
0
12
0
17
0
29
0
27
0
27
0
29
0
21
0
33
0
27
0
41
0
17
0
17
0
13
0
18
0
35
0
24
0
22
0
7
0
31
0
17
0
25
0
14
0
10
0
26
0
23
0
20
0
40
0
18
0
34
0
17
0
27
0
14
0
26
0
21
0
28
0
13
0
28
0
21
0
25
0
17
0
33
0
15
0
25
0
13
0
38
0
12
0
37
0
35
0
18
0
17
0
39
0
9
0
26
0
28
0
24
0
35
0
24
0
15
0
6
0
25
0
32
0
21
0
26
0
11
0
44
0
25
0
26
0
28
0
31
0
28
0
41
0
45
0
38
0
14
0
17
0
13
0
21
0
43
0
23
0
7
0
21
0
26
0
35
0
11
0
24
0
20
0
21
0
24
0
8
0
12
0
33
0
14
0
50
0
16
0
33
0
32
0
23
0
14
0
23
0
14
0
16
0
5
0
24
0
30
0
24
0
23
0
2
0
15
0
22
0
26
0
21
0
23
0
33
0
18
0
15
0
17
0
21
0
47
0
45
0
32
0
5
0
20
0
23
0
40
0
41
0
28
0
6
0
15
0
30
0
36
0
44
0
27
0
25
0
20
0
39
0
18
0
18
0
27
0
26
0
20
0
16
0
19
0
30
0
0
0
19
0
13
0
26
0
22
0
21
0
38
0
15
0
32
0
44
0
8
0
30
0
24
0
20
0
6
0
12
0
22
0
28
0
294
0
34
0
14
0
39
0
12
0
13
0
22
0
10
0
4
0
14
0
36
0
53
0
30
0
14
0
17
0
13
0
16
0
22
0
