0
27
0
37
0
20
0
16
0
17
0
16
0
19
0
37
0
19
0
32
0
22
0
12
0
26
0
17
0
14
0
24
0
8
0
25
0
26
0
33
0
28
0
24
0
23
0
17
0
16
0
9
0
24
0
22
0
19
0
29
0
11
0
18
0
25
0
5
0
31
0
21
0
31
0
23
0
21
0
22
0
15
0
21
0
28
0
21
0
25
0
27
0
20
0
32
0
28
0
18
0
29
0
12
0
22
0
5
0
14
0
22
0
16
0
23
0
25
0
22
0
13
0
13
0
28
0
17
0
36
0
9
0
25
0
14
0
15
0
21
0
5
0
25
0
59
0
20
0
46
0
19
0
41
0
39
0
16
0
24
0
16
0
21
0
24
0
24
0
34
0
17
0
33
0
30
0
23
0
31
0
18
0
13
0
18
0
30
0
20
0
28
0
13
0
24
0
23
0
28
0
1
0
17
0
19
0
5
0
20
0
20
0
16
0
16
0
22
0
27
0
17
0
27
0
42
0
8
0
24
0
30
0
13
0
27
0
26
0
43
0
22
0
18
0
30
0
22
0
12
0
26
0
27
0
37
0
37
0
11
0
20
0
22
0
9
0
15
0
29
0
35
0
19
0
26
0
5
0
6
0
21
0
25
0
11
0
23
0
28
0
8
0
5
0
3
0
29
0
22
0
12
0
26
0
39
0
13
0
28
0
25
0
10
0
17
0
16
0
30
0
9
0
5
0
23
0
20
0
31
0
11
0
13
0
28
0
5
0
25
0
17
0
28
0
33
0
18
0
39
0
11
0
26
0
22
0
28
0
19
0
4
0
8
0
40
0
20
0
23
0
19
0
25
0
20
0
51
0
29
0
16
0
38
0
26
0
13
0
25
0
5
0
27
0
17
0
24
0
46
0
32
0
24
0
35
0
36
0
42
0
36
0
26
0
19
0
7
0
11
0
33
0
39
0
20
0
16
0
19
0
22
0
27
0
6
0
13
0
4
0
2
0
13
0
14
0
16
0
19
0
24
0
23
0
14
0
1
0
18
0
11
0
16
0
26
0
4
0
13
0
25
0
51
0
22
0
17
0
25
0
27
0
10
0
10
0
8
0
20
0
26
0
27
0
30
0
23
0
51
0
39
0
20
0
16
0
29
0
12
0
14
0
9
0
34
0
22
0
7
0
46
0
9
0
19
0
24
0
22
0
16
0
19
0
32
0
25
0
19
0
13
0
13
0
15
0
52
0
28
0
10
0
37
0
35
0
17
0
14
0
25
0
33
0
17
0
22
0
10
0
14
0
19
0
24
0
36
0
23
0
22
0
15
0
11
0
49
0
41
0
29
0
14
0
57
0
37
0
18
0
10
0
14
0
17
0
15
0
15
0
21
0
6
0
26
0
29
0
26
0
41
0
28
0
22
0
14
0
29
0
16
0
33
0
12
0
11
0
34
0
20
0
10
0
14
0
11
0
36
0
12
0
42
0
20
0
47
0
16
0
34
0
22
0
9
0
8
0
19
0
8
0
2
0
17
0
12
0
30
0
32
0
19
0
24
0
21
0
20
0
21
0
19
0
30
0
14
0
20
0
27
0
28
0
63
0
25
0
16
0
34
0
32
0
19
0
18
0
8
0
27
0
26
0
12
0
35
0
27
0
0
0
24
0
28
0
31
0
42
0
22
0
31
0
18
0
26
0
25
0
23
0
28
0
18
0
31
0
24
0
13
0
30
0
22
0
20
0
12
0
27
0
14
0
12
0
20
0
27
0
18
0
14
0
8
0
10
0
29
0
8
0
22
0
25
0
9
0
26
0
32
0
27
0
38
0
17
0
20
0
16
0
14
0
42
0
35
0
10
0
1
0
11
0
40
0
4
0
29
0
27
0
17
0
32
0
18
0
13
0
17
0
10
0
16
0
11
0
27
0
27
0
12
0
18
0
25
0
13
0
19
0
13
0
26
0
14
0
26
0
3
0
21
0
21
0
35
0
14
0
10
0
16
0
15
0
26
0
6
0
32
0
29
0
24
0
20
0
13
0
16
0
19
0
6
0
18
0
42
0
15
0
15
0
26
0
10
0
31
0
11
0
33
0
14
0
17
0
14
0
38
0
33
0
8
0
36
0
24
0
37
0
25
0
20
0
16
0
9
0
20
0
20
0
23
0
28
0
8
0
3
0
11
0
140
0
26
0
11
0
14
0
20
0
36
0
31
0
15
0
32
0
50
0
16
0
24
0
34
0
18
0
22
0
20
0
21
0
26
0
