3338
0
23
0
12
0
33
0
4
0
28
0
15
0
39
0
27
0
12
0
37
0
32
0
12
0
17
0
30
0
28
0
23
0
37
0
8
0
15
0
27
0
19
0
25
0
27
0
22
0
13
0
19
0
20
0
11
0
32
0
5
0
25
0
8
0
6
0
10
0
14
0
10
0
20
0
23
0
31
0
16
0
32
0
20
0
16
0
22
0
6
0
15
0
9
0
29
0
24
0
25
0
7
0
29
0
25
0
11
0
20
0
14
0
21
0
28
0
9
0
32
0
14
0
26
0
31
0
10
0
21
0
22
0
9
0
24
0
16
0
30
0
18
0
19
0
3
0
31
0
26
0
19
0
21
0
19
0
25
0
22
0
17
0
12
0
10
0
43
0
22
0
40
0
25
0
18
0
41
0
19
0
22
0
38
0
28
0
12
0
39
0
21
0
6
0
11
0
20
0
11
0
5
0
20
0
21
0
12
0
15
0
28
0
12
0
24
0
20
0
21
0
19
0
29
0
10
0
21
0
25
0
43
0
39
0
11
0
19
0
24
0
26
0
29
0
15
0
36
0
27
0
18
0
17
0
11
0
26
0
10
0
26
0
7
0
37
0
7
0
19
0
33
0
19
0
44
0
21
0
21
0
16
0
24
0
24
0
30
0
16
0
32
0
12
0
42
0
25
0
15
0
6
0
27
0
34
0
18
0
33
0
21
0
19
0
21
0
13
0
26
0
17
0
19
0
8
0
4
0
25
0
15
0
6
0
14
0
30
0
9
0
13
0
0
0
17
0
18
0
15
0
18
0
33
0
49
0
14
0
14
0
21
0
9
0
31
0
20
0
43
0
41
0
25
0
22
0
12
0
18
0
26
0
17
0
13
0
30
0
10
0
23
0
4
0
19
0
25
0
20
0
21
0
27
0
28
0
18
0
41
0
16
0
18
0
17
0
24
0
22
0
24
0
23
0
14
0
22
0
12
0
20
0
20
0
16
0
17
0
39
0
14
0
21
0
12
0
31
0
21
0
20
0
22
0
30
0
23
0
31
0
18
0
34
0
35
0
14
0
21
0
14
0
16
0
24
0
12
0
37
0
10
0
35
0
14
0
22
0
26
0
3
0
50
0
42
0
30
0
15
0
9
0
20
0
14
0
19
0
14
0
20
0
3
0
27
0
27
0
19
0
9
0
9
0
21
0
13
0
17
0
35
0
9
0
9
0
32
0
25
0
24
0
25
0
46
0
13
0
22
0
24
0
24
0
19
0
30
0
32
0
8
0
20
0
21
0
28
0
16
0
9
0
13
0
20
0
15
0
28
0
38
0
6
0
16
0
13
0
23
0
6
0
24
0
11
0
33
0
11
0
2
0
25
0
24
0
30
0
27
0
14
0
21
0
13
0
28
0
14
0
12
0
26
0
32
0
16
0
20
0
20
0
33
0
33
0
12
0
17
0
11
0
25
0
26
0
16
0
24
0
18
0
26
0
31
0
15
0
30
0
10
0
25
0
18
0
8
0
28
0
12
0
14
0
33
0
16
0
26
0
20
0
23
0
25
0
16
0
32
0
20
0
25
0
37
0
21
0
56
0
19
0
36
0
18
0
32
0
24
0
26
0
35
0
29
0
11
0
15
0
31
0
29
0
18
0
24
0
20
0
15
0
32
0
11
0
40
0
28
0
15
0
21
0
8
0
18
0
20
0
17
0
34
0
8
0
20
0
24
0
3
0
0
0
7
0
25
0
19
0
20
0
25
0
28
0
17
0
14
0
24
0
20
0
9
0
31
0
31
0
33
0
17
0
17
0
22
0
25
0
30
0
12
0
21
0
10
0
9
0
46
0
23
0
17
0
15
0
33
0
19
0
13
0
20
0
28
0
10
0
15
0
19
0
17
0
22
0
59
0
20
0
20
0
20
0
22
0
13
0
10
0
24
0
48
0
22
0
29
0
25
0
19
0
0
0
16
0
13
0
12
0
21
0
23
0
11
0
14
0
23
0
36
0
24
0
11
0
29
0
4
0
21
0
6
0
16
0
28
0
12
0
26
0
20
0
23
0
36
0
28
0
19
0
3
0
21
0
44
0
18
0
44
0
18
0
28
0
25
0
33
0
31
0
20
0
10
0
14
0
22
0
19
0
18
0
20
0
21
0
58
0
25
0
9
0
45
0
21
0
35
0
8
0
4
0
27
0
15
0
27
0
19
0
14
0
14
0
22
0
33
0
13
0
10
0
16
0
23
0
9
0
12
0
12
0
16
0
39
