0
11
0
26
0
9
0
14
0
24
0
20
0
34
0
18
0
19
0
28
0
11
0
11
0
26
0
19
0
39
0
20
0
18
0
30
0
24
0
20
0
13
0
15
0
13
0
20
0
14
0
32
0
50
0
14
0
24
0
21
0
14
0
10
0
30
0
28
0
13
0
19
0
13
0
8
0
10
0
22
0
11
0
27
0
16
0
18
0
17
0
9
0
7
0
27
0
10
0
13
0
32
0
27
0
23
0
23
0
13
0
19
0
33
0
3
0
22
0
27
0
17
0
37
0
8
0
20
0
17
0
36
0
0
0
6
0
50
0
32
0
38
0
16
0
14
0
17
0
27
0
33
0
31
0
8
0
25
0
12
0
29
0
46
0
4
0
32
0
18
0
18
0
22
0
30
0
29
0
23
0
20
0
13
0
14
0
26
0
34
0
40
0
8
0
24
0
20
0
12
0
23
0
13
0
44
0
16
0
24
0
34
0
42
0
34
0
13
0
14
0
17
0
39
0
20
0
17
0
30
0
8
0
21
0
22
0
33
0
12
0
20
0
18
0
28
0
13
0
19
0
24
0
27
0
29
0
3
0
17
0
16
0
31
0
18
0
44
0
19
0
22
0
34
0
43
0
28
0
21
0
22
0
15
0
14
0
23
0
28
0
25
0
20
0
13
0
23
0
58
0
14
0
33
0
30
0
17
0
33
0
22
0
12
0
10
0
8
0
22
0
42
0
13
0
14
0
22
0
32
0
24
0
25
0
0
0
11
0
12
0
24
0
37
0
14
0
29
0
27
0
15
0
6
0
26
0
25
0
12
0
11
0
19
0
22
0
27
0
13
0
14
0
10
0
16
0
25
0
43
0
16
0
10
0
5
0
27
0
14
0
14
0
32
0
57
0
55
0
54
0
16
0
18
0
2
0
36
0
24
0
17
0
25
0
20
0
21
0
37
0
17
0
12
0
24
0
29
0
24
0
18
0
13
0
20
0
24
0
3
0
35
0
25
0
2
0
21
0
23
0
28
0
8
0
21
0
18
0
24
0
6
0
27
0
19
0
21
0
24
0
38
0
21
0
31
0
26
0
14
0
22
0
24
0
23
0
26
0
11
0
40
0
17
0
38
0
36
0
7
0
4
0
23
0
17
0
26
0
21
0
18
0
31
0
18
0
25
0
36
0
26
0
44
0
38
0
11
0
44
0
20
0
15
0
21
0
40
0
26
0
16
0
22
0
33
0
38
0
2
0
24
0
19
0
27
0
26
0
22
0
16
0
15
0
9
0
21
0
22
0
26
0
16
0
18
0
34
0
4
0
23
0
18
0
19
0
24
0
8
0
17
0
11
0
24
0
22
0
34
0
7
0
22
0
24
0
9
0
22
0
22
0
27
0
9
0
16
0
18
0
22
0
18
0
22
0
38
0
9
0
27
0
20
0
35
0
9
0
16
0
21
0
20
0
17
0
17
0
36
0
30
0
37
0
36
0
63
0
14
0
17
0
23
0
39
0
15
0
16
0
21
0
35
0
33
0
9
0
32
0
28
0
34
0
30
0
13
0
29
0
34
0
28
0
15
0
20
0
20
0
12
0
14
0
18
0
25
0
24
0
29
0
23
0
22
0
31
0
25
0
23
0
28
0
18
0
35
0
16
0
14
0
18
0
21
0
42
0
36
0
11
0
23
0
31
0
28
0
16
0
13
0
28
0
31
0
54
0
34
0
34
0
28
0
10
0
22
0
25
0
4
0
6
0
9
0
32
0
17
0
17
0
23
0
10
0
2
0
17
0
26
0
6
0
19
0
0
0
24
0
24
0
33
0
26
0
25
0
28
0
40
0
29
0
8
0
18
0
27
0
32
0
6
0
48
0
20
0
8
0
8
0
33
0
35
0
25
0
20
0
20
0
20
0
27
0
19
0
24
0
12
0
27
0
28
0
26
0
17
0
23
0
25
0
24
0
19
0
30
0
20
0
22
0
18
0
12
0
18
0
13
0
24
0
22
0
23
0
14
0
20
0
16
0
42
0
34
0
20
0
32
0
16
0
22
0
19
0
38
0
22
0
18
0
17
0
22
0
16
0
12
0
23
0
29
0
44
0
16
0
27
0
24
0
17
0
18
0
20
0
23
0
16
0
18
0
24
0
26
0
8
0
18
0
13
0
14
0
11
0
17
0
19
0
3
0
24
0
29
0
31
0
19
0
28
0
24
0
12
0
34
0
23
0
33
0
25
0
26
0
19
0
34
0
23
0
21
0
7
0
