0
22
0
23
0
23
0
40
0
29
0
22
0
8
0
35
0
22
0
31
0
21
0
40
0
37
0
17
0
15
0
16
0
16
0
24
0
30
0
25
0
14
0
33
0
14
0
25
0
24
0
32
0
12
0
18
0
20
0
24
0
28
0
31
0
22
0
15
0
30
0
6
0
23
0
8
0
21
0
26
0
25
0
26
0
54
0
23
0
21
0
34
0
34
0
10
0
18
0
11
0
20
0
9
0
20
0
21
0
9
0
29
0
25
0
58
0
18
0
28
0
26
0
34
0
28
0
31
0
36
0
17
0
22
0
31
0
44
0
13
0
8
0
25
0
4
0
17
0
12
0
9
0
39
0
24
0
24
0
22
0
21
0
14
0
19
0
11
0
13
0
28
0
39
0
20
0
25
0
15
0
24
0
14
0
24
0
15
0
17
0
24
0
14
0
17
0
21
0
26
0
22
0
30
0
13
0
19
0
14
0
21
0
14
0
35
0
16
0
34
0
18
0
2
0
53
0
18
0
56
0
9
0
16
0
15
0
30
0
13
0
27
0
2
0
9
0
19
0
6
0
32
0
8
0
20
0
33
0
38
0
32
0
20
0
35
0
22
0
13
0
32
0
35
0
32
0
44
0
14
0
25
0
8
0
17
0
27
0
35
0
2
0
26
0
29
0
16
0
19
0
24
0
10
0
27
0
14
0
19
0
37
0
36
0
6
0
24
0
17
0
19
0
22
0
16
0
12
0
23
0
19
0
29
0
24
0
32
0
21
0
13
0
27
0
28
0
24
0
10
0
21
0
16
0
21
0
31
0
19
0
16
0
9
0
12
0
26
0
27
0
24
0
7
0
11
0
16
0
19
0
32
0
37
0
19
0
7
0
14
0
16
0
35
0
19
0
21
0
28
0
8
0
32
0
27
0
29
0
25
0
14
0
37
0
2
0
39
0
11
0
33
0
26
0
27
0
13
0
37
0
14
0
31
0
32
0
36
0
7
0
10
0
37
0
21
0
26
0
24
0
15
0
20
0
45
0
25
0
23
0
9
0
18
0
19
0
23
0
35
0
15
0
27
0
26
0
24
0
26
0
29
0
30
0
14
0
28
0
24
0
26
0
20
0
14
0
33
0
31
0
18
0
18
0
15
0
21
0
23
0
44
0
36
0
17
0
32
0
12
0
20
0
20
0
34
0
12
0
25
0
41
0
46
0
15
0
27
0
21
0
30
0
25
0
34
0
7
0
19
0
16
0
50
0
15
0
28
0
31
0
22
0
23
0
13
0
36
0
22
0
16
0
24
0
26
0
40
0
11
0
30
0
44
0
41
0
8
0
27
0
39
0
54
0
17
0
14
0
15
0
22
0
15
0
8
0
23
0
13
0
12
0
30
0
22
0
14
0
13
0
27
0
21
0
13
0
6
0
31
0
10
0
34
0
5
0
31
0
13
0
17
0
37
0
5
0
22
0
20
0
11
0
16
0
38
0
27
0
16
0
28
0
23
0
41
0
20
0
12
0
9
0
6
0
24
0
18
0
16
0
24
0
32
0
21
0
32
0
16
0
15
0
11
0
20
0
17
0
30
0
9
0
7
0
11
0
17
0
27
0
16
0
40
0
33
0
12
0
23
0
30
0
8
0
20
0
13
0
24
0
24
0
10
0
10
0
24
0
39
0
15
0
26
0
27
0
17
0
21
0
26
0
33
0
22
0
28
0
22
0
14
0
24
0
13
0
14
0
10
0
12
0
27
0
23
0
26
0
26
0
17
0
21
0
10
0
28
0
32
0
50
0
25
0
11
0
30
0
36
0
23
0
17
0
27
0
24
0
15
0
27
0
21
0
26
0
14
0
27
0
16
0
29
0
26
0
29
0
20
0
21
0
13
0
28
0
26
0
16
0
27
0
16
0
20
0
30
0
31
0
12
0
12
0
22
0
19
0
22
0
8
0
33
0
25
0
14
0
25
0
30
0
38
0
9
0
6
0
47
0
26
0
24
0
18
0
31
0
38
0
12
0
26
0
26
0
8
0
29
0
27
0
32
0
32
0
16
0
11
0
32
0
18
0
20
0
28
0
27
0
16
0
20
0
18
0
30
0
15
0
27
0
33
0
48
0
29
0
16
0
31
0
24
0
24
0
33
0
24
0
29
0
17
0
22
0
31
0
30
0
27
0
45
0
217
0
12
0
15
0
25
0
17
0
5
0
21
0
27
0
23
0
27
0
46
0
34
0
16
0
29
0
20
0
16
0
29
0
13
0
