0
32
0
7
0
10
0
28
0
23
0
26
0
11
0
13
0
21
0
26
0
26
0
28
0
24
0
21
0
20
0
40
0
17
0
12
0
38
0
19
0
32
0
17
0
8
0
18
0
38
0
9
0
31
0
19
0
26
0
34
0
24
0
34
0
14
0
36
0
27
0
28
0
18
0
27
0
15
0
28
0
23
0
18
0
15
0
16
0
17
0
28
0
27
0
32
0
20
0
42
0
48
0
13
0
29
0
19
0
17
0
43
0
17
0
30
0
38
0
19
0
32
0
7
0
20
0
11
0
33
0
27
0
33
0
6
0
2
0
20
0
26
0
18
0
22
0
16
0
14
0
24
0
11
0
31
0
21
0
14
0
34
0
3
0
29
0
9
0
18
0
18
0
41
0
20
0
15
0
35
0
25
0
33
0
20
0
11
0
18
0
30
0
32
0
23
0
17
0
33
0
38
0
29
0
21
0
19
0
20
0
26
0
31
0
14
0
29
0
33
0
11
0
17
0
25
0
30
0
26
0
16
0
20
0
50
0
27
0
16
0
14
0
33
0
10
0
10
0
36
0
22
0
13
0
13
0
19
0
20
0
29
0
18
0
6
0
12
0
35
0
22
0
30
0
33
0
21
0
19
0
19
0
22
0
40
0
12
0
26
0
43
0
20
0
31
0
31
0
12
0
18
0
14
0
10
0
12
0
22
0
22
0
22
0
25
0
14
0
16
0
30
0
16
0
7
0
17
0
32
0
16
0
11
0
23
0
4
0
3
0
36
0
20
0
22
0
36
0
22
0
12
0
20
0
28
0
45
0
33
0
27
0
15
0
9
0
16
0
35
0
27
0
59
0
25
0
24
0
11
0
21
0
27
0
13
0
22
0
42
0
21
0
8
0
23
0
24
0
18
0
0
0
42
0
32
0
48
0
50
0
26
0
16
0
20
0
22
0
26
0
26
0
38
0
29
0
21
0
43
0
26
0
14
0
39
0
16
0
20
0
22
0
27
0
15
0
16
0
34
0
32
0
21
0
19
0
19
0
34
0
37
0
12
0
10
0
21
0
15
0
20
0
21
0
18
0
32
0
20
0
15
0
16
0
32
0
6
0
16
0
14
0
13
0
33
0
24
0
24
0
22
0
35
0
18
0
30
0
33
0
28
0
19
0
24
0
22
0
28
0
16
0
11
0
21
0
27
0
21
0
19
0
28
0
26
0
0
0
30
0
38
0
18
0
19
0
25
0
20
0
11
0
21
0
14
0
36
0
11
0
19
0
25
0
21
0
30
0
28
0
10
0
16
0
12
0
33
0
13
0
28
0
12
0
22
0
28
0
27
0
20
0
29
0
18
0
21
0
43
0
24
0
18
0
5
0
27
0
28
0
17
0
2
0
21
0
27
0
13
0
18
0
30
0
19
0
40
0
9
0
7
0
12
0
18
0
13
0
18
0
27
0
17
0
16
0
23
0
21
0
24
0
20
0
22
0
24
0
25
0
8
0
26
0
29
0
34
0
11
0
28
0
10
0
25
0
16
0
21
0
12
0
37
0
47
0
25
0
22
0
35
0
35
0
20
0
42
0
18
0
26
0
27
0
32
0
23
0
23
0
20
0
33
0
32
0
9
0
15
0
37
0
26
0
18
0
24
0
17
0
19
0
13
0
36
0
24
0
36
0
25
0
27
0
26
0
16
0
14
0
15
0
29
0
21
0
25
0
27
0
13
0
5
0
17
0
29
0
19
0
38
0
16
0
30
0
33
0
19
0
10
0
22
0
14
0
31
0
13
0
24
0
30
0
22
0
10
0
40
0
18
0
10
0
18
0
15
0
37
0
6
0
21
0
31
0
17
0
19
0
17
0
13
0
39
0
28
0
11
0
31
0
18
0
7
0
11
0
27
0
9
0
23
0
38
0
15
0
22
0
32
0
22
0
27
0
35
0
27
0
42
0
32
0
15
0
6
0
18
0
14
0
24
0
11
0
21
0
44
0
22
0
36
0
11
0
13
0
20
0
14
0
14
0
18
0
16
0
46
0
14
0
9
0
25
0
13
0
28
0
15
0
15
0
15
0
26
0
38
0
33
0
18
0
19
0
13
0
22
0
20
0
23
0
21
0
25
0
25
0
28
0
22
0
25
0
6
0
21
0
42
0
34
0
34
0
23
0
23
0
20
0
15
0
23
0
71
0
45
0
27
0
36
0
19
0
13
0
21
0
25
0
17
0
20
0
17
0
3
0
16
0
9
0
19
0
6
0
20
0
