0
14
0
17
0
17
0
29
0
16
0
20
0
42
0
17
0
23
0
20
0
8
0
13
0
7
0
0
0
16
0
15
0
29
0
30
0
19
0
18
0
17
0
33
0
21
0
30
0
9
0
11
0
26
0
32
0
19
0
22
0
32
0
14
0
8
0
24
0
15
0
4
0
28
0
24
0
18
0
9
0
15
0
28
0
30
0
21
0
18
0
24
0
38
0
22
0
11
0
17
0
15
0
19
0
14
0
28
0
21
0
25
0
14
0
29
0
16
0
15
0
25
0
18
0
22
0
30
0
38
0
7
0
23
0
29
0
16
0
27
0
18
0
16
0
6
0
20
0
7
0
30
0
25
0
8
0
18
0
14
0
26
0
31
0
10
0
10
0
20
0
21
0
35
0
23
0
15
0
26
0
22
0
19
0
45
0
22
0
23
0
14
0
30
0
19
0
10
0
19
0
7
0
17
0
3
0
41
0
23
0
23
0
20
0
21
0
45
0
48
0
39
0
16
0
22
0
9
0
27
0
18
0
20
0
22
0
31
0
53
0
28
0
22
0
8
0
29
0
20
0
9
0
22
0
12
0
0
0
16
0
27
0
32
0
17
0
28
0
16
0
23
0
13
0
19
0
11
0
17
0
21
0
32
0
23
0
32
0
26
0
22
0
25
0
31
0
23
0
23
0
34
0
18
0
9
0
45
0
24
0
7
0
18
0
34
0
14
0
30
0
16
0
42
0
17
0
31
0
12
0
27
0
28
0
17
0
28
0
15
0
16
0
18
0
13
0
16
0
34
0
19
0
19
0
15
0
7
0
20
0
35
0
14
0
27
0
34
0
13
0
24
0
30
0
30
0
25
0
23
0
11
0
14
0
12
0
17
0
19
0
22
0
18
0
22
0
31
0
4
0
34
0
12
0
36
0
49
0
11
0
11
0
47
0
18
0
15
0
14
0
24
0
0
0
12
0
24
0
36
0
31
0
25
0
17
0
24
0
28
0
36
0
30
0
12
0
15
0
7
0
11
0
12
0
4
0
25
0
13
0
29
0
36
0
7
0
31
0
24
0
8
0
40
0
6
0
24
0
32
0
23
0
12
0
24
0
20
0
26
0
23
0
8
0
50
0
29
0
32
0
22
0
17
0
13
0
23
0
0
0
17
0
12
0
27
0
17
0
15
0
18
0
26
0
17
0
32
0
19
0
21
0
21
0
24
0
30
0
26
0
33
0
48
0
32
0
13
0
17
0
25
0
29
0
13
0
45
0
0
0
40
0
10
0
17
0
32
0
12
0
49
0
33
0
12
0
18
0
19
0
41
0
19
0
18
0
21
0
11
0
9
0
16
0
31
0
9
0
31
0
18
0
16
0
20
0
14
0
18
0
29
0
6
0
29
0
28
0
11
0
30
0
32
0
24
0
29
0
47
0
23
0
22
0
41
0
8
0
18
0
36
0
6
0
27
0
35
0
16
0
4
0
18
0
22
0
29
0
0
0
23
0
22
0
11
0
10
0
7
0
18
0
30
0
22
0
28
0
24
0
25
0
22
0
16
0
10
0
21
0
17
0
27
0
11
0
15
0
26
0
3
0
23
0
10
0
26
0
16
0
20
0
18
0
30
0
25
0
51
0
14
0
6
0
20
0
10
0
23
0
15
0
38
0
21
0
26
0
16
0
18
0
25
0
7
0
29
0
19
0
24
0
16
0
25
0
4
0
23
0
16
0
20
0
27
0
19
0
22
0
19
0
18
0
24
0
20
0
14
0
31
0
12
0
16
0
16
0
33
0
40
0
28
0
3
0
6
0
24
0
11
0
16
0
26
0
40
0
16
0
25
0
20
0
16
0
8
0
20
0
15
0
48
0
28
0
18
0
14
0
14
0
10
0
57
0
6
0
28
0
19
0
23
0
23
0
30
0
21
0
18
0
16
0
11
0
26
0
30
0
13
0
32
0
23
0
13
0
13
0
33
0
19
0
19
0
17
0
32
0
10
0
3
0
21
0
18
0
27
0
20
0
30
0
18
0
20
0
12
0
17
0
22
0
24
0
17
0
13
0
30
0
11
0
20
0
22
0
33
0
23
0
27
0
10
0
16
0
10
0
21
0
21
0
23
0
18
0
22
0
26
0
19
0
4
0
21
0
22
0
8
0
21
0
10
0
14
0
18
0
17
0
16
0
22
0
11
0
29
0
23
0
20
0
21
0
32
0
16
0
11
0
28
0
11
0
47
0
22
0
25
0
21
0
17
0
21
0
10
0
