0
13
0
14
0
22
0
14
0
20
0
14
0
29
0
20
0
29
0
38
0
27
0
18
0
18
0
24
0
13
0
16
0
11
0
15
0
32
0
6
0
24
0
21
0
22
0
16
0
17
0
12
0
29
0
16
0
24
0
22
0
25
0
17
0
27
0
24
0
24
0
36
0
24
0
23
0
23
0
24
0
20
0
20
0
9
0
15
0
18
0
13
0
17
0
25
0
17
0
37
0
21
0
29
0
32
0
29
0
22
0
20
0
12
0
12
0
37
0
13
0
55
0
21
0
26
0
18
0
21
0
21
0
23
0
24
0
13
0
16
0
37
0
3
0
23
0
34
0
29
0
24
0
29
0
30
0
5
0
25
0
35
0
26
0
16
0
19
0
13
0
25
0
35
0
25
0
43
0
21
0
34
0
9
0
18
0
27
0
17
0
11
0
7
0
19
0
20
0
43
0
21
0
12
0
20
0
16
0
16
0
15
0
21
0
17
0
3
0
13
0
18
0
36
0
16
0
17
0
17
0
7
0
31
0
6
0
35
0
16
0
28
0
5
0
21
0
19
0
21
0
15
0
18
0
8
0
29
0
19
0
6
0
10
0
38
0
31
0
18
0
21
0
37
0
29
0
23
0
19
0
10
0
17
0
17
0
9
0
31
0
26
0
17
0
37
0
23
0
7
0
26
0
35
0
24
0
19
0
15
0
1
0
9
0
7
0
22
0
18
0
17
0
19
0
19
0
16
0
16
0
24
0
15
0
16
0
26
0
34
0
27
0
39
0
25
0
52
0
33
0
24
0
27
0
15
0
8
0
17
0
18
0
33
0
6
0
25
0
1
0
23
0
31
0
10
0
21
0
21
0
25
0
28
0
5
0
19
0
33
0
25
0
35
0
17
0
38
0
19
0
39
0
45
0
28
0
27
0
33
0
10
0
12
0
51
0
28
0
7
0
28
0
5
0
9
0
29
0
17
0
6
0
17
0
26
0
40
0
11
0
15
0
7
0
20
0
32
0
22
0
18
0
21
0
15
0
10
0
10
0
23
0
34
0
27
0
29
0
20
0
13
0
24
0
19
0
22
0
30
0
22
0
25
0
21
0
17
0
11
0
9
0
39
0
28
0
15
0
26
0
6
0
18
0
46
0
17
0
22
0
36
0
30
0
16
0
4
0
19
0
12
0
21
0
33
0
12
0
26
0
16
0
17
0
16
0
22
0
10
0
27
0
10
0
17
0
14
0
24
0
12
0
15
0
39
0
8
0
21
0
13
0
22
0
14
0
23
0
26
0
33
0
18
0
20
0
11
0
16
0
27
0
10
0
22
0
43
0
24
0
21
0
35
0
21
0
44
0
34
0
22
0
18
0
17
0
6
0
12
0
49
0
27
0
9
0
25
0
15
0
16
0
48
0
35
0
36
0
28
0
21
0
20
0
29
0
17
0
33
0
25
0
22
0
23
0
19
0
22
0
28
0
19
0
41
0
24
0
33
0
28
0
14
0
8
0
35
0
17
0
47
0
20
0
36
0
36
0
38
0
22
0
28
0
27
0
8
0
15
0
24
0
14
0
27
0
5
0
22
0
33
0
21
0
22
0
21
0
15
0
22
0
23
0
17
0
20
0
35
0
21
0
25
0
28
0
8
0
52
0
11
0
23
0
20
0
18
0
38
0
29
0
18
0
24
0
19
0
14
0
36
0
34
0
13
0
4
0
21
0
28
0
37
0
12
0
19
0
12
0
17
0
52
0
13
0
15
0
18
0
40
0
24
0
24
0
20
0
1
0
20
0
30
0
22
0
25
0
24
0
16
0
18
0
28
0
22
0
40
0
16
0
15
0
15
0
0
0
12
0
32
0
21
0
15
0
9
0
15
0
50
0
21
0
27
0
24
0
24
0
32
0
33
0
18
0
29
0
4
0
26
0
18
0
21
0
10
0
24
0
8
0
25
0
30
0
25
0
6
0
20
0
30
0
32
0
42
0
16
0
34
0
14
0
30
0
0
0
16
0
29
0
14
0
11
0
40
0
42
0
17
0
13
0
20
0
27
0
23
0
18
0
26
0
22
0
31
0
23
0
24
0
38
0
19
0
20
0
15
0
16
0
29
0
14
0
39
0
17
0
12
0
16
0
40
0
21
0
24
0
19
0
17
0
22
0
6
0
21
0
17
0
7
0
26
0
200
0
29
0
26
0
27
0
6
0
8
0
10
0
42
0
20
0
21
0
29
0
13
0
22
0
9
0
31
0
28
0
13
0
