0
32
0
26
0
45
0
17
0
18
0
19
0
30
0
17
0
23
0
36
0
13
0
16
0
36
0
19
0
17
0
12
0
30
0
36
0
26
0
7
0
16
0
6
0
24
0
24
0
22
0
19
0
6
0
20
0
34
0
36
0
27
0
6
0
15
0
17
0
16
0
30
0
8
0
34
0
10
0
25
0
6
0
32
0
26
0
25
0
7
0
22
0
19
0
14
0
29
0
8
0
11
0
7
0
38
0
15
0
29
0
15
0
23
0
26
0
25
0
33
0
25
0
23
0
15
0
2
0
8
0
29
0
26
0
31
0
39
0
16
0
17
0
20
0
8
0
32
0
35
0
29
0
12
0
35
0
14
0
18
0
30
0
7
0
24
0
31
0
16
0
40
0
21
0
27
0
7
0
28
0
23
0
3
0
22
0
12
0
25
0
44
0
2
0
11
0
28
0
17
0
12
0
10
0
13
0
56
0
29
0
21
0
34
0
34
0
19
0
19
0
22
0
25
0
14
0
9
0
32
0
14
0
18
0
20
0
31
0
20
0
14
0
35
0
28
0
28
0
33
0
17
0
20
0
22
0
12
0
11
0
29
0
18
0
25
0
12
0
30
0
0
0
23
0
18
0
13
0
13
0
13
0
46
0
24
0
27
0
21
0
22
0
22
0
22
0
33
0
11
0
21
0
30
0
36
0
5
0
11
0
57
0
14
0
33
0
17
0
26
0
32
0
18
0
14
0
13
0
14
0
33
0
14
0
14
0
22
0
29
0
13
0
21
0
8
0
10
0
34
0
13
0
26
0
40
0
56
0
41
0
10
0
3
0
30
0
31
0
36
0
14
0
16
0
32
0
19
0
34
0
20
0
18
0
16
0
8
0
15
0
32
0
17
0
16
0
25
0
21
0
15
0
1
0
11
0
16
0
27
0
27
0
17
0
25
0
27
0
19
0
24
0
18
0
36
0
24
0
48
0
14
0
33
0
6
0
27
0
26
0
27
0
15
0
31
0
19
0
11
0
24
0
25
0
10
0
37
0
31
0
10
0
27
0
32
0
13
0
24
0
24
0
11
0
26
0
14
0
23
0
16
0
31
0
22
0
16
0
23
0
30
0
20
0
35
0
17
0
41
0
26
0
17
0
30
0
23
0
42
0
13
0
13
0
6
0
9
0
38
0
20
0
20
0
6
0
26
0
7
0
52
0
17
0
46
0
18
0
11
0
14
0
13
0
24
0
8
0
35
0
16
0
15
0
26
0
24
0
21
0
9
0
25
0
23
0
14
0
18
0
21
0
21
0
29
0
15
0
9
0
12
0
34
0
9
0
25
0
16
0
24
0
19
0
22
0
32
0
20
0
14
0
6
0
22
0
20
0
23
0
18
0
29
0
32
0
25
0
26
0
18
0
35
0
25
0
36
0
20
0
21
0
30
0
26
0
48
0
30
0
12
0
22
0
22
0
13
0
35
0
19
0
26
0
37
0
17
0
12
0
23
0
22
0
30
0
8
0
32
0
15
0
17
0
4
0
20
0
15
0
5
0
5
0
39
0
27
0
24
0
13
0
19
0
32
0
27
0
32
0
19
0
29
0
11
0
17
0
9
0
32
0
25
0
14
0
21
0
17
0
14
0
15
0
13
0
26
0
40
0
14
0
44
0
26
0
33
0
17
0
21
0
17
0
36
0
7
0
23
0
24
0
14
0
26
0
25
0
12
0
18
0
24
0
27
0
21
0
38
0
20
0
11
0
34
0
19
0
11
0
23
0
16
0
3
0
7
0
22
0
14
0
35
0
18
0
5
0
35
0
14
0
25
0
20
0
34
0
5
0
10
0
25
0
36
0
20
0
40
0
1
0
27
0
14
0
30
0
42
0
12
0
17
0
39
0
15
0
10
0
23
0
29
0
36
0
19
0
20
0
38
0
16
0
19
0
21
0
28
0
2
0
31
0
19
0
44
0
18
0
25
0
31
0
13
0
12
0
36
0
31
0
26
0
33
0
30
0
11
0
43
0
11
0
29
0
12
0
39
0
20
0
45
0
18
0
12
0
15
0
12
0
25
0
6
0
17
0
31
0
22
0
7
0
11
0
19
0
23
0
26
0
18
0
10
0
16
0
25
0
18
0
28
0
26
0
18
0
20
0
17
0
23
0
27
0
20
0
17
0
25
0
26
0
29
0
10
0
26
0
32
0
19
0
0
0
30
0
22
0
35
0
26
0
17
0
10
0
16
0
15
0
25
0
23
0
41
0
30
0
