0
17
0
16
0
23
0
35
0
13
0
12
0
11
0
30
0
21
0
22
0
32
0
10
0
21
0
9
0
25
0
32
0
24
0
26
0
27
0
17
0
11
0
39
0
21
0
14
0
25
0
22
0
17
0
30
0
28
0
34
0
34
0
20
0
17
0
11
0
10
0
11
0
32
0
23
0
15
0
18
0
9
0
24
0
42
0
29
0
22
0
26
0
21
0
24
0
10
0
5
0
20
0
24
0
38
0
8
0
9
0
16
0
8
0
10
0
13
0
27
0
20
0
38
0
20
0
14
0
8
0
21
0
12
0
31
0
31
0
10
0
10
0
26
0
41
0
8
0
10
0
20
0
18
0
24
0
24
0
14
0
36
0
23
0
22
0
29
0
19
0
7
0
19
0
28
0
35
0
24
0
17
0
16
0
23
0
36
0
30
0
26
0
22
0
14
0
19
0
16
0
22
0
21
0
15
0
21
0
18
0
21
0
25
0
17
0
19
0
34
0
14
0
34
0
14
0
30
0
8
0
17
0
15
0
20
0
20
0
24
0
40
0
37
0
16
0
19
0
25
0
28
0
25
0
33
0
14
0
33
0
12
0
13
0
25
0
43
0
17
0
23
0
22
0
9
0
22
0
21
0
24
0
30
0
18
0
35
0
32
0
13
0
10
0
28
0
24
0
9
0
13
0
20
0
14
0
12
0
26
0
32
0
20
0
24
0
18
0
45
0
26
0
13
0
13
0
22
0
5
0
8
0
13
0
29
0
13
0
25
0
32
0
37
0
26
0
22
0
6
0
12
0
25
0
30
0
28
0
8
0
17
0
14
0
28
0
29
0
31
0
31
0
14
0
13
0
13
0
24
0
6
0
18
0
23
0
28
0
18
0
18
0
26
0
21
0
14
0
19
0
22
0
29
0
13
0
18
0
13
0
9
0
15
0
22
0
18
0
10
0
14
0
21
0
21
0
33
0
20
0
22
0
20
0
21
0
36
0
16
0
22
0
18
0
19
0
29
0
16
0
32
0
22
0
15
0
10
0
15
0
10
0
15
0
17
0
36
0
18
0
19
0
41
0
4
0
13
0
8
0
26
0
23
0
18
0
6
0
26
0
20
0
40
0
24
0
21
0
16
0
17
0
8
0
19
0
16
0
23
0
9
0
27
0
41
0
33
0
10
0
23
0
30
0
23
0
9
0
17
0
22
0
12
0
14
0
33
0
20
0
26
0
26
0
13
0
32
0
48
0
11
0
10
0
35
0
21
0
27
0
18
0
10
0
18
0
17
0
47
0
31
0
27
0
13
0
15
0
20
0
37
0
14
0
15
0
10
0
9
0
17
0
25
0
23
0
23
0
12
0
2
0
20
0
4
0
22
0
5
0
8
0
44
0
8
0
15
0
14
0
22
0
12
0
16
0
6
0
54
0
3
0
43
0
14
0
21
0
7
0
30
0
26
0
22
0
17
0
9
0
16
0
16
0
16
0
19
0
19
0
18
0
21
0
30
0
13
0
14
0
12
0
8
0
21
0
35
0
14
0
24
0
20
0
42
0
16
0
14
0
48
0
27
0
16
0
24
0
20
0
15
0
5
0
27
0
32
0
19
0
24
0
18
0
14
0
18
0
30
0
19
0
20
0
17
0
16
0
10
0
18
0
11
0
27
0
46
0
28
0
26
0
42
0
14
0
1
0
8
0
12
0
21
0
18
0
24
0
11
0
8
0
29
0
22
0
20
0
19
0
23
0
30
0
22
0
9
0
20
0
28
0
10
0
13
0
30
0
19
0
21
0
8
0
22
0
10
0
24
0
47
0
24
0
17
0
17
0
24
0
28
0
31
0
21
0
20
0
28
0
18
0
36
0
0
0
24
0
5
0
12
0
41
0
26
0
18
0
27
0
34
0
30
0
24
0
11
0
35
0
18
0
25
0
12
0
34
0
37
0
8
0
27
0
9
0
26
0
25
0
34
0
19
0
36
0
34
0
25
0
20
0
22
0
22
0
32
0
14
0
18
0
15
0
44
0
13
0
26
0
18
0
17
0
21
0
39
0
19
0
26
0
16
0
21
0
24
0
20
0
29
0
15
0
40
0
27
0
48
0
15
0
43
0
19
0
28
0
20
0
47
0
12
0
28
0
21
0
25
0
23
0
30
0
29
0
15
0
28
0
15
0
4
0
27
0
28
0
22
0
16
0
16
0
26
0
39
0
38
0
29
0
29
0
25
0
27
0
18
0
19
0
21
0
19
0
28
0
12
0
