0
41
0
9
0
19
0
12
0
36
0
16
0
16
0
25
0
5
0
19
0
38
0
29
0
12
0
26
0
22
0
42
0
24
0
33
0
26
0
38
0
26
0
24
0
25
0
15
0
5
0
19
0
24
0
24
0
5
0
18
0
19
0
13
0
19
0
20
0
13
0
16
0
27
0
18
0
32
0
19
0
26
0
25
0
20
0
9
0
34
0
26
0
19
0
21
0
4
0
15
0
18
0
19
0
28
0
36
0
28
0
9
0
20
0
24
0
34
0
12
0
28
0
21
0
20
0
17
0
4
0
23
0
26
0
36
0
23
0
10
0
22
0
21
0
7
0
4
0
11
0
17
0
8
0
34
0
18
0
23
0
30
0
24
0
17
0
28
0
26
0
18
0
16
0
22
0
6
0
41
0
20
0
18
0
11
0
24
0
15
0
19
0
22
0
21
0
32
0
24
0
26
0
25
0
28
0
26
0
17
0
10
0
11
0
20
0
6
0
18
0
10
0
15
0
9
0
23
0
24
0
19
0
31
0
20
0
36
0
24
0
25
0
13
0
22
0
7
0
18
0
17
0
11
0
32
0
17
0
43
0
38
0
25
0
27
0
9
0
7
0
16
0
38
0
13
0
25
0
21
0
29
0
27
0
34
0
5
0
15
0
43
0
32
0
34
0
13
0
14
0
24
0
8
0
43
0
20
0
15
0
35
0
4
0
32
0
14
0
20
0
13
0
26
0
20
0
32
0
22
0
25
0
30
0
12
0
21
0
25
0
19
0
25
0
20
0
3
0
4
0
19
0
16
0
26
0
21
0
10
0
16
0
5
0
2
0
19
0
34
0
30
0
36
0
23
0
16
0
8
0
37
0
38
0
22
0
27
0
24
0
19
0
5
0
30
0
22
0
18
0
23
0
46
0
16
0
24
0
18
0
10
0
14
0
32
0
17
0
25
0
21
0
32
0
27
0
20
0
26
0
26
0
0
0
21
0
12
0
11
0
44
0
25
0
39
0
52
0
20
0
17
0
17
0
21
0
43
0
25
0
44
0
18
0
24
0
9
0
13
0
35
0
25
0
15
0
10
0
35
0
15
0
28
0
13
0
26
0
25
0
12
0
9
0
25
0
11
0
17
0
15
0
36
0
18
0
19
0
22
0
39
0
43
0
37
0
34
0
29
0
42
0
21
0
15
0
11
0
21
0
21
0
12
0
29
0
25
0
23
0
34
0
34
0
20
0
28
0
28
0
13
0
38
0
28
0
15
0
18
0
15
0
22
0
27
0
20
0
16
0
24
0
21
0
44
0
22
0
35
0
25
0
18
0
30
0
28
0
22
0
15
0
12
0
35
0
20
0
19
0
27
0
35
0
19
0
47
0
44
0
29
0
20
0
18
0
7
0
22
0
24
0
18
0
13
0
16
0
32
0
23
0
18
0
14
0
4
0
6
0
40
0
7
0
27
0
16
0
17
0
38
0
19
0
23
0
26
0
28
0
26
0
14
0
12
0
22
0
30
0
17
0
18
0
19
0
22
0
49
0
25
0
11
0
28
0
30
0
35
0
31
0
25
0
17
0
11
0
6
0
35
0
12
0
13
0
9
0
4
0
32
0
32
0
26
0
27
0
17
0
10
0
29
0
33
0
10
0
28
0
42
0
24
0
32
0
27
0
27
0
23
0
2
0
24
0
32
0
17
0
40
0
18
0
28
0
18
0
32
0
2
0
21
0
39
0
18
0
27
0
24
0
14
0
26
0
22
0
34
0
24
0
20
0
24
0
17
0
30
0
10
0
30
0
27
0
33
0
18
0
34
0
15
0
17
0
24
0
33
0
11
0
26
0
3
0
14
0
26
0
33
0
25
0
15
0
24
0
23
0
10
0
19
0
17
0
13
0
27
0
46
0
14
0
35
0
15
0
28
0
27
0
43
0
26
0
19
0
29
0
14
0
22
0
8
0
25
0
14
0
31
0
39
0
15
0
26
0
4
0
27
0
12
0
18
0
23
0
30
0
16
0
21
0
21
0
38
0
32
0
9
0
6
0
10
0
8
0
36
0
20
0
31
0
29
0
25
0
18
0
24
0
43
0
29
0
13
0
15
0
28
0
19
0
48
0
22
0
15
0
4
0
17
0
9
0
20
0
9
0
11
0
19
0
14
0
30
0
13
0
16
0
35
0
23
0
16
0
20
0
29
0
25
0
43
0
35
0
23
0
6
0
4
0
15
0
24
0
46
0
24
0
7
0
16
0
16
0
28
0
