0
24
0
26
0
15
0
19
0
5
0
15
0
16
0
14
0
27
0
36
0
22
0
32
0
20
0
10
0
18
0
41
0
8
0
36
0
17
0
20
0
8
0
20
0
13
0
10
0
22
0
15
0
14
0
40
0
25
0
5
0
12
0
24
0
6
0
25
0
30
0
17
0
32
0
13
0
32
0
28
0
20
0
26
0
0
0
33
0
23
0
14
0
32
0
24
0
20
0
40
0
16
0
18
0
16
0
22
0
36
0
15
0
6
0
5
0
24
0
25
0
36
0
18
0
15
0
39
0
34
0
18
0
24
0
13
0
16
0
18
0
25
0
46
0
24
0
16
0
21
0
4
0
14
0
6
0
26
0
24
0
19
0
21
0
27
0
17
0
4
0
28
0
1
0
33
0
24
0
38
0
11
0
12
0
14
0
19
0
10
0
16
0
22
0
31
0
6
0
13
0
6
0
22
0
17
0
0
0
44
0
39
0
52
0
24
0
13
0
52
0
27
0
10
0
21
0
12
0
19
0
20
0
12
0
28
0
15
0
22
0
15
0
15
0
29
0
17
0
14
0
9
0
8
0
26
0
14
0
21
0
28
0
10
0
18
0
18
0
22
0
18
0
10
0
23
0
28
0
35
0
29
0
26
0
26
0
18
0
5
0
28
0
22
0
13
0
21
0
43
0
9
0
20
0
8
0
27
0
20
0
24
0
22
0
29
0
16
0
41
0
30
0
23
0
10
0
15
0
20
0
24
0
28
0
6
0
10
0
39
0
22
0
39
0
24
0
32
0
37
0
32
0
17
0
23
0
37
0
23
0
14
0
29
0
25
0
10
0
28
0
14
0
22
0
8
0
8
0
22
0
18
0
20
0
24
0
20
0
28
0
12
0
14
0
18
0
12
0
10
0
18
0
14
0
32
0
15
0
20
0
7
0
22
0
23
0
43
0
11
0
4
0
15
0
20
0
16
0
22
0
10
0
47
0
14
0
28
0
26
0
28
0
29
0
48
0
3
0
29
0
15
0
25
0
26
0
22
0
10
0
19
0
24
0
20
0
28
0
24
0
23
0
42
0
21
0
22
0
20
0
8
0
30
0
12
0
34
0
37
0
27
0
25
0
38
0
18
0
14
0
17
0
34
0
13
0
21
0
14
0
20
0
15
0
19
0
5
0
17
0
17
0
25
0
25
0
21
0
18
0
9
0
20
0
18
0
11
0
10
0
15
0
28
0
7
0
11
0
12
0
47
0
21
0
24
0
12
0
15
0
20
0
15
0
32
0
6
0
29
0
13
0
6
0
17
0
9
0
17
0
8
0
21
0
17
0
27
0
19
0
13
0
17
0
14
0
24
0
21
0
26
0
23
0
27
0
16
0
25
0
18
0
26
0
19
0
20
0
18
0
15
0
35
0
20
0
8
0
4
0
11
0
37
0
26
0
14
0
20
0
13
0
16
0
10
0
0
0
30
0
36
0
22
0
11
0
17
0
18
0
24
0
22
0
17
0
21
0
26
0
11
0
13
0
17
0
11
0
18
0
11
0
52
0
24
0
30
0
43
0
18
0
26
0
22
0
9
0
46
0
5
0
27
0
45
0
13
0
4
0
12
0
26
0
29
0
23
0
36
0
14
0
10
0
15
0
17
0
14
0
18
0
4
0
9
0
33
0
54
0
11
0
20
0
20
0
19
0
9
0
18
0
13
0
9
0
29
0
10
0
13
0
16
0
17
0
41
0
12
0
11
0
11
0
15
0
11
0
27
0
16
0
21
0
36
0
35
0
46
0
11
0
12
0
20
0
23
0
19
0
32
0
35
0
21
0
24
0
6
0
25
0
40
0
21
0
8
0
15
0
17
0
34
0
21
0
20
0
35
0
18
0
29
0
16
0
26
0
36
0
18
0
29
0
17
0
29
0
16
0
28
0
13
0
19
0
17
0
9
0
22
0
14
0
24
0
27
0
26
0
8
0
15
0
15
0
20
0
13
0
22
0
7
0
9
0
24
0
13
0
13
0
18
0
14
0
16
0
20
0
20
0
43
0
20
0
17
0
25
0
18
0
22
0
41
0
21
0
13
0
32
0
22
0
17
0
13
0
38
0
27
0
16
0
13
0
19
0
29
0
2
0
20
0
16
0
43
0
19
0
39
0
2
0
20
0
12
0
24
0
23
0
15
0
30
0
20
0
31
0
16
0
42
0
7
0
25
0
41
0
33
0
31
0
13
0
18
0
22
0
22
0
12
0
43
0
22
0
12
0
