0
25
0
14
0
25
0
27
0
19
0
17
0
34
0
30
0
9
0
13
0
42
0
16
0
12
0
9
0
26
0
21
0
21
0
12
0
23
0
19
0
15
0
19
0
35
0
16
0
12
0
53
0
20
0
18
0
13
0
12
0
35
0
7
0
28
0
19
0
45
0
21
0
43
0
35
0
18
0
29
0
18
0
17
0
16
0
29
0
19
0
22
0
23
0
40
0
21
0
14
0
25
0
24
0
12
0
20
0
17
0
31
0
17
0
9
0
49
0
24
0
19
0
26
0
7
0
21
0
17
0
33
0
11
0
22
0
21
0
27
0
27
0
26
0
26
0
37
0
17
0
0
0
13
0
26
0
16
0
9
0
2
0
15
0
18
0
28
0
43
0
31
0
27
0
31
0
11
0
17
0
16
0
28
0
46
0
32
0
10
0
56
0
39
0
21
0
25
0
21
0
14
0
37
0
11
0
19
0
19
0
25
0
23
0
3
0
17
0
16
0
22
0
17
0
15
0
18
0
41
0
13
0
20
0
10
0
15
0
3
0
9
0
21
0
22
0
26
0
19
0
26
0
5
0
30
0
31
0
20
0
10
0
29
0
16
0
34
0
16
0
15
0
29
0
26
0
31
0
22
0
21
0
23
0
16
0
7
0
18
0
9
0
13
0
20
0
11
0
13
0
9
0
20
0
19
0
28
0
10
0
50
0
33
0
19
0
34
0
22
0
22
0
12
0
13
0
24
0
32
0
15
0
14
0
46
0
14
0
30
0
20
0
19
0
12
0
19
0
13
0
43
0
19
0
17
0
9
0
19
0
31
0
18
0
9
0
17
0
12
0
12
0
45
0
29
0
42
0
20
0
28
0
10
0
17
0
16
0
26
0
19
0
7
0
16
0
34
0
35
0
21
0
19
0
17
0
7
0
16
0
14
0
9
0
26
0
16
0
3
0
41
0
21
0
21
0
25
0
30
0
14
0
16
0
7
0
10
0
10
0
7
0
7
0
30
0
26
0
32
0
16
0
3
0
33
0
18
0
27
0
29
0
10
0
25
0
27
0
24
0
7
0
18
0
36
0
38
0
9
0
9
0
26
0
26
0
33
0
35
0
21
0
23
0
16
0
14
0
13
0
9
0
16
0
22
0
13
0
24
0
10
0
18
0
34
0
23
0
30
0
19
0
26
0
28
0
10
0
19
0
33
0
34
0
18
0
16
0
15
0
11
0
17
0
32
0
15
0
26
0
22
0
21
0
10
0
37
0
38
0
16
0
17
0
21
0
23
0
22
0
28
0
25
0
15
0
12
0
18
0
15
0
24
0
26
0
24
0
32
0
21
0
30
0
44
0
6
0
17
0
44
0
24
0
31
0
20
0
17
0
9
0
16
0
20
0
32
0
36
0
38
0
28
0
17
0
13
0
14
0
12
0
29
0
19
0
36
0
20
0
29
0
32
0
31
0
33
0
20
0
34
0
8
0
35
0
23
0
37
0
14
0
30
0
6
0
21
0
11
0
16
0
17
0
11
0
29
0
16
0
25
0
35
0
15
0
29
0
20
0
25
0
36
0
11
0
21
0
11
0
23
0
29
0
27
0
33
0
29
0
18
0
48
0
25
0
24
0
51
0
31
0
31
0
22
0
26
0
26
0
22
0
16
0
23
0
28
0
28
0
20
0
10
0
41
0
15
0
3
0
29
0
17
0
21
0
12
0
25
0
38
0
24
0
18
0
28
0
29
0
21
0
34
0
14
0
12
0
20
0
28
0
27
0
38
0
17
0
25
0
25
0
46
0
13
0
20
0
16
0
12
0
22
0
12
0
36
0
22
0
19
0
17
0
17
0
19
0
34
0
25
0
9
0
34
0
23
0
18
0
21
0
6
0
8
0
19
0
36
0
16
0
20
0
20
0
6
0
3
0
32
0
13
0
20
0
18
0
24
0
44
0
35
0
27
0
29
0
39
0
21
0
14
0
10
0
14
0
25
0
12
0
26
0
17
0
18
0
28
0
4
0
44
0
28
0
11
0
1
0
19
0
23
0
16
0
18
0
10
0
14
0
21
0
32
0
12
0
16
0
18
0
20
0
28
0
8
0
20
0
21
0
15
0
48
0
32
0
14
0
38
0
24
0
30
0
14
0
32
0
49
0
18
0
37
0
18
0
13
0
10
0
13
0
14
0
29
0
28
0
6
0
36
0
33
0
20
0
6
0
12
0
34
0
20
0
25
0
11
0
22
0
28
0
19
0
39
0
15
0
