3338
0
17
0
3
0
31
0
23
0
28
0
22
0
5
0
27
0
17
0
33
0
23
0
23
0
21
0
32
0
26
0
10
0
21
0
27
0
1
0
12
0
45
0
20
0
3
0
20
0
13
0
18
0
10
0
15
0
22
0
18
0
12
0
29
0
8
0
29
0
31
0
39
0
13
0
35
0
14
0
18
0
27
0
20
0
32
0
10
0
28
0
11
0
17
0
16
0
21
0
15
0
6
0
21
0
21
0
16
0
25
0
22
0
34
0
14
0
14
0
17
0
14
0
26
0
6
0
26
0
27
0
15
0
26
0
18
0
16
0
13
0
17
0
9
0
27
0
24
0
26
0
13
0
27
0
21
0
14
0
10
0
22
0
33
0
43
0
50
0
37
0
26
0
11
0
13
0
14
0
24
0
14
0
46
0
33
0
18
0
20
0
28
0
39
0
52
0
23
0
4
0
27
0
19
0
8
0
18
0
23
0
37
0
19
0
32
0
24
0
49
0
28
0
19
0
28
0
44
0
30
0
16
0
23
0
22
0
24
0
33
0
12
0
23
0
18
0
31
0
29
0
26
0
29
0
45
0
20
0
23
0
13
0
19
0
31
0
12
0
26
0
42
0
30
0
17
0
24
0
35
0
27
0
20
0
22
0
38
0
28
0
29
0
17
0
21
0
30
0
19
0
26
0
28
0
34
0
26
0
36
0
16
0
29
0
25
0
30
0
19
0
46
0
20
0
12
0
30
0
26
0
22
0
17
0
26
0
22
0
28
0
26
0
20
0
10
0
21
0
35
0
20
0
25
0
18
0
19
0
17
0
34
0
5
0
21
0
24
0
31
0
22
0
21
0
8
0
10
0
29
0
6
0
30
0
26
0
22
0
7
0
42
0
16
0
30
0
10
0
24
0
25
0
21
0
18
0
24
0
29
0
19
0
18
0
8
0
26
0
13
0
16
0
33
0
12
0
29
0
29
0
13
0
14
0
20
0
32
0
25
0
16
0
23
0
20
0
18
0
29
0
39
0
28
0
17
0
25
0
42
0
11
0
13
0
19
0
27
0
16
0
32
0
36
0
13
0
9
0
19
0
26
0
26
0
12
0
12
0
10
0
24
0
8
0
11
0
25
0
29
0
29
0
15
0
9
0
17
0
22
0
24
0
18
0
21
0
26
0
12
0
14
0
18
0
21
0
29
0
7
0
23
0
16
0
20
0
26
0
23
0
29
0
22
0
18
0
22
0
34
0
25
0
29
0
36
0
21
0
24
0
19
0
15
0
13
0
20
0
18
0
22
0
6
0
5
0
32
0
35
0
12
0
23
0
33
0
33
0
19
0
26
0
23
0
30
0
43
0
28
0
17
0
13
0
13
0
18
0
15
0
32
0
27
0
33
0
18
0
27
0
13
0
24
0
19
0
23
0
27
0
12
0
29
0
33
0
12
0
24
0
45
0
22
0
13
0
32
0
20
0
19
0
14
0
20
0
24
0
22
0
58
0
22
0
29
0
3
0
56
0
23
0
17
0
19
0
36
0
15
0
13
0
20
0
25
0
27
0
16
0
16
0
15
0
19
0
15
0
23
0
27
0
38
0
23
0
11
0
32
0
25
0
48
0
15
0
27
0
18
0
29
0
27
0
22
0
15
0
26
0
20
0
28
0
59
0
40
0
25
0
19
0
19
0
25
0
25
0
10
0
38
0
14
0
26
0
21
0
16
0
20
0
12
0
8
0
36
0
25
0
30
0
24
0
32
0
36
0
31
0
29
0
43
0
22
0
23
0
15
0
39
0
30
0
33
0
18
0
18
0
28
0
18
0
40
0
33
0
26
0
16
0
47
0
34
0
28
0
4
0
30
0
11
0
38
0
28
0
13
0
28
0
28
0
22
0
21
0
27
0
37
0
14
0
18
0
17
0
23
0
40
0
18
0
10
0
6
0
51
0
24
0
36
0
21
0
23
0
9
0
12
0
24
0
18
0
20
0
23
0
31
0
24
0
27
0
19
0
51
0
26
0
23
0
21
0
27
0
25
0
18
0
23
0
35
0
14
0
14
0
23
0
48
0
17
0
27
0
12
0
23
0
17
0
20
0
26
0
26
0
33
0
13
0
32
0
15
0
33
0
3
0
16
0
11
0
20
0
28
0
19
0
21
0
33
0
37
0
38
0
20
0
11
0
27
0
35
0
8
0
14
0
43
0
13
0
19
0
18
0
37
0
26
0
7
0
15
0
21
0
7
0
18
0
21
0
20
0
19
