0
20
0
48
0
29
0
16
0
25
0
28
0
23
0
13
0
26
0
34
0
20
0
19
0
32
0
15
0
15
0
11
0
17
0
11
0
4
0
4
0
14
0
19
0
34
0
11
0
13
0
23
0
22
0
12
0
18
0
12
0
7
0
46
0
26
0
16
0
25
0
9
0
9
0
29
0
48
0
19
0
15
0
22
0
19
0
39
0
21
0
17
0
19
0
15
0
38
0
16
0
22
0
25
0
24
0
5
0
16
0
30
0
8
0
9
0
0
0
3
0
24
0
14
0
16
0
23
0
29
0
15
0
12
0
13
0
19
0
12
0
5
0
13
0
20
0
32
0
16
0
17
0
0
0
49
0
8
0
32
0
16
0
34
0
21
0
25
0
15
0
18
0
23
0
26
0
15
0
38
0
12
0
24
0
11
0
18
0
14
0
27
0
27
0
24
0
25
0
23
0
16
0
11
0
11
0
19
0
42
0
23
0
24
0
35
0
23
0
28
0
26
0
26
0
14
0
22
0
25
0
8
0
13
0
8
0
16
0
9
0
8
0
33
0
16
0
20
0
39
0
8
0
28
0
8
0
19
0
13
0
16
0
23
0
18
0
17
0
22
0
34
0
18
0
30
0
28
0
36
0
20
0
27
0
21
0
21
0
29
0
27
0
12
0
17
0
35
0
42
0
7
0
14
0
33
0
32
0
25
0
10
0
29
0
21
0
5
0
45
0
31
0
19
0
23
0
11
0
14
0
22
0
25
0
29
0
24
0
19
0
22
0
9
0
20
0
11
0
17
0
16
0
19
0
9
0
25
0
11
0
25
0
20
0
29
0
9
0
22
0
20
0
36
0
14
0
13
0
14
0
10
0
27
0
22
0
34
0
27
0
34
0
4
0
12
0
46
0
12
0
16
0
19
0
47
0
35
0
36
0
32
0
18
0
25
0
11
0
12
0
10
0
24
0
20
0
41
0
18
0
18
0
16
0
26
0
20
0
18
0
31
0
13
0
22
0
16
0
25
0
31
0
19
0
15
0
25
0
23
0
7
0
0
0
41
0
28
0
16
0
23
0
41
0
24
0
18
0
41
0
25
0
33
0
32
0
20
0
43
0
26
0
21
0
0
0
4
0
10
0
10
0
5
0
24
0
34
0
6
0
31
0
33
0
14
0
24
0
19
0
45
0
13
0
22
0
33
0
15
0
23
0
20
0
24
0
24
0
19
0
22
0
14
0
17
0
6
0
27
0
29
0
10
0
20
0
11
0
20
0
13
0
28
0
12
0
20
0
28
0
46
0
36
0
25
0
21
0
29
0
39
0
16
0
21
0
31
0
30
0
34
0
14
0
25
0
12
0
29
0
9
0
31
0
35
0
18
0
15
0
20
0
9
0
16
0
14
0
25
0
22
0
14
0
39
0
9
0
16
0
17
0
15
0
26
0
14
0
32
0
22
0
15
0
20
0
36
0
29
0
18
0
32
0
31
0
11
0
25
0
32
0
30
0
26
0
13
0
20
0
7
0
14
0
25
0
13
0
19
0
20
0
25
0
22
0
15
0
25
0
13
0
15
0
17
0
9
0
21
0
0
0
15
0
42
0
15
0
8
0
18
0
19
0
33
0
19
0
0
0
21
0
9
0
26
0
43
0
31
0
16
0
34
0
28
0
16
0
5
0
40
0
24
0
6
0
13
0
15
0
24
0
41
0
21
0
13
0
21
0
17
0
45
0
26
0
21
0
11
0
32
0
16
0
30
0
40
0
16
0
29
0
15
0
11
0
19
0
22
0
29
0
23
0
13
0
22
0
28
0
20
0
22
0
32
0
0
0
37
0
32
0
35
0
20
0
35
0
33
0
22
0
4
0
34
0
16
0
21
0
17
0
20
0
5
0
6
0
34
0
4
0
10
0
37
0
12
0
33
0
29
0
25
0
46
0
22
0
19
0
24
0
23
0
28
0
7
0
12
0
11
0
15
0
16
0
24
0
36
0
22
0
11
0
27
0
15
0
9
0
28
0
28
0
6
0
21
0
25
0
32
0
15
0
13
0
22
0
8
0
31
0
26
0
13
0
45
0
17
0
20
0
16
0
21
0
19
0
8
0
13
0
20
0
4
0
25
0
26
0
50
0
14
0
28
0
21
0
28
0
18
0
42
0
21
0
20
0
12
0
2
0
23
0
24
0
185
0
16
0
16
0
41
0
32
0
20
0
15
0
16
0
43
0
13
0
14
0
18
0
35
0
21
0
21
0
24
0
42
0
