0
12
0
19
0
18
0
8
0
12
0
29
0
17
0
18
0
14
0
14
0
18
0
26
0
20
0
6
0
18
0
22
0
11
0
31
0
18
0
13
0
17
0
35
0
18
0
20
0
12
0
23
0
15
0
43
0
13
0
21
0
26
0
15
0
38
0
27
0
38
0
9
0
31
0
12
0
30
0
13
0
29
0
30
0
25
0
4
0
20
0
57
0
25
0
22
0
10
0
20
0
14
0
23
0
18
0
26
0
22
0
16
0
27
0
20
0
25
0
13
0
34
0
22
0
4
0
27
0
15
0
19
0
19
0
19
0
17
0
34
0
18
0
4
0
30
0
25
0
19
0
21
0
6
0
33
0
20
0
36
0
44
0
31
0
43
0
21
0
12
0
20
0
8
0
6
0
5
0
18
0
17
0
45
0
9
0
17
0
18
0
41
0
22
0
35
0
5
0
7
0
24
0
34
0
18
0
22
0
30
0
22
0
38
0
13
0
35
0
35
0
29
0
14
0
21
0
21
0
55
0
11
0
14
0
15
0
30
0
18
0
16
0
14
0
28
0
25
0
25
0
40
0
12
0
24
0
17
0
21
0
37
0
20
0
19
0
29
0
17
0
21
0
20
0
19
0
23
0
18
0
0
0
18
0
21
0
18
0
27
0
36
0
33
0
33
0
27
0
21
0
29
0
13
0
8
0
18
0
27
0
36
0
18
0
23
0
13
0
17
0
38
0
17
0
23
0
25
0
24
0
17
0
15
0
15
0
13
0
21
0
27
0
39
0
18
0
38
0
44
0
29
0
13
0
10
0
18
0
10
0
23
0
28
0
11
0
30
0
39
0
23
0
40
0
21
0
22
0
19
0
19
0
16
0
19
0
33
0
6
0
33
0
22
0
14
0
37
0
55
0
8
0
33
0
23
0
23
0
24
0
15
0
13
0
8
0
22
0
40
0
32
0
40
0
31
0
18
0
8
0
25
0
27
0
15
0
17
0
21
0
22
0
36
0
24
0
16
0
33
0
11
0
17
0
18
0
21
0
19
0
33
0
20
0
16
0
9
0
29
0
13
0
16
0
21
0
18
0
30
0
19
0
12
0
17
0
17
0
16
0
40
0
22
0
20
0
16
0
41
0
32
0
11
0
8
0
10
0
53
0
15
0
31
0
20
0
20
0
9
0
13
0
26
0
18
0
19
0
30
0
28
0
12
0
32
0
28
0
33
0
6
0
25
0
25
0
14
0
15
0
18
0
11
0
22
0
30
0
16
0
20
0
8
0
29
0
17
0
11
0
30
0
14
0
32
0
27
0
22
0
15
0
14
0
10
0
12
0
18
0
7
0
22
0
35
0
27
0
32
0
28
0
31
0
19
0
24
0
10
0
9
0
33
0
10
0
16
0
33
0
36
0
16
0
28
0
29
0
18
0
32
0
25
0
5
0
13
0
14
0
27
0
19
0
13
0
5
0
17
0
20
0
3
0
13
0
16
0
14
0
10
0
24
0
16
0
15
0
12
0
45
0
24
0
30
0
13
0
12
0
11
0
24
0
20
0
17
0
16
0
12
0
9
0
28
0
13
0
17
0
41
0
18
0
35
0
46
0
22
0
21
0
33
0
21
0
21
0
24
0
18
0
23
0
51
0
19
0
24
0
10
0
23
0
26
0
28
0
22
0
37
0
13
0
36
0
17
0
14
0
18
0
19
0
18
0
27
0
20
0
24
0
31
0
21
0
22
0
27
0
34
0
7
0
16
0
14
0
32
0
37
0
14
0
9
0
26
0
47
0
22
0
31
0
29
0
26
0
24
0
20
0
24
0
16
0
2
0
24
0
32
0
15
0
27
0
38
0
10
0
28
0
4
0
19
0
20
0
10
0
26
0
21
0
29
0
21
0
26
0
35
0
16
0
15
0
25
0
43
0
28
0
9
0
21
0
10
0
13
0
28
0
29
0
16
0
41
0
38
0
8
0
18
0
37
0
15
0
23
0
26
0
15
0
25
0
21
0
34
0
19
0
41
0
18
0
30
0
14
0
59
0
30
0
26
0
8
0
20
0
8
0
13
0
33
0
22
0
13
0
31
0
37
0
22
0
8
0
22
0
16
0
13
0
2
0
14
0
20
0
26
0
40
0
16
0
25
0
7
0
27
0
11
0
34
0
22
0
16
0
18
0
14
0
24
0
12
0
22
0
14
0
14
0
9
0
30
0
29
0
17
0
37
0
19
0
15
0
8
0
32
0
28
0
22
0
39
0
10
0
