0
2
0
15
0
17
0
36
0
40
0
30
0
41
0
20
0
9
0
15
0
21
0
23
0
24
0
16
0
18
0
20
0
33
0
48
0
20
0
31
0
19
0
24
0
33
0
17
0
33
0
24
0
16
0
9
0
26
0
33
0
55
0
25
0
16
0
7
0
6
0
25
0
27
0
40
0
27
0
23
0
40
0
14
0
41
0
29
0
14
0
30
0
18
0
26
0
30
0
10
0
15
0
52
0
8
0
15
0
38
0
36
0
28
0
22
0
14
0
24
0
37
0
20
0
21
0
17
0
25
0
14
0
26
0
23
0
36
0
27
0
19
0
18
0
27
0
19
0
30
0
11
0
26
0
9
0
16
0
12
0
36
0
17
0
15
0
6
0
42
0
31
0
17
0
14
0
24
0
24
0
15
0
25
0
30
0
34
0
34
0
28
0
3
0
30
0
21
0
30
0
17
0
16
0
22
0
28
0
28
0
14
0
19
0
33
0
17
0
26
0
35
0
15
0
10
0
21
0
28
0
24
0
18
0
42
0
15
0
16
0
11
0
26
0
23
0
35
0
36
0
19
0
24
0
13
0
24
0
5
0
16
0
8
0
28
0
19
0
38
0
8
0
19
0
32
0
20
0
35
0
34
0
18
0
8
0
25
0
32
0
18
0
28
0
15
0
28
0
16
0
23
0
13
0
25
0
27
0
19
0
19
0
14
0
4
0
19
0
27
0
25
0
22
0
6
0
25
0
23
0
49
0
36
0
26
0
20
0
13
0
8
0
8
0
44
0
19
0
36
0
18
0
22
0
25
0
30
0
24
0
16
0
30
0
10
0
12
0
16
0
15
0
62
0
18
0
14
0
12
0
33
0
27
0
4
0
27
0
29
0
42
0
17
0
27
0
22
0
22
0
31
0
16
0
16
0
21
0
24
0
13
0
20
0
23
0
16
0
18
0
8
0
23
0
17
0
8
0
29
0
25
0
25
0
25
0
24
0
19
0
24
0
26
0
3
0
7
0
27
0
33
0
32
0
20
0
21
0
26
0
18
0
31
0
32
0
24
0
12
0
21
0
40
0
21
0
22
0
13
0
23
0
23
0
16
0
35
0
21
0
25
0
19
0
22
0
58
0
28
0
26
0
24
0
15
0
17
0
10
0
35
0
5
0
28
0
30
0
19
0
23
0
31
0
18
0
24
0
20
0
27
0
44
0
21
0
32
0
13
0
25
0
36
0
7
0
16
0
36
0
8
0
32
0
12
0
12
0
16
0
17
0
24
0
40
0
34
0
24
0
32
0
18
0
23
0
20
0
34
0
12
0
24
0
10
0
18
0
34
0
11
0
20
0
29
0
29
0
37
0
11
0
30
0
16
0
29
0
15
0
29
0
36
0
19
0
6
0
19
0
18
0
22
0
18
0
11
0
21
0
38
0
36
0
24
0
27
0
33
0
14
0
16
0
31
0
41
0
10
0
17
0
25
0
27
0
24
0
32
0
26
0
24
0
34
0
22
0
10
0
19
0
32
0
18
0
14
0
10
0
19
0
17
0
16
0
12
0
14
0
24
0
24
0
8
0
18
0
13
0
21
0
27
0
24
0
28
0
19
0
22
0
33
0
21
0
0
0
11
0
29
0
16
0
34
0
15
0
7
0
13
0
34
0
14
0
16
0
24
0
23
0
14
0
7
0
29
0
26
0
30
0
21
0
21
0
19
0
37
0
34
0
16
0
23
0
22
0
15
0
35
0
15
0
30
0
31
0
19
0
31
0
18
0
12
0
14
0
9
0
13
0
41
0
12
0
32
0
28
0
25
0
41
0
30
0
20
0
31
0
16
0
29
0
38
0
25
0
49
0
19
0
24
0
32
0
30
0
24
0
23
0
14
0
23
0
17
0
35
0
23
0
31
0
25
0
30
0
16
0
42
0
15
0
17
0
15
0
22
0
17
0
43
0
25
0
25
0
27
0
18
0
6
0
9
0
36
0
23
0
27
0
17
0
30
0
41
0
7
0
20
0
12
0
20
0
19
0
40
0
22
0
20
0
19
0
21
0
22
0
37
0
19
0
13
0
7
0
14
0
9
0
25
0
9
0
20
0
12
0
18
0
5
0
18
0
0
0
31
0
50
0
11
0
36
0
18
0
15
0
33
0
11
0
38
0
22
0
45
0
5
0
28
0
20
0
0
0
17
0
12
0
24
0
12
0
9
0
30
0
22
0
24
0
27
0
12
0
31
0
24
0
9
0
36
0
20
0
12
0
