0
14
0
25
0
46
0
24
0
8
0
26
0
38
0
13
0
32
0
7
0
29
0
34
0
17
0
30
0
33
0
31
0
22
0
1
0
37
0
26
0
25
0
4
0
34
0
0
0
20
0
17
0
34
0
17
0
37
0
32
0
15
0
8
0
25
0
22
0
22
0
7
0
29
0
6
0
9
0
8
0
2
0
9
0
20
0
12
0
35
0
21
0
30
0
15
0
31
0
41
0
4
0
24
0
37
0
9
0
38
0
23
0
26
0
17
0
25
0
33
0
46
0
5
0
20
0
9
0
17
0
20
0
12
0
25
0
22
0
16
0
22
0
28
0
19
0
13
0
18
0
25
0
22
0
27
0
16
0
37
0
19
0
28
0
18
0
4
0
30
0
34
0
20
0
36
0
32
0
30
0
23
0
21
0
17
0
10
0
6
0
25
0
42
0
12
0
26
0
25
0
9
0
15
0
10
0
16
0
16
0
14
0
15
0
9
0
7
0
18
0
36
0
27
0
10
0
13
0
16
0
27
0
21
0
44
0
11
0
14
0
15
0
24
0
15
0
12
0
22
0
48
0
22
0
15
0
19
0
21
0
31
0
24
0
14
0
31
0
26
0
34
0
30
0
34
0
40
0
26
0
22
0
16
0
15
0
10
0
40
0
27
0
17
0
27
0
35
0
44
0
27
0
28
0
33
0
12
0
19
0
14
0
0
0
24
0
16
0
25
0
16
0
18
0
8
0
30
0
22
0
20
0
28
0
26
0
22
0
15
0
19
0
20
0
23
0
23
0
22
0
15
0
22
0
34
0
28
0
26
0
40
0
12
0
21
0
17
0
24
0
11
0
15
0
34
0
18
0
16
0
29
0
17
0
16
0
24
0
16
0
30
0
33
0
17
0
18
0
12
0
24
0
23
0
10
0
33
0
10
0
18
0
18
0
19
0
32
0
15
0
31
0
18
0
14
0
22
0
26
0
17
0
12
0
7
0
14
0
37
0
28
0
13
0
32
0
17
0
37
0
9
0
12
0
5
0
14
0
23
0
27
0
15
0
19
0
23
0
26
0
18
0
27
0
38
0
27
0
28
0
12
0
14
0
38
0
19
0
18
0
36
0
21
0
23
0
43
0
17
0
20
0
7
0
17
0
17
0
42
0
27
0
30
0
24
0
30
0
13
0
13
0
29
0
30
0
21
0
17
0
29
0
10
0
18
0
17
0
2
0
35
0
28
0
19
0
22
0
22
0
8
0
23
0
51
0
37
0
25
0
23
0
19
0
17
0
29
0
24
0
5
0
28
0
28
0
33
0
14
0
28
0
24
0
31
0
2
0
8
0
30
0
33
0
18
0
21
0
20
0
13
0
30
0
8
0
22
0
19
0
25
0
24
0
46
0
4
0
25
0
32
0
21
0
10
0
27
0
11
0
22
0
11
0
28
0
21
0
11
0
10
0
34
0
44
0
28
0
21
0
18
0
21
0
25
0
16
0
6
0
10
0
11
0
3
0
26
0
34
0
22
0
26
0
34
0
22
0
14
0
21
0
35
0
17
0
28
0
9
0
27
0
30
0
41
0
24
0
23
0
21
0
21
0
16
0
29
0
15
0
33
0
18
0
24
0
19
0
4
0
37
0
29
0
16
0
23
0
20
0
20
0
27
0
19
0
22
0
13
0
24
0
17
0
23
0
37
0
32
0
16
0
32
0
23
0
20
0
16
0
30
0
25
0
5
0
40
0
28
0
18
0
27
0
28
0
0
0
8
0
21
0
12
0
21
0
27
0
7
0
29
0
14
0
18
0
29
0
44
0
16
0
18
0
11
0
10
0
26
0
17
0
15
0
30
0
23
0
8
0
10
0
16
0
19
0
19
0
19
0
30
0
21
0
24
0
21
0
28
0
33
0
37
0
15
0
20
0
13
0
32
0
21
0
12
0
13
0
20
0
22
0
31
0
23
0
37
0
18
0
24
0
21
0
25
0
10
0
37
0
30
0
25
0
15
0
23
0
37
0
46
0
19
0
27
0
15
0
31
0
26
0
19
0
20
0
21
0
27
0
38
0
20
0
17
0
34
0
14
0
16
0
13
0
14
0
23
0
31
0
27
0
23
0
20
0
28
0
6
0
15
0
13
0
11
0
3
0
32
0
18
0
14
0
16
0
28
0
25
0
24
0
24
0
4
0
6
0
33
0
29
0
33
0
18
0
42
0
7
0
10
0
10
0
13
0
29
0
8
0
45
0
8
0
20
0
25
0
24
0
