0
29
0
51
0
21
0
30
0
22
0
7
0
11
0
30
0
10
0
16
0
18
0
8
0
8
0
16
0
46
0
18
0
11
0
18
0
12
0
11
0
17
0
16
0
10
0
15
0
26
0
20
0
13
0
9
0
13
0
38
0
10
0
18
0
20
0
21
0
39
0
12
0
30
0
15
0
20
0
19
0
10
0
19
0
24
0
25
0
2
0
26
0
18
0
19
0
42
0
16
0
22
0
17
0
28
0
2
0
20
0
23
0
20
0
4
0
13
0
33
0
12
0
24
0
23
0
25
0
24
0
21
0
20
0
23
0
6
0
7
0
11
0
28
0
9
0
31
0
43
0
31
0
8
0
32
0
20
0
21
0
15
0
20
0
42
0
30
0
19
0
60
0
16
0
8
0
26
0
18
0
12
0
8
0
26
0
19
0
50
0
13
0
10
0
20
0
13
0
19
0
24
0
7
0
23
0
26
0
31
0
27
0
19
0
39
0
33
0
14
0
35
0
20
0
22
0
23
0
15
0
20
0
30
0
15
0
9
0
17
0
8
0
3
0
10
0
12
0
17
0
3
0
51
0
11
0
11
0
20
0
9
0
32
0
28
0
15
0
13
0
15
0
13
0
24
0
12
0
11
0
35
0
1
0
15
0
28
0
39
0
27
0
38
0
27
0
13
0
9
0
12
0
14
0
13
0
36
0
19
0
31
0
10
0
24
0
8
0
16
0
31
0
9
0
12
0
18
0
38
0
33
0
15
0
10
0
12
0
28
0
29
0
31
0
29
0
22
0
7
0
14
0
20
0
25
0
39
0
12
0
24
0
26
0
9
0
40
0
8
0
16
0
18
0
19
0
21
0
21
0
13
0
15
0
18
0
13
0
19
0
29
0
21
0
6
0
16
0
20
0
32
0
21
0
33
0
20
0
12
0
29
0
27
0
21
0
36
0
13
0
12
0
26
0
27
0
39
0
22
0
18
0
6
0
29
0
39
0
15
0
13
0
15
0
12
0
18
0
20
0
16
0
15
0
23
0
33
0
21
0
11
0
10
0
26
0
60
0
13
0
27
0
15
0
18
0
30
0
22
0
5
0
17
0
24
0
6
0
11
0
12
0
15
0
34
0
21
0
29
0
28
0
20
0
18
0
7
0
25
0
1
0
32
0
19
0
18
0
9
0
16
0
18
0
19
0
20
0
13
0
26
0
16
0
27
0
15
0
16
0
7
0
31
0
46
0
23
0
16
0
26
0
10
0
11
0
24
0
7
0
16
0
24
0
8
0
20
0
7
0
7
0
22
0
32
0
13
0
16
0
15
0
21
0
23
0
12
0
17
0
1
0
15
0
18
0
36
0
27
0
34
0
19
0
14
0
31
0
24
0
23
0
9
0
16
0
18
0
19
0
12
0
32
0
8
0
30
0
15
0
49
0
31
0
18
0
21
0
14
0
12
0
32
0
39
0
22
0
28
0
6
0
32
0
10
0
18
0
22
0
25
0
13
0
16
0
20
0
4
0
25
0
11
0
12
0
23
0
24
0
14
0
18
0
16
0
19
0
9
0
7
0
8
0
9
0
21
0
9
0
35
0
19
0
24
0
19
0
0
0
37
0
20
0
21
0
23
0
19
0
22
0
20
0
14
0
22
0
19
0
15
0
17
0
4
0
31
0
9
0
30
0
14
0
29
0
6
0
12
0
24
0
26
0
19
0
25
0
27
0
5
0
9
0
29
0
36
0
23
0
17
0
7
0
32
0
28
0
10
0
4
0
25
0
24
0
18
0
29
0
19
0
27
0
17
0
30
0
27
0
18
0
18
0
13
0
28
0
21
0
11
0
23
0
4
0
21
0
32
0
37
0
17
0
14
0
23
0
25
0
17
0
19
0
18
0
18
0
12
0
28
0
34
0
17
0
12
0
34
0
17
0
41
0
13
0
26
0
20
0
20
0
21
0
15
0
44
0
10
0
6
0
27
0
17
0
13
0
13
0
41
0
31
0
29
0
18
0
14
0
44
0
43
0
7
0
22
0
20
0
24
0
8
0
24
0
37
0
13
0
15
0
43
0
45
0
10
0
37
0
38
0
20
0
18
0
27
0
31
0
26
0
33
0
21
0
48
0
26
0
23
0
39
0
13
0
11
0
13
0
25
0
41
0
22
0
17
0
12
0
17
0
16
0
16
0
15
0
35
0
43
0
20
0
24
0
19
0
14
0
21
0
10
0
16
0
6
0
27
0
19
0
9
0
28
0
30
0
15
0
