0
26
0
35
0
41
0
24
0
18
0
26
0
16
0
21
0
11
0
44
0
37
0
37
0
18
0
18
0
16
0
22
0
32
0
11
0
29
0
46
0
23
0
17
0
14
0
39
0
8
0
36
0
34
0
21
0
30
0
23
0
26
0
31
0
22
0
37
0
19
0
31
0
6
0
22
0
34
0
32
0
20
0
33
0
26
0
17
0
10
0
31
0
39
0
24
0
19
0
11
0
37
0
17
0
34
0
17
0
33
0
28
0
23
0
22
0
39
0
13
0
36
0
8
0
32
0
16
0
17
0
36
0
19
0
13
0
24
0
31
0
30
0
5
0
26
0
8
0
19
0
24
0
23
0
22
0
16
0
27
0
18
0
13
0
36
0
23
0
24
0
37
0
32
0
31
0
17
0
29
0
22
0
22
0
32
0
35
0
17
0
16
0
15
0
28
0
26
0
37
0
25
0
33
0
24
0
39
0
10
0
29
0
15
0
25
0
18
0
16
0
34
0
42
0
24
0
23
0
14
0
28
0
16
0
12
0
15
0
22
0
24
0
26
0
19
0
18
0
14
0
21
0
51
0
16
0
20
0
27
0
19
0
22
0
24
0
31
0
12
0
27
0
18
0
25
0
29
0
27
0
9
0
35
0
22
0
31
0
30
0
37
0
29
0
17
0
27
0
40
0
17
0
16
0
27
0
21
0
11
0
30
0
34
0
17
0
11
0
20
0
23
0
16
0
9
0
65
0
7
0
16
0
21
0
14
0
17
0
24
0
17
0
22
0
20
0
19
0
10
0
28
0
32
0
29
0
30
0
34
0
24
0
12
0
18
0
11
0
24
0
25
0
17
0
21
0
31
0
27
0
22
0
6
0
26
0
20
0
14
0
16
0
11
0
15
0
18
0
11
0
8
0
13
0
16
0
34
0
20
0
42
0
18
0
14
0
22
0
19
0
31
0
16
0
32
0
22
0
16
0
20
0
24
0
17
0
24
0
22
0
22
0
18
0
40
0
7
0
14
0
27
0
12
0
20
0
10
0
15
0
26
0
18
0
26
0
22
0
33
0
8
0
21
0
24
0
38
0
17
0
17
0
15
0
7
0
37
0
36
0
20
0
19
0
31
0
20
0
31
0
25
0
29
0
32
0
30
0
38
0
22
0
18
0
24
0
27
0
17
0
18
0
26
0
8
0
19
0
14
0
30
0
29
0
17
0
26
0
21
0
9
0
15
0
50
0
12
0
33
0
24
0
18
0
11
0
18
0
34
0
15
0
31
0
32
0
20
0
18
0
45
0
12
0
20
0
29
0
22
0
20
0
28
0
12
0
15
0
34
0
28
0
25
0
17
0
10
0
20
0
33
0
30
0
22
0
15
0
18
0
33
0
26
0
12
0
30
0
22
0
29
0
18
0
34
0
21
0
7
0
17
0
23
0
27
0
33
0
3
0
23
0
16
0
25
0
19
0
19
0
22
0
11
0
30
0
13
0
41
0
15
0
11
0
40
0
10
0
10
0
21
0
10
0
14
0
27
0
15
0
21
0
32
0
30
0
11
0
20
0
27
0
32
0
22
0
6
0
22
0
16
0
37
0
25
0
22
0
43
0
13
0
34
0
6
0
20
0
18
0
31
0
25
0
19
0
14
0
27
0
20
0
25
0
6
0
11
0
21
0
19
0
33
0
18
0
19
0
18
0
14
0
25
0
2
0
27
0
3
0
32
0
27
0
22
0
11
0
8
0
22
0
11
0
24
0
17
0
31
0
35
0
16
0
17
0
18
0
40
0
21
0
18
0
33
0
13
0
31
0
47
0
18
0
12
0
20
0
19
0
23
0
24
0
22
0
13
0
19
0
24
0
24
0
38
0
22
0
24
0
38
0
38
0
16
0
22
0
11
0
18
0
23
0
50
0
12
0
6
0
28
0
18
0
8
0
22
0
16
0
25
0
26
0
27
0
44
0
30
0
8
0
19
0
11
0
24
0
43
0
11
0
19
0
38
0
37
0
26
0
16
0
14
0
21
0
9
0
17
0
29
0
8
0
23
0
33
0
30
0
21
0
18
0
14
0
28
0
14
0
19
0
23
0
33
0
24
0
21
0
7
0
11
0
23
0
21
0
33
0
33
0
18
0
22
0
24
0
21
0
21
0
15
0
22
0
21
0
18
0
6
0
11
0
8
0
15
0
21
0
30
0
18
0
25
0
35
0
12
0
24
0
24
0
28
0
24
0
20
0
29
0
23
0
19
0
20
0
17
0
