0
22
0
23
0
8
0
32
0
26
0
18
0
13
0
29
0
28
0
25
0
17
0
28
0
6
0
1
0
28
0
26
0
37
0
29
0
22
0
27
0
26
0
29
0
23
0
27
0
38
0
16
0
22
0
19
0
30
0
23
0
21
0
18
0
33
0
32
0
13
0
12
0
10
0
20
0
25
0
13
0
19
0
11
0
33
0
18
0
25
0
12
0
17
0
31
0
30
0
12
0
24
0
17
0
7
0
17
0
1
0
13
0
22
0
14
0
24
0
18
0
24
0
23
0
24
0
31
0
13
0
42
0
21
0
13
0
29
0
11
0
18
0
28
0
12
0
40
0
20
0
29
0
21
0
18
0
9
0
30
0
17
0
28
0
30
0
24
0
14
0
19
0
18
0
18
0
40
0
14
0
11
0
19
0
14
0
19
0
34
0
0
0
23
0
24
0
19
0
26
0
15
0
10
0
28
0
24
0
35
0
21
0
17
0
19
0
9
0
23
0
26
0
31
0
44
0
29
0
27
0
29
0
20
0
34
0
24
0
16
0
13
0
8
0
26
0
19
0
21
0
15
0
17
0
21
0
21
0
23
0
13
0
10
0
24
0
37
0
16
0
23
0
32
0
30
0
18
0
24
0
26
0
13
0
10
0
19
0
11
0
19
0
37
0
23
0
19
0
37
0
20
0
13
0
18
0
25
0
19
0
22
0
27
0
37
0
34
0
26
0
29
0
22
0
18
0
17
0
31
0
1
0
35
0
34
0
21
0
19
0
21
0
24
0
12
0
26
0
16
0
17
0
16
0
24
0
26
0
18
0
18
0
19
0
38
0
47
0
19
0
11
0
18
0
28
0
30
0
17
0
17
0
18
0
40
0
21
0
57
0
16
0
34
0
13
0
15
0
32
0
42
0
28
0
24
0
41
0
25
0
32
0
25
0
21
0
19
0
33
0
33
0
24
0
9
0
45
0
27
0
27
0
37
0
34
0
3
0
9
0
16
0
19
0
34
0
38
0
21
0
39
0
30
0
29
0
36
0
27
0
37
0
28
0
27
0
20
0
13
0
23
0
11
0
31
0
23
0
15
0
11
0
34
0
20
0
25
0
21
0
18
0
4
0
23
0
26
0
18
0
13
0
26
0
19
0
14
0
26
0
19
0
29
0
22
0
20
0
7
0
30
0
32
0
15
0
26
0
17
0
25
0
6
0
24
0
15
0
15
0
26
0
33
0
25
0
19
0
27
0
12
0
17
0
23
0
10
0
23
0
34
0
40
0
24
0
17
0
6
0
19
0
16
0
30
0
21
0
15
0
16
0
23
0
14
0
15
0
12
0
40
0
8
0
14
0
29
0
16
0
20
0
36
0
22
0
7
0
40
0
22
0
26
0
14
0
38
0
13
0
17
0
30
0
17
0
31
0
25
0
20
0
7
0
26
0
7
0
11
0
19
0
33
0
12
0
33
0
51
0
17
0
28
0
49
0
6
0
20
0
13
0
43
0
23
0
21
0
28
0
18
0
22
0
17
0
26
0
25
0
17
0
30
0
12
0
15
0
9
0
12
0
19
0
24
0
11
0
31
0
28
0
23
0
36
0
16
0
24
0
29
0
15
0
24
0
20
0
32
0
36
0
25
0
24
0
23
0
27
0
20
0
22
0
8
0
18
0
16
0
36
0
24
0
15
0
15
0
17
0
24
0
37
0
44
0
18
0
28
0
16
0
27
0
31
0
19
0
20
0
13
0
30
0
21
0
30
0
13
0
32
0
14
0
8
0
34
0
24
0
21
0
21
0
12
0
22
0
20
0
10
0
17
0
20
0
13
0
16
0
16
0
28
0
4
0
36
0
9
0
10
0
29
0
24
0
28
0
37
0
13
0
16
0
26
0
12
0
24
0
17
0
14
0
24
0
23
0
13
0
23
0
29
0
17
0
31
0
9
0
12
0
11
0
30
0
5
0
22
0
24
0
18
0
14
0
17
0
3
0
27
0
21
0
20
0
33
0
19
0
24
0
13
0
33
0
31
0
29
0
19
0
6
0
28
0
26
0
20
0
44
0
39
0
11
0
30
0
9
0
24
0
12
0
18
0
17
0
33
0
22
0
42
0
31
0
19
0
45
0
37
0
34
0
21
0
30
0
17
0
39
0
21
0
9
0
18
0
11
0
25
0
8
0
22
0
16
0
12
0
32
0
19
0
11
0
21
0
23
0
26
0
22
0
23
0
31
0
14
0
22
0
34
0
21
0
18
0
22
0
