3338
0
8
0
14
0
15
0
7
0
20
0
6
0
5
0
24
0
19
0
12
0
12
0
27
0
31
0
15
0
16
0
20
0
29
0
5
0
15
0
0
0
17
0
15
0
16
0
30
0
25
0
34
0
11
0
44
0
15
0
9
0
31
0
10
0
12
0
13
0
31
0
35
0
14
0
22
0
14
0
33
0
23
0
38
0
17
0
27
0
15
0
39
0
30
0
18
0
20
0
15
0
29
0
27
0
4
0
11
0
6
0
10
0
18
0
13
0
36
0
9
0
9
0
12
0
29
0
27
0
12
0
29
0
20
0
22
0
20
0
33
0
28
0
2
0
44
0
40
0
10
0
16
0
30
0
18
0
26
0
17
0
17
0
20
0
23
0
23
0
11
0
11
0
12
0
14
0
20
0
12
0
11
0
32
0
27
0
16
0
17
0
33
0
33
0
19
0
10
0
10
0
27
0
24
0
22
0
51
0
28
0
16
0
23
0
25
0
12
0
15
0
26
0
17
0
17
0
23
0
29
0
12
0
29
0
13
0
0
0
31
0
28
0
28
0
9
0
28
0
18
0
19
0
16
0
20
0
15
0
8
0
36
0
11
0
23
0
31
0
11
0
13
0
27
0
27
0
12
0
19
0
18
0
12
0
28
0
44
0
35
0
26
0
19
0
24
0
21
0
24
0
20
0
15
0
34
0
17
0
44
0
24
0
25
0
10
0
53
0
16
0
34
0
36
0
16
0
14
0
23
0
32
0
18
0
22
0
16
0
51
0
24
0
21
0
0
0
28
0
21
0
19
0
7
0
16
0
22
0
28
0
12
0
33
0
23
0
32
0
17
0
12
0
33
0
31
0
6
0
48
0
13
0
32
0
19
0
16
0
29
0
25
0
20
0
28
0
31
0
14
0
32
0
24
0
18
0
16
0
16
0
23
0
32
0
19
0
15
0
40
0
6
0
12
0
41
0
31
0
25
0
24
0
26
0
29
0
19
0
33
0
13
0
19
0
25
0
17
0
22
0
22
0
14
0
34
0
23
0
25
0
24
0
32
0
14
0
13
0
8
0
30
0
34
0
7
0
29
0
29
0
13
0
18
0
18
0
14
0
10
0
23
0
12
0
28
0
21
0
22
0
52
0
19
0
10
0
5
0
15
0
30
0
29
0
6
0
3
0
33
0
21
0
27
0
51
0
48
0
32
0
21
0
35
0
38
0
24
0
31
0
18
0
25
0
31
0
25
0
26
0
28
0
43
0
41
0
5
0
15
0
11
0
26
0
16
0
20
0
23
0
24
0
20
0
34
0
23
0
25
0
16
0
30
0
22
0
10
0
32
0
21
0
35
0
25
0
40
0
14
0
15
0
30
0
23
0
23
0
18
0
11
0
23
0
22
0
31
0
22
0
18
0
43
0
16
0
17
0
20
0
23
0
39
0
24
0
18
0
5
0
28
0
15
0
29
0
30
0
26
0
5
0
22
0
12
0
30
0
41
0
42
0
10
0
11
0
22
0
9
0
38
0
19
0
8
0
13
0
32
0
18
0
22
0
3
0
12
0
16
0
17
0
33
0
15
0
23
0
28
0
28
0
22
0
26
0
6
0
16
0
45
0
40
0
10
0
13
0
20
0
1
0
8
0
8
0
19
0
11
0
15
0
16
0
14
0
19
0
19
0
15
0
36
0
18
0
8
0
16
0
14
0
21
0
15
0
25
0
15
0
43
0
10
0
20
0
33
0
16
0
17
0
4
0
15
0
20
0
16
0
14
0
18
0
16
0
11
0
31
0
19
0
13
0
26
0
6
0
17
0
38
0
10
0
32
0
12
0
18
0
23
0
20
0
23
0
36
0
29
0
26
0
26
0
26
0
29
0
15
0
21
0
21
0
19
0
25
0
15
0
26
0
18
0
28
0
20
0
25
0
10
0
10
0
9
0
46
0
1
0
20
0
17
0
14
0
20
0
21
0
13
0
25
0
18
0
42
0
16
0
0
0
19
0
8
0
8
0
16
0
18
0
19
0
26
0
13
0
20
0
16
0
13
0
15
0
27
0
15
0
16
0
20
0
36
0
25
0
15
0
29
0
24
0
5
0
24
0
44
0
24
0
9
0
22
0
22
0
45
0
26
0
34
0
40
0
23
0
18
0
37
0
16
0
28
0
10
0
43
0
16
0
17
0
225
0
46
0
19
0
15
0
23
0
30
0
8
0
18
0
13
0
27
0
6
0
22
0
12
0
17
0
11
0
15
0
28
0
28
