0
5
0
22
0
0
0
24
0
22
0
27
0
34
0
11
0
11
0
19
0
34
0
21
0
29
0
32
0
20
0
31
0
54
0
17
0
12
0
11
0
7
0
13
0
11
0
16
0
31
0
21
0
26
0
17
0
10
0
17
0
14
0
28
0
24
0
34
0
23
0
16
0
25
0
18
0
42
0
34
0
29
0
16
0
9
0
37
0
28
0
24
0
36
0
13
0
23
0
17
0
20
0
16
0
26
0
25
0
25
0
27
0
14
0
19
0
8
0
13
0
18
0
29
0
22
0
32
0
19
0
15
0
16
0
17
0
2
0
12
0
25
0
23
0
27
0
22
0
18
0
41
0
25
0
18
0
28
0
27
0
16
0
21
0
15
0
22
0
26
0
30
0
31
0
27
0
10
0
24
0
22
0
14
0
12
0
20
0
16
0
23
0
32
0
11
0
23
0
23
0
13
0
37
0
10
0
23
0
21
0
22
0
18
0
27
0
48
0
22
0
19
0
22
0
13
0
20
0
21
0
16
0
13
0
10
0
24
0
31
0
36
0
13
0
25
0
5
0
12
0
18
0
16
0
29
0
21
0
15
0
25
0
4
0
25
0
17
0
21
0
48
0
5
0
60
0
6
0
24
0
12
0
17
0
12
0
21
0
37
0
31
0
25
0
12
0
26
0
34
0
21
0
43
0
12
0
2
0
40
0
10
0
49
0
17
0
11
0
14
0
10
0
17
0
21
0
20
0
13
0
27
0
18
0
32
0
20
0
9
0
11
0
20
0
18
0
19
0
21
0
18
0
14
0
31
0
14
0
28
0
18
0
22
0
26
0
27
0
14
0
17
0
12
0
21
0
13
0
20
0
14
0
0
0
10
0
40
0
12
0
17
0
21
0
20
0
28
0
44
0
18
0
34
0
13
0
26
0
16
0
11
0
11
0
16
0
7
0
11
0
13
0
33
0
16
0
25
0
24
0
28
0
18
0
31
0
33
0
14
0
17
0
18
0
24
0
10
0
19
0
21
0
36
0
16
0
17
0
3
0
19
0
28
0
40
0
18
0
17
0
23
0
28
0
21
0
16
0
36
0
23
0
21
0
16
0
15
0
33
0
23
0
27
0
34
0
18
0
9
0
13
0
34
0
21
0
16
0
16
0
34
0
35
0
11
0
11
0
38
0
11
0
33
0
26
0
33
0
12
0
30
0
23
0
20
0
26
0
10
0
19
0
32
0
16
0
8
0
35
0
15
0
28
0
17
0
33
0
22
0
0
0
22
0
18
0
11
0
58
0
8
0
21
0
15
0
30
0
22
0
18
0
9
0
31
0
3
0
35
0
23
0
44
0
19
0
23
0
23
0
26
0
19
0
29
0
0
0
44
0
23
0
30
0
20
0
29
0
22
0
31
0
0
0
13
0
13
0
11
0
19
0
13
0
19
0
7
0
17
0
32
0
13
0
29
0
28
0
30
0
13
0
25
0
8
0
7
0
22
0
29
0
37
0
10
0
29
0
1
0
26
0
16
0
19
0
16
0
15
0
24
0
17
0
23
0
27
0
33
0
2
0
2
0
16
0
19
0
15
0
12
0
14
0
24
0
26
0
10
0
27
0
22
0
22
0
31
0
30
0
30
0
22
0
21
0
19
0
21
0
22
0
16
0
10
0
12
0
31
0
13
0
23
0
31
0
17
0
60
0
13
0
15
0
27
0
14
0
13
0
36
0
17
0
18
0
25
0
16
0
16
0
16
0
15
0
22
0
17
0
23
0
12
0
25
0
9
0
10
0
22
0
8
0
21
0
16
0
20
0
14
0
31
0
30
0
14
0
18
0
13
0
18
0
20
0
34
0
29
0
12
0
23
0
21
0
1
0
16
0
18
0
14
0
46
0
28
0
28
0
9
0
34
0
13
0
23
0
17
0
5
0
20
0
12
0
16
0
42
0
7
0
5
0
22
0
19
0
19
0
6
0
24
0
20
0
0
0
15
0
29
0
22
0
23
0
15
0
30
0
11
0
40
0
29
0
32
0
24
0
31
0
15
0
11
0
23
0
27
0
13
0
28
0
13
0
22
0
23
0
23
0
18
0
6
0
14
0
8
0
30
0
9
0
15
0
32
0
17
0
30
0
23
0
35
0
20
0
12
0
4
0
33
0
26
0
15
0
11
0
16
0
21
0
16
0
77
0
10
0
11
0
12
0
22
0
23
0
35
0
18
0
18
0
13
0
24
0
16
0
21
0
32
0
0
0
31
0
17
0
