0
29
0
18
0
4
0
16
0
39
0
21
0
14
0
8
0
9
0
14
0
34
0
9
0
24
0
22
0
14
0
22
0
24
0
23
0
11
0
38
0
38
0
30
0
21
0
18
0
3
0
17
0
50
0
30
0
26
0
13
0
25
0
11
0
22
0
22
0
38
0
8
0
20
0
29
0
24
0
44
0
17
0
18
0
26
0
15
0
9
0
10
0
21
0
23
0
17
0
51
0
30
0
6
0
13
0
44
0
18
0
58
0
25
0
32
0
13
0
11
0
6
0
25
0
21
0
15
0
18
0
20
0
20
0
20
0
28
0
19
0
25
0
22
0
25
0
15
0
10
0
24
0
15
0
31
0
18
0
32
0
22
0
37
0
5
0
21
0
35
0
39
0
13
0
24
0
28
0
20
0
10
0
16
0
17
0
18
0
28
0
9
0
16
0
31
0
5
0
15
0
11
0
21
0
4
0
4
0
6
0
23
0
0
0
29
0
17
0
34
0
6
0
34
0
40
0
28
0
19
0
26
0
15
0
46
0
48
0
11
0
11
0
16
0
19
0
17
0
38
0
14
0
29
0
21
0
22
0
10
0
19
0
24
0
23
0
11
0
19
0
16
0
28
0
13
0
27
0
25
0
19
0
20
0
6
0
27
0
50
0
22
0
19
0
48
0
20
0
8
0
24
0
14
0
14
0
9
0
9
0
19
0
25
0
23
0
14
0
17
0
20
0
19
0
11
0
22
0
12
0
15
0
22
0
23
0
3
0
27
0
22
0
32
0
30
0
19
0
28
0
15
0
15
0
37
0
21
0
20
0
21
0
44
0
26
0
4
0
25
0
29
0
22
0
7
0
14
0
30
0
14
0
22
0
44
0
31
0
15
0
19
0
6
0
12
0
30
0
44
0
34
0
29
0
6
0
21
0
6
0
9
0
26
0
42
0
24
0
24
0
0
0
36
0
32
0
29
0
18
0
28
0
18
0
16
0
20
0
18
0
7
0
13
0
37
0
21
0
20
0
16
0
23
0
22
0
14
0
33
0
17
0
20
0
19
0
4
0
15
0
4
0
20
0
15
0
18
0
14
0
45
0
14
0
22
0
20
0
20
0
20
0
19
0
30
0
15
0
20
0
32
0
35
0
24
0
36
0
19
0
29
0
17
0
35
0
13
0
19
0
19
0
16
0
22
0
27
0
9
0
8
0
30
0
19
0
21
0
25
0
22
0
13
0
20
0
17
0
22
0
19
0
11
0
20
0
10
0
25
0
13
0
28
0
20
0
26
0
11
0
26
0
26
0
21
0
20
0
24
0
18
0
52
0
45
0
9
0
23
0
32
0
17
0
16
0
13
0
30
0
22
0
12
0
38
0
36
0
3
0
23
0
23
0
17
0
20
0
15
0
8
0
20
0
16
0
27
0
20
0
36
0
37
0
24
0
32
0
30
0
22
0
15
0
23
0
23
0
11
0
5
0
30
0
28
0
24
0
19
0
22
0
13
0
14
0
16
0
40
0
24
0
33
0
18
0
10
0
25
0
38
0
25
0
16
0
1
0
17
0
32
0
29
0
18
0
25
0
12
0
18
0
21
0
32
0
26
0
22
0
18
0
15
0
44
0
25
0
34
0
22
0
7
0
24
0
12
0
29
0
14
0
28
0
22
0
14
0
20
0
16
0
7
0
25
0
22
0
39
0
18
0
41
0
12
0
18
0
24
0
31
0
23
0
25
0
7
0
19
0
19
0
11
0
24
0
9
0
37
0
4
0
19
0
32
0
29
0
29
0
14
0
32
0
9
0
18
0
14
0
16
0
20
0
36
0
33
0
12
0
20
0
19
0
17
0
40
0
30
0
31
0
32
0
37
0
24
0
19
0
16
0
11
0
22
0
6
0
22
0
13
0
37
0
29
0
21
0
15
0
8
0
7
0
15
0
10
0
43
0
24
0
34
0
30
0
43
0
18
0
3
0
5
0
16
0
18
0
20
0
15
0
10
0
11
0
25
0
17
0
8
0
8
0
30
0
6
0
13
0
24
0
13
0
16
0
21
0
27
0
22
0
30
0
13
0
30
0
27
0
14
0
14
0
11
0
11
0
20
0
24
0
19
0
12
0
14
0
21
0
42
0
17
0
16
0
21
0
10
0
23
0
17
0
42
0
16
0
16
0
6
0
19
0
18
0
7
0
20
0
20
0
11
0
19
0
30
0
13
0
16
0
20
0
25
0
24
0
12
0
19
0
17
0
23
0
9
0
11
0
