0
20
0
19
0
24
0
55
0
40
0
25
0
41
0
13
0
26
0
13
0
16
0
26
0
32
0
23
0
46
0
55
0
17
0
9
0
16
0
26
0
19
0
27
0
24
0
24
0
17
0
26
0
6
0
35
0
37
0
20
0
17
0
20
0
16
0
21
0
46
0
32
0
34
0
14
0
24
0
15
0
14
0
20
0
15
0
25
0
5
0
31
0
19
0
23
0
36
0
8
0
33
0
28
0
16
0
38
0
24
0
14
0
24
0
26
0
20
0
13
0
49
0
18
0
20
0
8
0
15
0
19
0
23
0
25
0
34
0
12
0
28
0
10
0
14
0
9
0
12
0
17
0
13
0
38
0
11
0
23
0
30
0
6
0
41
0
10
0
18
0
34
0
14
0
16
0
21
0
17
0
30
0
19
0
23
0
23
0
4
0
18
0
15
0
29
0
29
0
26
0
27
0
35
0
31
0
36
0
20
0
19
0
16
0
17
0
11
0
18
0
12
0
33
0
1
0
23
0
29
0
38
0
15
0
16
0
21
0
30
0
17
0
14
0
28
0
12
0
25
0
29
0
16
0
29
0
31
0
36
0
28
0
29
0
4
0
13
0
22
0
16
0
29
0
19
0
39
0
9
0
58
0
23
0
13
0
18
0
16
0
39
0
41
0
18
0
4
0
18
0
23
0
0
0
18
0
13
0
25
0
10
0
7
0
22
0
15
0
18
0
34
0
40
0
35
0
26
0
20
0
20
0
33
0
15
0
28
0
11
0
16
0
27
0
24
0
33
0
27
0
35
0
30
0
33
0
18
0
23
0
27
0
18
0
26
0
10
0
22
0
7
0
23
0
32
0
38
0
15
0
21
0
28
0
41
0
20
0
36
0
25
0
16
0
23
0
17
0
30
0
5
0
5
0
24
0
23
0
18
0
23
0
26
0
22
0
32
0
35
0
18
0
22
0
24
0
12
0
26
0
16
0
23
0
5
0
49
0
22
0
13
0
19
0
32
0
20
0
17
0
34
0
39
0
15
0
39
0
18
0
17
0
29
0
31
0
37
0
43
0
14
0
19
0
44
0
31
0
9
0
29
0
23
0
29
0
9
0
8
0
19
0
27
0
4
0
11
0
22
0
15
0
12
0
32
0
17
0
29
0
18
0
1
0
14
0
30
0
28
0
20
0
30
0
20
0
24
0
12
0
12
0
34
0
7
0
21
0
7
0
21
0
21
0
21
0
16
0
23
0
19
0
5
0
17
0
23
0
4
0
24
0
24
0
19
0
17
0
16
0
19
0
9
0
7
0
29
0
22
0
20
0
24
0
32
0
15
0
9
0
24
0
47
0
26
0
13
0
10
0
36
0
27
0
25
0
26
0
26
0
30
0
49
0
24
0
9
0
28
0
35
0
12
0
29
0
19
0
40
0
32
0
25
0
22
0
36
0
53
0
21
0
34
0
24
0
15
0
20
0
19
0
35
0
10
0
21
0
30
0
14
0
10
0
49
0
16
0
18
0
22
0
18
0
16
0
23
0
13
0
25
0
21
0
26
0
23
0
43
0
13
0
19
0
30
0
29
0
21
0
23
0
19
0
41
0
16
0
29
0
2
0
16
0
17
0
24
0
15
0
42
0
42
0
34
0
17
0
25
0
17
0
24
0
20
0
22
0
21
0
38
0
20
0
27
0
21
0
20
0
14
0
14
0
26
0
54
0
49
0
42
0
23
0
29
0
13
0
12
0
9
0
14
0
22
0
9
0
46
0
13
0
25
0
16
0
23
0
10
0
9
0
14
0
30
0
20
0
12
0
25
0
16
0
18
0
19
0
32
0
30
0
13
0
23
0
25
0
24
0
31
0
25
0
36
0
18
0
21
0
24
0
14
0
20
0
20
0
40
0
16
0
6
0
7
0
19
0
8
0
16
0
26
0
17
0
33
0
17
0
26
0
33
0
30
0
13
0
20
0
18
0
13
0
24
0
14
0
16
0
46
0
27
0
25
0
21
0
20
0
9
0
8
0
28
0
51
0
8
0
13
0
19
0
18
0
22
0
8
0
19
0
12
0
17
0
20
0
20
0
7
0
17
0
33
0
13
0
10
0
16
0
32
0
27
0
16
0
34
0
23
0
22
0
19
0
22
0
17
0
15
0
26
0
19
0
25
0
6
0
13
0
17
0
36
0
23
0
19
0
43
0
16
0
9
0
23
0
11
0
19
0
24
0
34
0
13
0
19
0
30
0
19
0
26
0
17
0
15
0
