0
23
0
33
0
20
0
15
0
37
0
18
0
21
0
10
0
4
0
19
0
4
0
35
0
21
0
28
0
7
0
17
0
9
0
31
0
30
0
18
0
5
0
26
0
16
0
14
0
26
0
23
0
6
0
27
0
12
0
33
0
20
0
24
0
28
0
20
0
12
0
32
0
32
0
16
0
25
0
41
0
21
0
15
0
17
0
38
0
2
0
30
0
24
0
27
0
12
0
6
0
18
0
20
0
44
0
34
0
32
0
16
0
16
0
27
0
18
0
25
0
26
0
18
0
18
0
41
0
15
0
6
0
31
0
8
0
13
0
13
0
19
0
14
0
17
0
19
0
9
0
14
0
33
0
17
0
20
0
5
0
30
0
8
0
29
0
20
0
13
0
22
0
16
0
27
0
22
0
9
0
34
0
19
0
52
0
16
0
22
0
39
0
24
0
22
0
12
0
18
0
13
0
31
0
27
0
21
0
19
0
10
0
29
0
29
0
49
0
31
0
18
0
20
0
30
0
5
0
25
0
29
0
19
0
20
0
26
0
18
0
24
0
24
0
17
0
28
0
16
0
19
0
47
0
15
0
29
0
18
0
21
0
23
0
29
0
24
0
20
0
38
0
14
0
40
0
11
0
23
0
8
0
19
0
25
0
17
0
16
0
17
0
42
0
34
0
23
0
19
0
44
0
11
0
13
0
20
0
27
0
10
0
25
0
25
0
23
0
26
0
14
0
28
0
11
0
29
0
17
0
20
0
23
0
18
0
63
0
30
0
26
0
25
0
14
0
9
0
30
0
16
0
33
0
25
0
20
0
21
0
15
0
24
0
15
0
58
0
24
0
22
0
26
0
24
0
18
0
19
0
31
0
35
0
19
0
19
0
22
0
29
0
20
0
41
0
36
0
28
0
8
0
13
0
23
0
18
0
11
0
18
0
22
0
22
0
24
0
23
0
34
0
18
0
11
0
22
0
14
0
32
0
21
0
18
0
3
0
21
0
20
0
2
0
35
0
51
0
18
0
17
0
45
0
8
0
11
0
35
0
11
0
18
0
6
0
25
0
3
0
44
0
17
0
32
0
34
0
11
0
26
0
30
0
30
0
20
0
12
0
23
0
31
0
15
0
27
0
22
0
18
0
18
0
20
0
35
0
34
0
36
0
30
0
25
0
27
0
18
0
25
0
27
0
12
0
14
0
24
0
11
0
15
0
43
0
29
0
17
0
22
0
22
0
23
0
37
0
18
0
11
0
20
0
19
0
17
0
26
0
18
0
33
0
17
0
32
0
32
0
12
0
7
0
30
0
21
0
35
0
21
0
18
0
21
0
12
0
29
0
17
0
8
0
27
0
40
0
21
0
13
0
18
0
26
0
35
0
17
0
30
0
2
0
23
0
10
0
35
0
38
0
27
0
10
0
22
0
40
0
15
0
20
0
15
0
22
0
8
0
26
0
34
0
27
0
5
0
3
0
16
0
24
0
25
0
27
0
24
0
46
0
6
0
11
0
20
0
13
0
26
0
18
0
19
0
18
0
5
0
30
0
38
0
22
0
23
0
19
0
25
0
12
0
16
0
21
0
38
0
16
0
22
0
16
0
28
0
18
0
14
0
17
0
22
0
20
0
41
0
21
0
23
0
21
0
14
0
19
0
14
0
23
0
33
0
22
0
34
0
17
0
49
0
35
0
28
0
31
0
14
0
10
0
23
0
30
0
13
0
15
0
19
0
14
0
16
0
8
0
25
0
18
0
36
0
11
0
31
0
31
0
22
0
21
0
20
0
21
0
13
0
32
0
12
0
25
0
30
0
19
0
34
0
28
0
21
0
19
0
34
0
18
0
23
0
27
0
24
0
16
0
17
0
30
0
21
0
26
0
13
0
13
0
22
0
12
0
10
0
27
0
16
0
23
0
8
0
15
0
34
0
21
0
5
0
26
0
26
0
23
0
22
0
11
0
40
0
26
0
20
0
32
0
18
0
20
0
21
0
24
0
26
0
11
0
15
0
9
0
32
0
16
0
17
0
18
0
23
0
45
0
21
0
15
0
28
0
33
0
28
0
29
0
16
0
33
0
25
0
20
0
2
0
4
0
49
0
27
0
13
0
14
0
25
0
9
0
2
0
11
0
15
0
33
0
17
0
31
0
20
0
11
0
30
0
22
0
31
0
31
0
21
0
30
0
23
0
37
0
20
0
25
0
15
0
16
0
5
0
29
0
16
0
29
0
21
0
27
0
13
0
22
0
25
0
17
0
30
0
