0
21
0
27
0
22
0
20
0
14
0
20
0
8
0
10
0
17
0
17
0
8
0
15
0
16
0
13
0
43
0
32
0
14
0
40
0
25
0
44
0
4
0
26
0
26
0
17
0
19
0
24
0
8
0
9
0
23
0
21
0
12
0
42
0
32
0
15
0
40
0
24
0
18
0
16
0
35
0
41
0
45
0
14
0
22
0
20
0
24
0
12
0
28
0
19
0
22
0
11
0
54
0
20
0
33
0
23
0
11
0
12
0
19
0
23
0
27
0
26
0
22
0
29
0
20
0
28
0
14
0
30
0
26
0
11
0
29
0
32
0
29
0
18
0
8
0
24
0
26
0
19
0
8
0
10
0
18
0
25
0
18
0
21
0
5
0
21
0
21
0
16
0
24
0
4
0
25
0
9
0
25
0
44
0
0
0
14
0
18
0
13
0
20
0
12
0
20
0
14
0
20
0
21
0
10
0
25
0
10
0
29
0
13
0
18
0
28
0
10
0
9
0
23
0
24
0
18
0
25
0
15
0
4
0
16
0
25
0
17
0
39
0
30
0
19
0
28
0
21
0
11
0
16
0
26
0
42
0
18
0
10
0
23
0
17
0
25
0
29
0
27
0
8
0
23
0
30
0
26
0
20
0
32
0
24
0
38
0
10
0
16
0
17
0
15
0
34
0
31
0
32
0
24
0
16
0
13
0
25
0
6
0
38
0
31
0
31
0
17
0
21
0
26
0
23
0
7
0
33
0
35
0
42
0
21
0
10
0
18
0
29
0
30
0
8
0
18
0
21
0
28
0
23
0
29
0
29
0
16
0
33
0
17
0
12
0
8
0
36
0
24
0
19
0
27
0
20
0
27
0
8
0
29
0
31
0
29
0
34
0
11
0
15
0
28
0
7
0
13
0
6
0
21
0
38
0
10
0
9
0
22
0
24
0
23
0
40
0
18
0
18
0
20
0
15
0
22
0
22
0
9
0
12
0
23
0
17
0
18
0
28
0
19
0
23
0
28
0
42
0
31
0
25
0
10
0
23
0
27
0
19
0
39
0
28
0
42
0
20
0
31
0
17
0
29
0
39
0
30
0
27
0
18
0
20
0
18
0
20
0
23
0
24
0
14
0
28
0
25
0
26
0
26
0
18
0
15
0
16
0
32
0
38
0
19
0
10
0
15
0
12
0
18
0
24
0
32
0
33
0
21
0
28
0
17
0
30
0
18
0
21
0
19
0
24
0
12
0
11
0
22
0
7
0
30
0
31
0
7
0
9
0
18
0
10
0
21
0
21
0
18
0
35
0
21
0
22
0
15
0
16
0
29
0
13
0
8
0
11
0
23
0
13
0
2
0
24
0
20
0
29
0
41
0
42
0
18
0
21
0
11
0
12
0
18
0
34
0
23
0
15
0
30
0
17
0
21
0
17
0
23
0
22
0
57
0
34
0
10
0
41
0
6
0
10
0
32
0
11
0
20
0
17
0
17
0
20
0
14
0
19
0
36
0
32
0
18
0
15
0
19
0
16
0
15
0
39
0
11
0
12
0
26
0
24
0
21
0
20
0
29
0
20
0
29
0
16
0
20
0
8
0
13
0
65
0
43
0
29
0
24
0
19
0
50
0
36
0
22
0
50
0
16
0
30
0
26
0
10
0
24
0
23
0
16
0
22
0
42
0
28
0
40
0
11
0
18
0
30
0
2
0
20
0
29
0
13
0
11
0
15
0
48
0
22
0
23
0
9
0
10
0
45
0
9
0
13
0
14
0
11
0
19
0
20
0
20
0
52
0
14
0
23
0
28
0
2
0
24
0
26
0
24
0
15
0
17
0
37
0
48
0
41
0
21
0
9
0
24
0
29
0
18
0
21
0
27
0
15
0
7
0
24
0
35
0
12
0
14
0
32
0
15
0
16
0
8
0
12
0
22
0
11
0
28
0
12
0
28
0
28
0
31
0
25
0
25
0
10
0
23
0
30
0
27
0
11
0
29
0
24
0
37
0
20
0
9
0
46
0
33
0
16
0
37
0
30
0
13
0
36
0
24
0
12
0
18
0
38
0
3
0
23
0
15
0
23
0
29
0
28
0
13
0
21
0
16
0
32
0
20
0
39
0
19
0
27
0
19
0
25
0
28
0
18
0
28
0
23
0
28
0
17
0
46
0
20
0
20
0
32
0
12
0
28
0
372
0
6
0
20
0
12
0
25
0
18
0
22
0
30
0
12
0
20
0
8
0
25
0
14
0
30
0
30
0
16
0
20
0
