0
19
0
18
0
20
0
23
0
9
0
20
0
36
0
14
0
35
0
7
0
36
0
32
0
7
0
19
0
34
0
22
0
24
0
47
0
13
0
5
0
34
0
21
0
30
0
28
0
11
0
9
0
33
0
8
0
9
0
20
0
34
0
22
0
23
0
33
0
14
0
34
0
19
0
26
0
18
0
22
0
40
0
16
0
14
0
24
0
23
0
14
0
36
0
53
0
13
0
35
0
24
0
10
0
30
0
13
0
18
0
48
0
34
0
28
0
37
0
8
0
16
0
17
0
7
0
18
0
21
0
25
0
13
0
25
0
24
0
39
0
15
0
12
0
14
0
35
0
16
0
12
0
37
0
31
0
10
0
14
0
28
0
11
0
14
0
17
0
16
0
16
0
18
0
18
0
19
0
21
0
8
0
34
0
12
0
10
0
10
0
27
0
9
0
13
0
31
0
20
0
14
0
9
0
42
0
11
0
19
0
26
0
31
0
26
0
21
0
21
0
33
0
28
0
38
0
34
0
36
0
21
0
16
0
13
0
6
0
15
0
33
0
20
0
12
0
21
0
21
0
25
0
17
0
28
0
13
0
35
0
21
0
32
0
30
0
37
0
40
0
34
0
21
0
16
0
14
0
29
0
6
0
24
0
26
0
20
0
29
0
26
0
15
0
43
0
35
0
19
0
33
0
25
0
33
0
18
0
23
0
19
0
48
0
24
0
59
0
29
0
6
0
18
0
9
0
37
0
9
0
43
0
19
0
17
0
30
0
13
0
36
0
20
0
22
0
17
0
10
0
17
0
18
0
23
0
30
0
12
0
11
0
21
0
21
0
29
0
24
0
26
0
22
0
21
0
11
0
24
0
36
0
10
0
34
0
14
0
34
0
29
0
9
0
20
0
18
0
25
0
17
0
17
0
13
0
24
0
21
0
16
0
11
0
27
0
15
0
47
0
12
0
17
0
18
0
8
0
32
0
42
0
22
0
30
0
25
0
25
0
27
0
21
0
16
0
14
0
29
0
24
0
18
0
13
0
21
0
20
0
25
0
23
0
17
0
40
0
9
0
19
0
34
0
41
0
5
0
25
0
17
0
22
0
10
0
24
0
5
0
40
0
21
0
16
0
16
0
28
0
26
0
38
0
25
0
39
0
26
0
17
0
10
0
1
0
27
0
32
0
17
0
19
0
11
0
15
0
19
0
33
0
26
0
22
0
30
0
8
0
25
0
24
0
30
0
16
0
10
0
12
0
28
0
24
0
30
0
16
0
9
0
29
0
36
0
27
0
15
0
22
0
35
0
14
0
32
0
32
0
26
0
21
0
32
0
36
0
34
0
8
0
13
0
14
0
33
0
15
0
17
0
35
0
15
0
24
0
25
0
19
0
16
0
33
0
13
0
19
0
11
0
23
0
10
0
14
0
17
0
24
0
31
0
43
0
37
0
27
0
24
0
21
0
24
0
16
0
16
0
15
0
11
0
15
0
4
0
31
0
12
0
20
0
23
0
27
0
17
0
5
0
18
0
14
0
34
0
17
0
28
0
8
0
18
0
28
0
17
0
11
0
30
0
16
0
31
0
28
0
21
0
12
0
39
0
16
0
31
0
26
0
19
0
10
0
17
0
17
0
10
0
25
0
17
0
31
0
41
0
35
0
21
0
12
0
6
0
28
0
17
0
9
0
17
0
32
0
3
0
20
0
19
0
12
0
36
0
23
0
7
0
13
0
23
0
7
0
10
0
30
0
18
0
34
0
16
0
11
0
17
0
17
0
22
0
18
0
32
0
25
0
22
0
35
0
20
0
23
0
7
0
15
0
19
0
18
0
29
0
21
0
40
0
14
0
9
0
21
0
25
0
14
0
19
0
19
0
20
0
14
0
8
0
23
0
33
0
11
0
34
0
11
0
32
0
33
0
19
0
32
0
17
0
17
0
18
0
13
0
21
0
12
0
20
0
14
0
19
0
24
0
15
0
15
0
34
0
20
0
28
0
29
0
40
0
17
0
14
0
22
0
21
0
32
0
18
0
23
0
35
0
19
0
17
0
20
0
27
0
34
0
23
0
14
0
18
0
21
0
27
0
23
0
31
0
20
0
6
0
18
0
40
0
25
0
17
0
31
0
40
0
47
0
23
0
13
0
25
0
16
0
42
0
13
0
26
0
11
0
41
0
13
0
250
0
24
0
25
0
46
0
32
0
24
0
24
0
24
0
0
0
19
0
5
0
17
0
30
0
37
0
32
0
18
0
24
0
8
0
