0
22
0
2
0
35
0
10
0
31
0
14
0
17
0
40
0
10
0
30
0
9
0
36
0
11
0
34
0
34
0
25
0
12
0
19
0
25
0
27
0
36
0
24
0
11
0
32
0
17
0
21
0
13
0
22
0
32
0
20
0
13
0
19
0
24
0
25
0
26
0
27
0
11
0
9
0
15
0
48
0
18
0
24
0
36
0
27
0
29
0
30
0
16
0
32
0
21
0
5
0
17
0
13
0
24
0
11
0
10
0
22
0
23
0
33
0
23
0
26
0
13
0
15
0
19
0
20
0
14
0
28
0
29
0
35
0
18
0
40
0
13
0
5
0
23
0
22
0
12
0
2
0
6
0
18
0
21
0
37
0
23
0
18
0
22
0
30
0
5
0
16
0
12
0
26
0
21
0
2
0
10
0
42
0
19
0
24
0
26
0
21
0
21
0
4
0
9
0
3
0
16
0
27
0
33
0
29
0
12
0
24
0
22
0
15
0
23
0
25
0
22
0
13
0
18
0
14
0
18
0
17
0
27
0
7
0
9
0
13
0
27
0
12
0
42
0
16
0
40
0
39
0
16
0
12
0
3
0
14
0
26
0
31
0
22
0
30
0
16
0
32
0
14
0
25
0
8
0
22
0
22
0
30
0
17
0
33
0
30
0
23
0
28
0
33
0
26
0
13
0
4
0
26
0
24
0
32
0
36
0
28
0
32
0
14
0
14
0
21
0
28
0
11
0
19
0
18
0
20
0
23
0
33
0
10
0
25
0
20
0
14
0
39
0
14
0
24
0
29
0
12
0
35
0
22
0
24
0
2
0
22
0
20
0
22
0
34
0
21
0
22
0
24
0
20
0
14
0
25
0
8
0
20
0
15
0
21
0
26
0
13
0
18
0
28
0
12
0
11
0
12
0
29
0
12
0
26
0
20
0
22
0
14
0
0
0
37
0
19
0
21
0
28
0
11
0
14
0
20
0
9
0
22
0
28
0
39
0
39
0
18
0
16
0
24
0
19
0
40
0
27
0
25
0
24
0
24
0
37
0
26
0
23
0
15
0
5
0
18
0
13
0
7
0
24
0
36
0
20
0
19
0
21
0
14
0
23
0
27
0
20
0
15
0
19
0
26
0
31
0
18
0
19
0
54
0
9
0
29
0
17
0
6
0
23
0
28
0
12
0
15
0
13
0
30
0
22
0
14
0
30
0
20
0
31
0
16
0
25
0
14
0
7
0
5
0
23
0
25
0
0
0
16
0
43
0
10
0
27
0
24
0
28
0
17
0
36
0
29
0
29
0
19
0
21
0
17
0
0
0
25
0
21
0
24
0
40
0
20
0
13
0
0
0
15
0
15
0
4
0
27
0
19
0
20
0
41
0
13
0
0
0
24
0
24
0
26
0
11
0
17
0
38
0
3
0
33
0
10
0
13
0
27
0
9
0
33
0
16
0
35
0
22
0
14
0
18
0
13
0
21
0
29
0
14
0
15
0
12
0
18
0
28
0
12
0
13
0
12
0
13
0
22
0
12
0
32
0
21
0
10
0
23
0
28
0
38
0
17
0
14
0
26
0
24
0
47
0
9
0
18
0
3
0
18
0
21
0
22
0
19
0
15
0
23
0
21
0
32
0
19
0
17
0
41
0
27
0
16
0
14
0
27
0
27
0
16
0
21
0
19
0
15
0
17
0
13
0
29
0
32
0
20
0
27
0
26
0
24
0
15
0
26
0
24
0
28
0
17
0
46
0
19
0
35
0
16
0
22
0
6
0
25
0
18
0
17
0
21
0
18
0
20
0
26
0
21
0
36
0
27
0
27
0
32
0
23
0
21
0
26
0
25
0
34
0
31
0
33
0
28
0
24
0
41
0
14
0
12
0
8
0
10
0
24
0
21
0
8
0
27
0
18
0
9
0
18
0
17
0
23
0
23
0
15
0
16
0
12
0
20
0
19
0
32
0
20
0
37
0
25
0
21
0
8
0
18
0
12
0
30
0
10
0
27
0
20
0
14
0
32
0
12
0
17
0
18
0
31
0
9
0
15
0
40
0
30
0
24
0
25
0
13
0
23
0
14
0
17
0
26
0
13
0
20
0
24
0
11
0
18
0
26
0
21
0
19
0
29
0
18
0
16
0
11
0
19
0
33
0
19
0
33
0
36
0
32
0
16
0
21
0
21
0
36
0
123
0
18
0
18
0
30
0
17
0
36
0
17
0
9
0
20
0
28
0
9
0
8
0
19
0
18
0
22
0
21
0
5
0
