3338
0
19
0
22
0
36
0
20
0
21
0
14
0
20
0
28
0
36
0
6
0
12
0
12
0
22
0
27
0
11
0
14
0
47
0
22
0
12
0
10
0
18
0
16
0
18
0
12
0
25
0
16
0
16
0
8
0
26
0
8
0
13
0
22
0
25
0
18
0
12
0
18
0
22
0
20
0
25
0
15
0
27
0
18
0
24
0
14
0
37
0
15
0
16
0
32
0
26
0
20
0
33
0
17
0
16
0
25
0
14
0
15
0
18
0
29
0
31
0
33
0
15
0
17
0
13
0
18
0
25
0
26
0
15
0
19
0
32
0
21
0
8
0
10
0
22
0
17
0
28
0
22
0
21
0
21
0
5
0
3
0
30
0
35
0
40
0
16
0
25
0
19
0
24
0
36
0
16
0
18
0
22
0
18
0
7
0
31
0
24
0
11
0
13
0
17
0
9
0
27
0
10
0
12
0
18
0
15
0
9
0
25
0
44
0
18
0
17
0
9
0
16
0
28
0
24
0
48
0
18
0
15
0
32
0
29
0
12
0
36
0
20
0
23
0
30
0
21
0
11
0
11
0
37
0
17
0
24
0
23
0
29
0
26
0
13
0
34
0
29
0
29
0
13
0
25
0
16
0
12
0
37
0
24
0
5
0
16
0
10
0
29
0
13
0
23
0
40
0
26
0
29
0
19
0
9
0
15
0
30
0
26
0
37
0
15
0
32
0
8
0
14
0
34
0
22
0
24
0
42
0
23
0
18
0
25
0
19
0
25
0
13
0
37
0
35
0
30
0
18
0
47
0
37
0
32
0
33
0
29
0
19
0
15
0
29
0
16
0
27
0
26
0
8
0
18
0
36
0
23
0
26
0
43
0
34
0
13
0
27
0
9
0
30
0
20
0
24
0
14
0
7
0
25
0
8
0
13
0
27
0
35
0
28
0
25
0
17
0
8
0
13
0
29
0
28
0
14
0
19
0
27
0
26
0
20
0
49
0
28
0
7
0
45
0
23
0
28
0
16
0
16
0
22
0
28
0
15
0
37
0
12
0
24
0
10
0
35
0
20
0
20
0
22
0
20
0
32
0
13
0
30
0
29
0
13
0
22
0
41
0
17
0
20
0
23
0
21
0
25
0
21
0
25
0
12
0
13
0
10
0
30
0
16
0
42
0
40
0
5
0
17
0
15
0
26
0
6
0
9
0
29
0
32
0
27
0
5
0
8
0
15
0
24
0
25
0
18
0
29
0
11
0
34
0
12
0
20
0
16
0
15
0
14
0
17
0
14
0
16
0
27
0
27
0
21
0
32
0
26
0
43
0
12
0
27
0
22
0
28
0
23
0
15
0
23
0
13
0
28
0
25
0
21
0
24
0
6
0
18
0
15
0
18
0
25
0
22
0
27
0
20
0
30
0
19
0
6
0
7
0
17
0
39
0
24
0
4
0
11
0
23
0
21
0
39
0
28
0
30
0
34
0
25
0
20
0
43
0
45
0
10
0
30
0
31
0
24
0
28
0
8
0
23
0
20
0
15
0
18
0
16
0
26
0
29
0
12
0
46
0
20
0
23
0
39
0
25
0
4
0
32
0
30
0
19
0
10
0
32
0
3
0
25
0
29
0
34
0
14
0
28
0
34
0
14
0
26
0
6
0
27
0
17
0
16
0
28
0
19
0
24
0
2
0
24
0
8
0
34
0
33
0
24
0
15
0
27
0
10
0
10
0
8
0
24
0
22
0
38
0
20
0
35
0
16
0
17
0
24
0
28
0
21
0
26
0
19
0
31
0
20
0
14
0
35
0
19
0
28
0
22
0
26
0
29
0
13
0
12
0
33
0
42
0
30
0
24
0
38
0
37
0
24
0
12
0
15
0
25
0
16
0
17
0
15
0
18
0
14
0
22
0
8
0
22
0
21
0
25
0
15
0
19
0
22
0
44
0
43
0
21
0
36
0
23
0
22
0
18
0
13
0
33
0
27
0
27
0
5
0
24
0
31
0
18
0
28
0
23
0
27
0
19
0
13
0
37
0
38
0
24
0
28
0
6
0
37
0
17
0
17
0
29
0
18
0
35
0
12
0
18
0
10
0
28
0
26
0
11
0
11
0
16
0
23
0
29
0
29
0
6
0
22
0
28
0
19
0
14
0
42
0
25
0
27
0
18
0
18
0
28
0
43
0
137
0
20
0
6
0
16
0
22
0
17
0
51
0
27
0
29
0
15
0
3
0
14
0
19
0
29
0
23
0
9
0
27
0
13
