0
14
0
8
0
20
0
20
0
28
0
26
0
5
0
14
0
13
0
31
0
35
0
37
0
26
0
9
0
23
0
8
0
11
0
36
0
31
0
44
0
22
0
8
0
18
0
8
0
18
0
44
0
29
0
38
0
14
0
25
0
13
0
12
0
0
0
16
0
12
0
31
0
18
0
32
0
13
0
24
0
19
0
16
0
12
0
32
0
7
0
16
0
21
0
38
0
19
0
29
0
6
0
14
0
37
0
26
0
14
0
13
0
14
0
21
0
27
0
9
0
15
0
24
0
14
0
31
0
23
0
23
0
21
0
30
0
20
0
32
0
20
0
22
0
32
0
22
0
29
0
26
0
20
0
20
0
34
0
17
0
12
0
9
0
19
0
14
0
21
0
19
0
18
0
8
0
17
0
24
0
21
0
18
0
26
0
14
0
10
0
18
0
49
0
17
0
23
0
5
0
21
0
0
0
14
0
57
0
16
0
25
0
39
0
19
0
12
0
34
0
23
0
17
0
20
0
17
0
8
0
10
0
7
0
24
0
26
0
26
0
25
0
25
0
18
0
24
0
11
0
33
0
13
0
20
0
17
0
20
0
16
0
26
0
22
0
16
0
17
0
29
0
11
0
16
0
16
0
26
0
17
0
9
0
24
0
24
0
13
0
16
0
28
0
16
0
7
0
34
0
13
0
10
0
23
0
25
0
21
0
27
0
14
0
21
0
30
0
14
0
14
0
20
0
28
0
40
0
10
0
22
0
18
0
7
0
21
0
19
0
28
0
7
0
48
0
31
0
37
0
11
0
31
0
24
0
43
0
13
0
1
0
10
0
31
0
30
0
25
0
17
0
17
0
26
0
38
0
21
0
30
0
9
0
31
0
17
0
29
0
8
0
32
0
26
0
16
0
27
0
8
0
24
0
26
0
12
0
17
0
0
0
23
0
19
0
23
0
15
0
11
0
17
0
17
0
24
0
9
0
27
0
25
0
22
0
14
0
30
0
25
0
12
0
21
0
25
0
10
0
11
0
32
0
16
0
25
0
33
0
25
0
18
0
18
0
22
0
25
0
11
0
35
0
19
0
26
0
36
0
16
0
19
0
15
0
19
0
25
0
22
0
7
0
33
0
38
0
23
0
20
0
12
0
23
0
33
0
12
0
24
0
19
0
15
0
37
0
30
0
7
0
16
0
10
0
18
0
10
0
14
0
10
0
12
0
31
0
21
0
28
0
9
0
15
0
21
0
36
0
15
0
33
0
13
0
17
0
20
0
19
0
26
0
17
0
6
0
29
0
20
0
25
0
20
0
15
0
26
0
45
0
4
0
17
0
8
0
28
0
25
0
22
0
34
0
16
0
17
0
19
0
4
0
12
0
20
0
26
0
22
0
28
0
29
0
12
0
17
0
27
0
18
0
22
0
14
0
21
0
8
0
9
0
26
0
11
0
11
0
28
0
8
0
18
0
8
0
21
0
29
0
24
0
8
0
10
0
17
0
17
0
10
0
13
0
11
0
16
0
12
0
23
0
18
0
25
0
6
0
19
0
16
0
25
0
15
0
14
0
14
0
15
0
39
0
23
0
35
0
17
0
21
0
16
0
32
0
34
0
24
0
9
0
15
0
64
0
9
0
22
0
42
0
18
0
14
0
20
0
19
0
22
0
18
0
35
0
11
0
23
0
22
0
6
0
19
0
14
0
14
0
27
0
43
0
17
0
28
0
9
0
24
0
55
0
20
0
27
0
18
0
9
0
12
0
11
0
19
0
63
0
16
0
17
0
14
0
27
0
15
0
28
0
18
0
26
0
12
0
13
0
16
0
22
0
48
0
16
0
15
0
16
0
22
0
30
0
12
0
13
0
23
0
1
0
16
0
10
0
35
0
32
0
31
0
26
0
26
0
0
0
27
0
20
0
0
0
13
0
32
0
13
0
27
0
20
0
30
0
33
0
20
0
27
0
11
0
12
0
12
0
5
0
10
0
26
0
28
0
16
0
13
0
28
0
14
0
16
0
36
0
13
0
16
0
15
0
21
0
0
0
6
0
32
0
56
0
26
0
22
0
35
0
15
0
21
0
31
0
35
0
18
0
20
0
17
0
18
0
33
0
18
0
21
0
23
0
23
0
21
0
17
0
21
0
20
0
25
0
16
0
19
0
51
0
20
0
23
0
12
0
36
0
22
0
223
0
26
0
11
0
26
0
25
0
20
0
9
0
19
0
21
0
35
0
24
0
25
0
19
0
41
0
14
0
25
0
10
0
