0
36
0
16
0
18
0
18
0
22
0
23
0
45
0
36
0
30
0
19
0
8
0
6
0
30
0
29
0
33
0
8
0
18
0
20
0
19
0
20
0
10
0
12
0
12
0
19
0
12
0
24
0
30
0
10
0
7
0
17
0
12
0
21
0
33
0
16
0
26
0
21
0
11
0
21
0
3
0
13
0
26
0
18
0
30
0
7
0
9
0
13
0
9
0
18
0
24
0
31
0
13
0
55
0
12
0
13
0
18
0
33
0
24
0
10
0
17
0
20
0
20
0
17
0
28
0
30
0
25
0
30
0
10
0
26
0
20
0
9
0
5
0
16
0
18
0
37
0
0
0
10
0
25
0
26
0
11
0
27
0
24
0
16
0
14
0
26
0
27
0
16
0
24
0
34
0
29
0
21
0
17
0
23
0
14
0
21
0
47
0
13
0
7
0
15
0
28
0
24
0
42
0
11
0
20
0
15
0
13
0
16
0
37
0
32
0
29
0
30
0
6
0
24
0
25
0
24
0
30
0
19
0
20
0
25
0
17
0
12
0
28
0
23
0
20
0
25
0
21
0
19
0
20
0
25
0
42
0
10
0
23
0
16
0
15
0
27
0
22
0
19
0
15
0
25
0
20
0
9
0
22
0
8
0
30
0
18
0
13
0
29
0
18
0
50
0
20
0
27
0
12
0
12
0
15
0
24
0
38
0
22
0
19
0
18
0
27
0
16
0
24
0
37
0
14
0
13
0
25
0
27
0
32
0
14
0
27
0
34
0
7
0
22
0
11
0
9
0
16
0
21
0
15
0
32
0
15
0
4
0
16
0
18
0
16
0
14
0
18
0
15
0
28
0
18
0
27
0
32
0
19
0
21
0
12
0
16
0
12
0
15
0
15
0
21
0
25
0
37
0
27
0
22
0
22
0
26
0
12
0
33
0
13
0
23
0
19
0
33
0
15
0
25
0
22
0
3
0
34
0
31
0
25
0
24
0
36
0
31
0
20
0
8
0
13
0
16
0
23
0
18
0
34
0
27
0
20
0
26
0
35
0
18
0
12
0
19
0
10
0
28
0
13
0
11
0
0
0
16
0
8
0
17
0
25
0
8
0
34
0
26
0
13
0
9
0
28
0
26
0
27
0
40
0
24
0
21
0
25
0
27
0
20
0
27
0
30
0
7
0
16
0
28
0
18
0
24
0
31
0
23
0
6
0
15
0
13
0
16
0
25
0
36
0
24
0
30
0
20
0
13
0
26
0
16
0
15
0
16
0
9
0
18
0
39
0
20
0
18
0
5
0
27
0
28
0
22
0
27
0
38
0
25
0
22
0
13
0
22
0
25
0
27
0
35
0
0
0
7
0
18
0
27
0
24
0
25
0
8
0
33
0
42
0
34
0
21
0
22
0
14
0
38
0
23
0
28
0
19
0
37
0
0
0
25
0
6
0
17
0
13
0
10
0
4
0
21
0
15
0
19
0
17
0
24
0
28
0
46
0
18
0
33
0
22
0
23
0
16
0
21
0
24
0
18
0
16
0
21
0
20
0
20
0
19
0
34
0
18
0
28
0
25
0
24
0
27
0
7
0
16
0
18
0
25
0
17
0
17
0
28
0
21
0
30
0
1
0
12
0
22
0
34
0
19
0
25
0
23
0
22
0
22
0
28
0
10
0
18
0
30
0
22
0
16
0
19
0
25
0
13
0
25
0
10
0
41
0
18
0
29
0
20
0
33
0
13
0
22
0
16
0
27
0
38
0
28
0
47
0
37
0
4
0
10
0
24
0
13
0
15
0
19
0
39
0
6
0
14
0
19
0
10
0
2
0
23
0
26
0
10
0
20
0
32
0
22
0
22
0
24
0
14
0
20
0
34
0
33
0
27
0
24
0
19
0
22
0
18
0
11
0
16
0
23
0
16
0
19
0
21
0
14
0
36
0
18
0
26
0
1
0
21
0
22
0
10
0
31
0
15
0
24
0
23
0
40
0
24
0
15
0
33
0
43
0
23
0
26
0
12
0
18
0
24
0
46
0
7
0
19
0
22
0
27
0
10
0
9
0
17
0
10
0
30
0
43
0
19
0
47
0
40
0
24
0
7
0
35
0
14
0
33
0
25
0
14
0
14
0
9
0
13
0
19
0
12
0
28
0
24
0
25
0
21
0
15
0
24
0
12
0
21
0
8
0
14
0
14
0
29
0
14
0
14
0
22
0
12
0
11
0
25
0
12
0
1
0
25
0
13
0
13
0
12
0
26
0
40
0
