0
15
0
31
0
40
0
12
0
8
0
6
0
36
0
10
0
29
0
35
0
29
0
22
0
33
0
17
0
14
0
7
0
38
0
25
0
18
0
25
0
15
0
27
0
33
0
21
0
27
0
12
0
20
0
26
0
35
0
41
0
25
0
8
0
29
0
11
0
26
0
27
0
28
0
13
0
8
0
42
0
22
0
28
0
34
0
27
0
33
0
27
0
23
0
23
0
41
0
13
0
21
0
21
0
7
0
25
0
15
0
25
0
22
0
13
0
27
0
17
0
37
0
17
0
50
0
23
0
29
0
25
0
19
0
14
0
24
0
28
0
37
0
13
0
22
0
17
0
18
0
38
0
21
0
18
0
15
0
42
0
36
0
22
0
23
0
16
0
19
0
26
0
22
0
17
0
14
0
27
0
18
0
40
0
30
0
23
0
11
0
22
0
19
0
24
0
17
0
30
0
15
0
26
0
29
0
32
0
8
0
15
0
20
0
35
0
21
0
47
0
8
0
28
0
17
0
35
0
29
0
15
0
28
0
34
0
19
0
23
0
14
0
30
0
38
0
20
0
24
0
8
0
25
0
29
0
14
0
18
0
10
0
17
0
39
0
44
0
32
0
17
0
10
0
18
0
17
0
37
0
46
0
11
0
28
0
25
0
4
0
21
0
35
0
30
0
16
0
24
0
15
0
16
0
30
0
24
0
20
0
15
0
19
0
18
0
28
0
25
0
16
0
25
0
25
0
12
0
11
0
21
0
20
0
22
0
11
0
24
0
20
0
13
0
11
0
19
0
12
0
11
0
15
0
35
0
33
0
26
0
29
0
32
0
24
0
54
0
17
0
18
0
30
0
21
0
18
0
15
0
9
0
20
0
17
0
12
0
28
0
32
0
26
0
34
0
9
0
23
0
28
0
12
0
38
0
32
0
12
0
13
0
23
0
16
0
23
0
23
0
16
0
17
0
24
0
18
0
15
0
33
0
25
0
37
0
14
0
17
0
29
0
29
0
19
0
5
0
18
0
18
0
21
0
27
0
23
0
18
0
19
0
28
0
15
0
8
0
30
0
20
0
13
0
19
0
25
0
19
0
8
0
28
0
12
0
26
0
37
0
24
0
38
0
24
0
15
0
20
0
22
0
2
0
23
0
19
0
25
0
21
0
24
0
30
0
38
0
24
0
16
0
45
0
43
0
23
0
7
0
18
0
11
0
12
0
37
0
7
0
27
0
11
0
34
0
18
0
17
0
19
0
21
0
9
0
24
0
37
0
9
0
13
0
9
0
14
0
35
0
22
0
29
0
40
0
22
0
32
0
8
0
4
0
17
0
9
0
12
0
9
0
20
0
17
0
25
0
32
0
25
0
28
0
14
0
51
0
27
0
8
0
16
0
21
0
49
0
34
0
13
0
15
0
23
0
36
0
20
0
24
0
19
0
30
0
29
0
23
0
9
0
38
0
24
0
33
0
31
0
14
0
23
0
29
0
18
0
17
0
19
0
17
0
29
0
25
0
22
0
24
0
18
0
20
0
35
0
34
0
23
0
12
0
27
0
48
0
18
0
30
0
24
0
29
0
14
0
19
0
19
0
17
0
38
0
26
0
16
0
6
0
12
0
10
0
7
0
40
0
22
0
29
0
22
0
11
0
17
0
27
0
29
0
22
0
11
0
20
0
30
0
12
0
20
0
23
0
14
0
24
0
13
0
34
0
20
0
34
0
26
0
12
0
22
0
24
0
21
0
18
0
29
0
28
0
33
0
25
0
21
0
12
0
21
0
24
0
23
0
18
0
7
0
27
0
6
0
20
0
13
0
10
0
17
0
37
0
27
0
36
0
30
0
23
0
32
0
17
0
18
0
15
0
15
0
9
0
25
0
33
0
26
0
13
0
18
0
17
0
20
0
29
0
27
0
19
0
21
0
14
0
18
0
16
0
27
0
12
0
17
0
41
0
38
0
4
0
22
0
30
0
25
0
33
0
10
0
30
0
17
0
22
0
6
0
19
0
21
0
20
0
21
0
25
0
41
0
21
0
28
0
33
0
24
0
17
0
23
0
26
0
48
0
29
0
28
0
25
0
11
0
36
0
12
0
17
0
14
0
14
0
22
0
13
0
34
0
18
0
19
0
10
0
12
0
21
0
20
0
19
0
19
0
28
0
0
0
33
0
12
0
37
0
25
0
14
0
14
0
35
0
32
0
22
0
27
0
20
0
8
0
8
0
8
0
20
0
30
0
14
0
15
0
20
0
11
0
36
0
