0
15
0
9
0
16
0
24
0
23
0
21
0
32
0
39
0
23
0
14
0
20
0
28
0
30
0
23
0
22
0
32
0
4
0
27
0
13
0
12
0
29
0
11
0
15
0
13
0
19
0
29
0
39
0
18
0
13
0
30
0
44
0
30
0
8
0
34
0
28
0
22
0
19
0
38
0
40
0
19
0
20
0
21
0
18
0
33
0
20
0
14
0
27
0
23
0
17
0
16
0
27
0
13
0
18
0
9
0
20
0
39
0
22
0
1
0
20
0
22
0
17
0
44
0
32
0
21
0
16
0
28
0
24
0
32
0
17
0
34
0
36
0
19
0
36
0
19
0
21
0
12
0
14
0
18
0
16
0
17
0
20
0
19
0
11
0
33
0
31
0
29
0
7
0
13
0
23
0
37
0
18
0
49
0
36
0
13
0
14
0
21
0
24
0
21
0
24
0
14
0
12
0
12
0
14
0
18
0
16
0
18
0
16
0
25
0
9
0
48
0
24
0
18
0
21
0
42
0
11
0
25
0
22
0
0
0
35
0
28
0
29
0
12
0
16
0
28
0
32
0
26
0
46
0
9
0
12
0
17
0
6
0
16
0
28
0
22
0
15
0
17
0
18
0
16
0
30
0
14
0
18
0
12
0
14
0
13
0
47
0
18
0
17
0
26
0
24
0
11
0
7
0
21
0
7
0
6
0
13
0
3
0
21
0
8
0
26
0
33
0
11
0
13
0
22
0
28
0
21
0
20
0
31
0
15
0
34
0
34
0
29
0
21
0
30
0
22
0
11
0
25
0
15
0
24
0
32
0
21
0
17
0
31
0
29
0
21
0
21
0
31
0
16
0
18
0
40
0
13
0
5
0
27
0
24
0
14
0
23
0
32
0
22
0
7
0
10
0
30
0
28
0
42
0
20
0
15
0
38
0
17
0
32
0
45
0
19
0
14
0
18
0
10
0
8
0
9
0
23
0
9
0
31
0
32
0
14
0
23
0
30
0
36
0
15
0
14
0
19
0
26
0
30
0
20
0
13
0
20
0
18
0
23
0
27
0
23
0
36
0
28
0
36
0
23
0
19
0
27
0
11
0
26
0
30
0
28
0
11
0
16
0
15
0
26
0
20
0
36
0
8
0
20
0
31
0
35
0
27
0
38
0
12
0
22
0
24
0
39
0
4
0
15
0
19
0
43
0
61
0
38
0
29
0
24
0
13
0
17
0
30
0
21
0
11
0
25
0
8
0
35
0
33
0
12
0
31
0
13
0
17
0
13
0
9
0
16
0
30
0
29
0
42
0
17
0
20
0
22
0
22
0
19
0
13
0
10
0
13
0
26
0
31
0
38
0
16
0
33
0
20
0
10
0
32
0
15
0
26
0
18
0
17
0
20
0
19
0
15
0
29
0
12
0
26
0
10
0
12
0
11
0
16
0
25
0
30
0
7
0
26
0
31
0
25
0
32
0
17
0
30
0
28
0
28
0
14
0
18
0
28
0
34
0
15
0
40
0
32
0
14
0
31
0
40
0
28
0
27
0
34
0
13
0
24
0
12
0
32
0
17
0
11
0
25
0
12
0
24
0
13
0
25
0
31
0
30
0
12
0
12
0
31
0
9
0
18
0
25
0
14
0
22
0
35
0
17
0
9
0
28
0
31
0
38
0
17
0
9
0
14
0
5
0
14
0
13
0
17
0
12
0
21
0
15
0
13
0
13
0
23
0
25
0
4
0
29
0
47
0
36
0
17
0
8
0
25
0
10
0
34
0
14
0
29
0
11
0
20
0
32
0
17
0
18
0
19
0
24
0
25
0
10
0
25
0
25
0
22
0
17
0
19
0
16
0
0
0
2
0
17
0
14
0
8
0
14
0
32
0
25
0
32
0
45
0
14
0
15
0
15
0
15
0
6
0
27
0
29
0
18
0
20
0
27
0
17
0
30
0
23
0
27
0
25
0
13
0
22
0
8
0
22
0
15
0
19
0
27
0
11
0
25
0
11
0
24
0
49
0
10
0
22
0
37
0
49
0
15
0
24
0
22
0
23
0
23
0
19
0
25
0
28
0
22
0
23
0
6
0
33
0
18
0
43
0
22
0
20
0
18
0
23
0
24
0
33
0
20
0
10
0
17
0
41
0
16
0
24
0
33
0
19
0
22
0
31
0
17
0
9
0
13
0
22
0
13
0
21
0
36
0
9
0
21
0
13
0
20
0
10
0
36
0
13
0
10
0
11
0
13
0
11
0
27
0
19
0
17
0
