0
20
0
21
0
25
0
30
0
21
0
12
0
21
0
26
0
17
0
26
0
29
0
7
0
41
0
15
0
38
0
11
0
37
0
10
0
39
0
31
0
25
0
18
0
12
0
24
0
16
0
14
0
15
0
13
0
14
0
21
0
18
0
19
0
24
0
20
0
20
0
32
0
38
0
28
0
39
0
16
0
18
0
32
0
16
0
15
0
17
0
30
0
23
0
17
0
23
0
1
0
13
0
26
0
16
0
11
0
26
0
20
0
19
0
30
0
23
0
20
0
27
0
34
0
32
0
8
0
28
0
19
0
10
0
26
0
12
0
27
0
36
0
35
0
39
0
6
0
21
0
50
0
57
0
9
0
14
0
5
0
18
0
12
0
10
0
22
0
15
0
8
0
35
0
32
0
19
0
16
0
9
0
31
0
31
0
32
0
19
0
21
0
16
0
17
0
23
0
8
0
17
0
18
0
16
0
28
0
18
0
9
0
14
0
18
0
25
0
20
0
14
0
4
0
17
0
10
0
18
0
14
0
32
0
28
0
23
0
41
0
22
0
20
0
25
0
8
0
18
0
24
0
5
0
19
0
15
0
38
0
37
0
19
0
17
0
29
0
9
0
33
0
22
0
20
0
26
0
21
0
22
0
17
0
10
0
34
0
19
0
14
0
21
0
40
0
51
0
22
0
24
0
27
0
33
0
15
0
18
0
20
0
23
0
20
0
33
0
21
0
13
0
7
0
1
0
15
0
16
0
23
0
13
0
10
0
6
0
32
0
16
0
18
0
41
0
21
0
9
0
19
0
14
0
6
0
5
0
3
0
39
0
27
0
15
0
17
0
14
0
6
0
34
0
13
0
35
0
23
0
36
0
11
0
33
0
25
0
18
0
10
0
7
0
19
0
10
0
11
0
26
0
23
0
17
0
11
0
30
0
19
0
12
0
26
0
19
0
16
0
15
0
26
0
17
0
17
0
21
0
16
0
16
0
26
0
11
0
15
0
14
0
15
0
20
0
25
0
14
0
17
0
2
0
32
0
27
0
8
0
13
0
11
0
29
0
0
0
32
0
12
0
2
0
29
0
26
0
25
0
8
0
5
0
24
0
38
0
30
0
13
0
13
0
18
0
18
0
24
0
19
0
18
0
22
0
16
0
37
0
14
0
11
0
19
0
13
0
17
0
7
0
19
0
34
0
34
0
43
0
50
0
8
0
22
0
36
0
8
0
8
0
16
0
16
0
12
0
15
0
23
0
11
0
20
0
30
0
26
0
16
0
6
0
24
0
29
0
19
0
28
0
17
0
11
0
26
0
22
0
10
0
16
0
10
0
45
0
20
0
16
0
3
0
27
0
16
0
29
0
19
0
16
0
14
0
8
0
19
0
11
0
14
0
25
0
14
0
15
0
16
0
32
0
9
0
27
0
13
0
24
0
14
0
22
0
30
0
34
0
19
0
7
0
36
0
26
0
16
0
26
0
28
0
18
0
28
0
32
0
20
0
24
0
29
0
8
0
46
0
29
0
25
0
30
0
15
0
19
0
22
0
8
0
21
0
41
0
19
0
18
0
25
0
25
0
32
0
9
0
1
0
11
0
28
0
6
0
20
0
13
0
30
0
7
0
34
0
29
0
21
0
10
0
11
0
31
0
10
0
34
0
22
0
15
0
37
0
14
0
18
0
16
0
16
0
21
0
24
0
2
0
21
0
18
0
23
0
11
0
6
0
43
0
38
0
37
0
34
0
16
0
27
0
15
0
17
0
33
0
37
0
20
0
8
0
23
0
30
0
23
0
24
0
25
0
25
0
26
0
18
0
30
0
4
0
15
0
19
0
11
0
21
0
20
0
33
0
31
0
21
0
12
0
17
0
17
0
4
0
9
0
14
0
19
0
56
0
36
0
37
0
9
0
13
0
15
0
12
0
10
0
13
0
4
0
21
0
38
0
24
0
22
0
20
0
16
0
8
0
26
0
23
0
26
0
21
0
25
0
31
0
18
0
42
0
21
0
15
0
6
0
35
0
16
0
16
0
2
0
29
0
33
0
14
0
22
0
53
0
29
0
28
0
32
0
22
0
12
0
10
0
25
0
23
0
43
0
31
0
12
0
22
0
24
0
28
0
32
0
59
0
18
0
32
0
20
0
17
0
14
0
27
0
11
0
35
0
20
0
10
0
15
0
29
0
26
0
19
0
21
0
10
0
48
0
22
0
15
0
35
0
19
0
22
0
18
0
16
0
41
0
30
0
15
0
10
0
18
0
