0
20
0
21
0
16
0
22
0
37
0
18
0
27
0
7
0
21
0
17
0
19
0
25
0
17
0
38
0
18
0
15
0
27
0
44
0
31
0
21
0
16
0
20
0
23
0
18
0
29
0
27
0
23
0
21
0
18
0
16
0
26
0
17
0
27
0
25
0
24
0
18
0
29
0
17
0
11
0
27
0
15
0
16
0
12
0
29
0
15
0
16
0
14
0
21
0
18
0
22
0
22
0
25
0
17
0
20
0
34
0
26
0
22
0
36
0
38
0
18
0
23
0
9
0
7
0
37
0
0
0
12
0
23
0
6
0
19
0
16
0
17
0
30
0
10
0
35
0
17
0
39
0
31
0
29
0
20
0
22
0
35
0
17
0
10
0
19
0
22
0
19
0
15
0
26
0
20
0
17
0
10
0
29
0
12
0
33
0
28
0
4
0
17
0
18
0
24
0
14
0
25
0
12
0
16
0
26
0
17
0
26
0
3
0
19
0
11
0
27
0
14
0
18
0
15
0
21
0
37
0
27
0
0
0
30
0
28
0
54
0
9
0
17
0
20
0
14
0
31
0
23
0
19
0
10
0
9
0
41
0
20
0
27
0
20
0
27
0
2
0
39
0
19
0
35
0
27
0
23
0
13
0
31
0
19
0
26
0
6
0
10
0
29
0
34
0
12
0
24
0
6
0
2
0
12
0
32
0
25
0
6
0
11
0
19
0
19
0
24
0
21
0
8
0
16
0
19
0
18
0
11
0
28
0
9
0
23
0
28
0
24
0
18
0
9
0
40
0
13
0
18
0
30
0
18
0
11
0
38
0
22
0
30
0
39
0
28
0
31
0
31
0
34
0
17
0
42
0
23
0
14
0
23
0
39
0
10
0
29
0
14
0
14
0
21
0
26
0
39
0
25
0
17
0
37
0
30
0
13
0
22
0
25
0
18
0
23
0
13
0
21
0
8
0
13
0
29
0
22
0
22
0
20
0
29
0
35
0
24
0
30
0
28
0
20
0
24
0
10
0
18
0
20
0
40
0
1
0
13
0
21
0
24
0
40
0
20
0
25
0
21
0
20
0
19
0
11
0
12
0
14
0
14
0
18
0
11
0
20
0
16
0
58
0
20
0
9
0
14
0
13
0
22
0
5
0
30
0
17
0
18
0
15
0
20
0
30
0
4
0
28
0
33
0
18
0
17
0
21
0
22
0
13
0
11
0
24
0
33
0
29
0
23
0
7
0
20
0
17
0
18
0
33
0
42
0
11
0
19
0
25
0
7
0
20
0
25
0
6
0
23
0
18
0
9
0
3
0
0
0
18
0
32
0
25
0
38
0
16
0
24
0
26
0
38
0
36
0
43
0
28
0
14
0
29
0
22
0
32
0
28
0
22
0
27
0
15
0
14
0
10
0
36
0
39
0
4
0
16
0
10
0
11
0
9
0
29
0
30
0
35
0
10
0
13
0
34
0
21
0
29
0
20
0
19
0
25
0
24
0
22
0
5
0
8
0
2
0
23
0
23
0
37
0
19
0
42
0
29
0
11
0
47
0
24
0
20
0
11
0
26
0
20
0
17
0
18
0
19
0
30
0
25
0
27
0
23
0
15
0
5
0
26
0
32
0
30
0
13
0
21
0
20
0
16
0
12
0
18
0
21
0
23
0
22
0
34
0
14
0
9
0
14
0
11
0
20
0
27
0
28
0
33
0
29
0
16
0
30
0
9
0
13
0
54
0
15
0
17
0
11
0
27
0
12
0
16
0
6
0
5
0
28
0
9
0
11
0
21
0
6
0
31
0
21
0
21
0
18
0
24
0
15
0
32
0
34
0
23
0
38
0
12
0
34
0
25
0
22
0
36
0
16
0
14
0
17
0
33
0
9
0
16
0
31
0
20
0
29
0
16
0
24
0
29
0
16
0
14
0
12
0
29
0
33
0
49
0
28
0
18
0
19
0
20
0
21
0
32
0
14
0
27
0
35
0
32
0
31
0
17
0
22
0
2
0
11
0
13
0
34
0
8
0
19
0
24
0
26
0
29
0
21
0
38
0
11
0
15
0
23
0
24
0
9
0
19
0
26
0
19
0
7
0
7
0
2
0
8
0
31
0
23
0
34
0
14
0
16
0
19
0
33
0
11
0
43
0
11
0
10
0
14
0
21
0
26
0
24
0
25
0
17
0
25
0
358
0
21
0
13
0
8
0
27
0
30
0
34
0
28
0
19
0
10
0
24
0
14
0
10
0
15
0
21
0
24
0
24
0
