3338
0
31
0
29
0
17
0
23
0
13
0
12
0
15
0
24
0
22
0
19
0
21
0
22
0
18
0
26
0
15
0
25
0
17
0
19
0
32
0
20
0
25
0
27
0
24
0
26
0
28
0
19
0
9
0
17
0
25
0
28
0
37
0
20
0
24
0
19
0
10
0
14
0
22
0
17
0
18
0
9
0
23
0
0
0
26
0
12
0
21
0
16
0
6
0
7
0
24
0
36
0
17
0
23
0
18
0
24
0
40
0
33
0
16
0
12
0
17
0
16
0
26
0
10
0
35
0
32
0
12
0
32
0
32
0
9
0
16
0
13
0
25
0
20
0
26
0
20
0
14
0
11
0
16
0
17
0
25
0
19
0
37
0
23
0
17
0
18
0
44
0
2
0
23
0
28
0
32
0
39
0
23
0
13
0
19
0
21
0
17
0
22
0
32
0
2
0
27
0
23
0
2
0
32
0
15
0
10
0
23
0
27
0
27
0
16
0
7
0
24
0
24
0
18
0
11
0
11
0
32
0
45
0
12
0
20
0
27
0
20
0
35
0
11
0
10
0
8
0
11
0
24
0
34
0
16
0
22
0
8
0
23
0
16
0
14
0
27
0
27
0
6
0
17
0
23
0
23
0
5
0
39
0
36
0
16
0
34
0
40
0
28
0
20
0
6
0
17
0
34
0
15
0
27
0
14
0
19
0
40
0
17
0
20
0
25
0
30
0
52
0
15
0
13
0
4
0
24
0
20
0
35
0
15
0
25
0
25
0
26
0
44
0
21
0
14
0
20
0
3
0
24
0
20
0
18
0
13
0
15
0
12
0
13
0
10
0
18
0
13
0
14
0
10
0
0
0
5
0
21
0
13
0
22
0
20
0
11
0
26
0
14
0
11
0
6
0
36
0
33
0
35
0
25
0
22
0
18
0
22
0
13
0
23
0
24
0
20
0
11
0
13
0
28
0
24
0
13
0
18
0
33
0
13
0
19
0
34
0
10
0
20
0
33
0
25
0
45
0
18
0
34
0
17
0
18
0
27
0
19
0
18
0
24
0
23
0
10
0
9
0
38
0
2
0
12
0
13
0
6
0
19
0
30
0
10
0
17
0
22
0
18
0
23
0
19
0
16
0
18
0
15
0
21
0
11
0
40
0
18
0
11
0
40
0
32
0
18
0
18
0
21
0
15
0
17
0
16
0
16
0
21
0
40
0
22
0
13
0
31
0
14
0
12
0
25
0
36
0
16
0
40
0
37
0
18
0
43
0
26
0
28
0
21
0
20
0
15
0
36
0
27
0
0
0
22
0
18
0
16
0
32
0
20
0
4
0
30
0
14
0
9
0
21
0
28
0
24
0
12
0
19
0
9
0
35
0
13
0
20
0
20
0
11
0
20
0
23
0
5
0
14
0
22
0
20
0
30
0
12
0
32
0
22
0
14
0
22
0
12
0
22
0
18
0
18
0
42
0
16
0
16
0
32
0
29
0
33
0
22
0
50
0
22
0
27
0
22
0
37
0
13
0
22
0
11
0
8
0
42
0
33
0
26
0
23
0
25
0
20
0
9
0
22
0
41
0
8
0
21
0
22
0
12
0
32
0
16
0
22
0
9
0
29
0
18
0
30
0
23
0
19
0
10
0
2
0
38
0
21
0
14
0
27
0
18
0
34
0
26
0
15
0
18
0
20
0
32
0
16
0
12
0
10
0
20
0
19
0
17
0
11
0
16
0
13
0
2
0
16
0
13
0
14
0
18
0
19
0
34
0
26
0
7
0
17
0
0
0
38
0
22
0
12
0
16
0
34
0
15
0
43
0
28
0
41
0
21
0
18
0
3
0
19
0
10
0
18
0
26
0
19
0
20
0
15
0
39
0
20
0
16
0
30
0
23
0
28
0
27
0
28
0
6
0
26
0
13
0
26
0
23
0
14
0
41
0
24
0
9
0
27
0
12
0
32
0
18
0
42
0
40
0
19
0
18
0
12
0
11
0
12
0
18
0
14
0
24
0
23
0
22
0
16
0
24
0
22
0
10
0
23
0
52
0
20
0
27
0
23
0
9
0
3
0
16
0
4
0
18
0
15
0
20
0
10
0
28
0
8
0
15
0
22
0
21
0
16
0
19
0
29
0
10
0
18
0
30
0
27
0
26
0
44
0
7
0
14
0
12
0
17
0
16
0
38
0
25
0
24
0
25
0
25
0
21
0
16
0
12
0
22
0
26
0
30
0
32
0
18
0
30
0
4
0
6
0
14
0
29
