0
0
0
0
0
0
0
0
0
0
0
0
0
0
0
16
0
0
0
0
0
4
0
0
0
8
0
0
0
3
0
0
0
0
0
0
0
17
0
0
0
6
0
0
0
22
0
0
0
2
0
20
0
0
0
1
0
0
0
0
0
9
0
0
0
0
0
0
0
5
0
7
0
0
0
6
0
0
0
4
0
6
0
0
0
0
0
0
0
4
0
10
0
14
0
2
0
0
0
0
0
9
0
0
0
0
0
0
0
8
0
0
0
0
0
16
0
0
0
3
0
27
0
14
0
0
0
0
0
13
0
0
0
0
0
3
0
22
0
12
0
2
0
0
0
0
0
5
0
3
0
0
0
12
0
19
0
12
0
34
0
0
0
0
0
3
0
0
0
14
0
8
0
3
0
0
0
0
0
36
0
0
0
12
0
0
0
0
0
0
0
24
0
5
0
3
0
0
0
4
0
0
0
0
0
0
0
17
0
0
0
21
0
3
0
0
0
5
0
0
0
0
0
0
0
8
0
11
0
0
0
0
0
6
0
0
0
22
0
6
0
12
0
5
0
0
0
0
0
0
0
0
0
0
0
8
0
0
0
0
0
7
0
0
0
3
0
0
0
0
0
46
0
0
0
3
0
0
0
0
0
0
0
0
0
14
0
0
0
0
0
19
0
4
0
21
0
0
0
0
0
5
0
2
0
11
0
15
0
0
0
0
0
17
0
8
0
0
0
34
0
0
0
0
0
11
0
0
0
27
0
5
0
0
0
10
0
38
0
0
0
0
0
25
0
8
0
0
0
0
0
0
0
0
0
5
0
0
0
1
0
1
0
10
0
0
0
0
0
0
0
22
0
0
0
0
0
0
0
0
0
0
0
0
0
24
0
31
0
0
0
10
0
147
0
146
0
206
0
326
0
311
0
303
61
385
151
397
313
711
672
1001
0
0
0
15
0
2
0
0
0
0
0
12
0
0
0
0
0
0
0
96
0
146
0
218
16
231
0
101
0
19
0
6
0
10
0
0
0
0
0
7
0
0
0
28
0
0
0
33
0
6
0
0
0
2
0
0
0
11
0
4
0
33
0
16
0
17
0
8
0
0
0
0
0
0
0
0
0
0
0
0
0
0
0
0
0
22
0
9
0
0
0
8
0
0
0
18
0
2
0
0
0
0
0
6
0
0
0
0
0
19
0
0
0
13
0
0
0
20
0
1
0
13
0
10
0
4
0
0
0
4
0
4
0
5
0
0
0
0
0
0
0
0
0
2
0
27
0
0
0
15
0
0
0
7
0
1
0
0
0
36
0
0
0
0
0
0
0
23
0
0
0
5
0
4
0
30
0
0
0
0
0
0
0
0
0
10
0
10
0
0
0
1
0
0
0
0
0
0
0
3
0
0
0
0
0
11
0
1
0
0
0
10
0
0
0
0
0
0
0
0
0
0
0
34
0
0
0
0
0
0
0
11
0
2
0
3
0
4
0
0
0
0
0
0
0
14
0
16
0
23
0
20
0
0
0
12
0
10
0
1
0
4
0
5
0
41
0
0
0
0
0
0
0
0
0
3
0
18
0
0
0
0
0
26
0
0
0
0
0
33
0
0
0
0
0
12
0
0
0
4
0
24
0
0
0
6
0
0
0
13
0
0
0
0
0
0
0
15
0
0
0
9
0
13
0
0
0
0
0
0
0
0
0
10
0
11
0
17
0
15
0
7
0
0
0
6
0
0
0
44
0
3
0
18
0
0
0
0
0
0
0
0
0
0
0
8
0
0
0
18
0
0
0
18
0
0
0
0
0
0
0
0
0
0
0
24
0
0
0
0
0
0
0
8
0
0
0
23
0
0
0
5
0
0
0
22
0
10
0
15
0
3
0
7
0
0
0
5
0
0
0
0
0
1
0
4
0
0
0
6
0
6
0
13
0
0
0
20
0
0
0
19
0
3
0
18
0
2
0
0
0
0
0
4
0
16
0
0
0
0
0
0
0
0
0
5
0
19
0
0
0
0
0
9
0
10
0
20
0
0
0
13
0
4
0
0
0
1
0
13
0
19
0
26
0
4
0
2
0
8
0
4
0
6
0
10
0
0
0
0
0
0
0
17
0
0
0
0
0
0
0
0
0
0
0
1
0
0
0
0
0
0
0
4
0
2
0
19
0
21
0
18
0
22
0
0
0
3
0
0
0
0
0
13
0
314
0
0
0
10
0
17
0
0
0
18
0
0
0
4
0
9
0
0
0
2
0
0
0
0
0
8
0
0
0
8
0
24
0
