0
0
0
1
0
0
0
21
0
0
0
2
0
0
0
4
0
7
0
0
0
0
0
0
0
0
0
0
0
0
0
15
0
15
0
0
0
3
0
9
0
0
0
2
0
9
0
0
0
10
0
10
0
0
0
0
0
0
0
25
0
0
0
0
0
12
0
1
0
0
0
18
0
0
0
4
0
0
0
13
0
13
0
0
0
3
0
2
0
1
0
0
0
6
0
0
0
6
0
0
0
2
0
0
0
19
0
4
0
0
0
0
0
7
0
0
0
5
0
0
0
4
0
5
0
22
0
2
0
0
0
1
0
0
0
4
0
1
0
0
0
0
0
8
0
10
0
0
0
0
0
15
0
0
0
3
0
7
0
0
0
15
0
0
0
13
0
49
0
0
0
4
0
0
0
8
0
0
0
28
0
9
0
0
0
2
0
14
0
0
0
0
0
0
0
0
0
0
0
0
0
4
0
0
0
2
0
0
0
12
0
3
0
1
0
0
0
0
0
0
0
2
0
0
0
0
0
8
0
6
0
23
0
0
0
0
0
0
0
12
0
20
0
0
0
0
0
11
0
12
0
0
0
6
0
5
0
15
0
1
0
0
0
0
0
21
0
11
0
6
0
22
0
11
0
14
0
0
0
0
0
0
0
10
0
13
0
28
0
0
0
0
0
7
0
25
0
0
0
1
0
0
0
30
0
5
0
2
0
23
0
3
0
0
0
11
0
4
0
16
0
7
0
0
0
15
0
0
0
25
0
13
0
0
0
8
0
0
0
0
0
0
0
36
0
12
0
19
0
15
0
0
0
1
0
0
0
0
0
0
0
0
0
8
0
0
0
0
0
18
0
0
0
7
0
4
0
0
0
10
0
0
0
19
0
14
0
0
0
21
0
5
0
17
0
11
0
15
0
26
0
1
0
1
0
0
0
15
0
0
0
3
0
10
0
3
0
9
0
20
0
21
0
0
0
9
0
7
0
0
0
0
0
0
0
5
0
10
0
6
0
9
0
0
0
0
0
48
0
4
0
16
0
12
0
4
0
0
0
2
0
11
0
17
0
23
0
0
0
0
0
0
0
0
0
8
0
0
0
0
0
0
0
0
0
6
0
8
0
0
0
0
0
16
0
1
0
40
0
17
0
25
0
0
0
0
0
3
0
0
0
0
0
2
0
4
0
3
0
8
0
0
0
13
0
0
0
30
0
18
0
0
0
0
0
17
0
50
0
8
0
1
0
0
0
0
0
2
0
0
0
16
0
9
0
5
0
6
0
4
0
14
0
3
0
0
0
5
0
35
0
0
0
7
0
13
0
24
0
15
0
16
0
0
0
0
0
0
0
5
0
20
0
0
0
0
0
12
0
0
0
13
0
16
0
0
0
12
0
0
0
0
0
36
0
0
0
0
0
8
0
11
0
11
0
0
0
3
0
7
0
0
0
7
0
3
0
0
0
4
0
0
0
0
0
12
0
0
0
0
0
0
0
0
0
10
0
0
0
10
0
24
0
0
0
6
0
0
0
1
0
0
0
0
0
0
0
4
0
246
0
0
0
0
0
0
0
0
0
0
0
2
0
6
0
0
0
0
0
6
0
18
0
29
0
0
0
0
0
0
0
13
0
3
0
0
0
14
0
11
0
0
0
39
0
23
0
14
0
0
0
3
0
10
0
0
0
10
0
17
0
9
0
16
0
15
0
0
0
0
0
0
0
0
0
3
0
0
0
136
0
37
0
66
0
51
0
59
0
70
0
74
0
104
0
120
0
123
0
116
0
100
0
127
0
150
0
163
0
152
0
54
0
22
0
50
0
72
0
121
0
142
0
245
0
260
0
269
16
317
54
329
107
341
131
354
160
353
135
364
113
339
133
375
220
404
305
469
366
465
314
435
0
259
0
252
0
278
23
326
156
416
333
585
512
733
657
792
728
857
792
901
850
950
897
959
916
960
917
960
918
961
917
961
917
961
864
942
783
875
739
818
745
819
730
818
612
960
731
857
773
909
866
961
881
951
769
874
619
757
502
644
359
526
216
424
87
365
58
351
41
340
38
366
18
334
0
275
0
247
0
256
0
251
0
265
0
208
0
136
0
98
0
124
0
269
0
218
0
429
0
20
0
5
0
0
0
0
0
37
0
24
0
24
0
2
0
209
0
0
0
2
0
0
0
0
0
0
0
87
0
23
0
16
0
14
0
121
0
16
0
10
0
0
0
0
0
16
0
32
0
6
0
19
0
6
0
2
0
3
0
0
0
10
0
0
0
0
0
0
0
