0
27
0
20
0
21
0
66
0
22
0
42
0
20
0
23
0
28
0
27
0
22
0
18
0
7
0
18
0
19
0
11
0
14
0
16
0
18
0
1
0
36
0
26
0
8
0
13
0
37
0
18
0
16
0
589
0
547
0
29
0
25
0
19
0
14
0
19
0
8
0
5
0
20
0
19
0
32
0
28
0
28
0
18
0
18
0
21
0
37
0
25
0
29
0
11
0
42
0
15
0
34
0
16
0
25
0
30
0
52
0
32
0
46
0
41
0
23
0
20
0
19
0
24
0
16
0
31
0
17
0
26
0
31
0
18
0
39
0
24
0
16
0
26
0
12
0
11
0
31
0
22
0
33
0
35
0
21
0
14
0
50
0
24
0
41
0
3
0
14
0
16
0
15
0
17
0
25
0
20
0
16
0
25
0
28
0
19
0
17
0
26
0
31
0
21
0
6
0
16
0
13
0
8
0
32
0
35
0
14
0
12
0
26
0
32
0
20
0
14
0
27
0
19
0
4
0
18
0
9
0
16
0
24
0
25
0
24
0
20
0
15
0
24
0
38
0
43
0
8
0
14
0
14
0
30
0
20
0
24
0
8
0
16
0
23
0
33
0
31
0
31
0
19
0
17
0
22
0
24
0
13
0
7
0
27
0
24
0
22
0
10
0
20
0
17
0
13
0
20
0
38
0
33
0
24
0
52
0
26
0
12
0
18
0
23
0
17
0
30
0
6
0
21
0
20
0
10
0
23
0
25
0
22
0
34
0
10
0
0
0
18
0
34
0
25
0
10
0
38
0
23
0
15
0
31
0
17
0
28
0
22
0
23
0
28
0
19
0
18
0
32
0
29
0
18
0
26
0
33
0
19
0
33
0
15
0
12
0
27
0
25
0
28
0
8
0
31
0
10
0
28
0
26
0
40
0
28
0
19
0
25
0
41
0
6
0
18
0
29
0
18
0
8
0
20
0
12
0
16
0
40
0
12
0
20
0
16
0
38
0
18
0
22
0
37
0
30
0
34
0
8
0
19
0
23
0
16
0
24
0
32
0
27
0
18
0
4
0
28
0
11
0
16
0
22
0
16
0
18
0
10
0
12
0
20
0
31
0
13
0
14
0
27
0
47
0
16
0
23
0
15
0
22
0
25
0
11
0
7
0
29
0
33
0
16
0
26
0
13
0
28
0
20
0
18
0
22
0
14
0
26
0
14
0
21
0
30
0
30
0
27
0
23
0
29
0
41
0
17
0
16
0
24
0
24
0
0
0
16
0
9
0
39
0
13
0
33
0
26
0
41
0
28
0
23
0
40
0
35
0
39
0
5
0
38
0
43
0
16
0
16
0
33
0
48
0
25
0
25
0
19
0
16
0
45
0
12
0
9
0
15
0
27
0
22
0
15
0
9
0
22
0
14
0
25
0
18
0
22
0
24
0
14
0
11
0
24
0
9
0
22
0
16
0
29
0
38
0
16
0
15
0
25
0
15
0
18
0
20
0
11
0
16
0
35
0
18
0
14
0
20
0
34
0
13
0
13
0
25
0
33
0
19
0
21
0
13
0
12
0
12
0
12
0
6
0
19
0
17
0
39
0
49
0
19
0
17
0
18
0
30
0
28
0
28
0
12
0
19
0
19
0
14
0
18
0
36
0
28
0
16
0
39
0
26
0
21
0
27
0
15
0
22
0
16
0
17
0
22
0
22
0
17
0
28
0
35
0
13
0
21
0
10
0
40
0
10
0
37
0
26
0
18
0
20
0
23
0
41
0
15
0
9
0
49
0
6
0
16
0
8
0
29
0
10
0
14
0
14
0
49
0
20
0
20
0
25
0
37
0
26
0
13
0
7
0
46
0
28
0
8
0
19
0
21
0
43
0
27
0
27
0
24
0
17
0
41
0
20
0
16
0
12
0
25
0
26
0
15
0
12
0
32
0
14
0
39
0
34
0
11
0
12
0
8
0
24
0
11
0
26
0
21
0
13
0
17
0
20
0
17
0
33
0
16
0
31
0
27
0
32
0
30
0
13
0
34
0
20
0
39
0
21
0
28
0
24
0
10
0
5
0
20
0
23
0
36
0
34
0
11
0
19
0
14
0
17
0
31
0
13
0
24
0
32
0
52
0
26
0
29
0
19
0
26
0
20
0
10
0
23
0
4
0
15
0
6
0
16
0
33
0
20
0
2
0
234
0
9
0
32
0
16
0
34
0
23
0
19
0
17
0
17
0
15
0
17
0
28
0
11
0
15
0
21
0
24
0
23
0
