0
19
0
16
0
8
0
18
0
16
0
19
0
10
0
24
0
32
0
28
0
24
0
18
0
12
0
31
0
9
0
21
0
19
0
32
0
21
0
20
0
19
0
13
0
35
0
29
0
39
0
15
0
38
0
17
0
14
0
33
0
21
0
7
0
21
0
5
0
33
0
23
0
273
0
51
0
26
0
18
0
16
0
26
0
21
0
13
0
20
0
32
0
23
0
15
0
30
0
28
0
10
0
32
0
26
0
17
0
19
0
21
0
14
0
13
0
29
0
24
0
28
0
18
0
14
0
24
0
14
0
31
0
33
0
19
0
3
0
32
0
37
0
56
0
27
0
22
0
21
0
17
0
25
0
24
0
38
0
23
0
16
0
26
0
21
0
5
0
17
0
18
0
38
0
26
0
21
0
11
0
39
0
16
0
27
0
29
0
33
0
12
0
10
0
38
0
25
0
34
0
16
0
41
0
19
0
20
0
29
0
17
0
32
0
18
0
18
0
21
0
11
0
20
0
12
0
16
0
32
0
10
0
32
0
25
0
10
0
15
0
6
0
32
0
24
0
3
0
8
0
20
0
38
0
25
0
30
0
21
0
25
0
6
0
9
0
31
0
17
0
12
0
24
0
38
0
24
0
14
0
15
0
27
0
24
0
11
0
18
0
26
0
17
0
24
0
25
0
33
0
21
0
23
0
39
0
19
0
21
0
31
0
17
0
13
0
8
0
13
0
26
0
11
0
51
0
15
0
14
0
24
0
18
0
15
0
24
0
10
0
28
0
35
0
30
0
26
0
30
0
23
0
24
0
33
0
39
0
13
0
22
0
23
0
13
0
44
0
17
0
22
0
24
0
48
0
21
0
24
0
19
0
29
0
18
0
18
0
26
0
27
0
19
0
30
0
25
0
22
0
9
0
22
0
7
0
31
0
33
0
17
0
33
0
10
0
10
0
36
0
21
0
11
0
7
0
34
0
11
0
26
0
11
0
19
0
18
0
11
0
18
0
20
0
10
0
20
0
59
0
24
0
41
0
12
0
22
0
20
0
17
0
13
0
16
0
16
0
49
0
14
0
21
0
17
0
29
0
31
0
17
0
32
0
29
0
19
0
23
0
32
0
18
0
33
0
13
0
14
0
16
0
35
0
23
0
10
0
16
0
37
0
31
0
19
0
38
0
15
0
33
0
18
0
40
0
17
0
13
0
14
0
16
0
14
0
15
0
43
0
27
0
10
0
17
0
28
0
27
0
17
0
11
0
38
0
12
0
18
0
30
0
3
0
46
0
16
0
21
0
32
0
29
0
10
0
34
0
19
0
17
0
23
0
17
0
9
0
27
0
25
0
44
0
10
0
39
0
31
0
36
0
14
0
21
0
48
0
12
0
23
0
13
0
11
0
21
0
34
0
6
0
26
0
18
0
36
0
14
0
15
0
32
0
5
0
9
0
8
0
31
0
26
0
33
0
16
0
9
0
23
0
3
0
28
0
17
0
26
0
30
0
13
0
26
0
34
0
11
0
30
0
11
0
20
0
15
0
18
0
16
0
21
0
32
0
27
0
13
0
12
0
22
0
21
0
8
0
24
0
14
0
34
0
19
0
6
0
21
0
25
0
17
0
21
0
36
0
17
0
36
0
17
0
41
0
9
0
33
0
29
0
16
0
22
0
32
0
22
0
43
0
24
0
19
0
47
0
16
0
25
0
21
0
20
0
11
0
9
0
14
0
33
0
9
0
22
0
32
0
13
0
26
0
6
0
18
0
23
0
18
0
14
0
17
0
16
0
16
0
25
0
24
0
25
0
41
0
23
0
24
0
25
0
26
0
19
0
9
0
23
0
19
0
23
0
27
0
17
0
17
0
15
0
8
0
21
0
36
0
17
0
32
0
26
0
24
0
20
0
31
0
20
0
39
0
40
0
28
0
21
0
46
0
46
0
14
0
23
0
14
0
35
0
14
0
23
0
22
0
35
0
22
0
31
0
13
0
10
0
20
0
5
0
37
0
27
0
19
0
8
0
19
0
20
0
15
0
10
0
20
0
5
0
20
0
24
0
6
0
31
0
18
0
29
0
12
0
6
0
24
0
46
0
9
0
31
0
8
0
28
0
12
0
15
0
18
0
29
0
12
0
14
0
8
0
32
0
8
0
16
0
37
0
8
0
32
0
22
0
27
0
18
0
18
0
193
0
8
0
24
0
34
0
14
0
13
0
13
0
16
0
21
0
28
0
30
0
17
0
27
0
17
0
13
0
25
0
12
0
