0
36
0
0
0
0
0
32
0
0
0
0
0
0
0
13
0
7
0
0
0
0
0
0
0
8
0
0
0
0
0
0
0
0
0
0
0
0
0
19
0
9
0
2
0
0
0
13
0
0
0
0
0
5
0
0
0
1
0
0
0
2
0
0
0
0
0
7
0
0
0
30
0
10
0
19
0
0
0
0
0
11
0
9
0
17
0
9
0
26
0
0
0
0
0
16
0
4
0
17
0
9
0
0
0
0
0
11
0
5
0
12
0
0
0
0
0
0
0
0
0
0
0
1
0
0
0
0
0
0
0
0
0
4
0
0
0
10
0
0
0
0
0
47
0
4
0
17
0
13
0
7
0
4
0
0
0
0
0
0
0
0
0
0
0
0
0
0
0
17
0
0
0
13
0
3
0
21
0
0
0
6
0
27
0
0
0
23
0
0
0
0
0
0
0
24
0
0
0
17
0
19
0
0
0
0
0
20
0
4
0
48
0
6
0
9
0
27
0
790
0
826
0
868
0
45
0
30
0
0
0
16
0
14
0
5
0
0
0
33
0
0
0
0
0
4
0
33
0
0
0
8
0
0
0
0
0
0
0
11
0
0
0
7
0
40
0
0
0
0
0
0
0
4
0
0
0
0
0
20
0
10
0
27
0
13
0
1
0
0
0
0
0
6
0
8
0
0
0
12
0
6
0
0
0
0
0
0
0
3
0
0
0
0
0
0
0
17
0
0
0
16
0
12
0
0
0
3
0
0
0
20
0
4
0
0
0
17
0
12
0
0
0
0
0
0
0
7
0
0
0
0
0
0
0
0
0
0
0
0
0
0
0
8
0
0
0
31
0
7
0
3
0
0
0
9
0
1
0
25
0
15
0
0
0
0
0
38
0
0
0
0
0
9
0
7
0
5
0
44
0
0
0
21
0
0
0
0
0
0
0
6
0
27
0
0
0
0
0
0
0
0
0
0
0
7
0
0
0
0
0
49
0
0
0
14
0
0
0
18
0
0
0
0
0
35
0
0
0
0
0
0
0
0
0
4
0
0
0
0
0
7
0
0
0
0
0
5
0
5
0
4
0
2
0
0
0
3
0
31
0
0
0
9
0
0
0
0
0
0
0
3
0
0
0
0
0
24
0
0
0
0
0
0
0
9
0
0
0
0
0
0
0
2
0
19
0
8
0
14
0
0
0
0
0
0
0
0
0
0
0
17
0
0
0
11
0
8
0
5
0
0
0
0
0
14
0
0
0
0
0
15
0
0
0
0
0
0
0
0
0
0
0
5
0
2
0
4
0
4
0
0
0
0
0
0
0
0
0
8
0
2
0
2
0
0
0
0
0
0
0
13
0
0
0
0
0
0
0
0
0
0
0
1
0
8
0
17
0
0
0
2
0
5
0
0
0
6
0
0
0
0
0
0
0
9
0
0
0
12
0
0
0
0
0
14
0
0
0
0
0
6
0
23
0
0
0
0
0
6
0
6
0
0
0
0
0
0
0
0
0
0
0
3
0
0
0
0
0
0
0
26
0
5
0
16
0
0
0
0
0
34
0
0
0
0
0
0
0
0
0
45
0
0
0
0
0
1
0
0
0
4
0
0
0
8
0
0
0
19
0
0
0
0
0
0
0
26
0
0
0
0
0
0
0
0
0
4
0
0
0
0
0
1
0
5
0
4
0
17
0
0
0
29
0
0
0
2
0
8
0
10
0
15
0
0
0
16
0
0
0
5
0
0
0
0
0
0
0
1
0
0
0
2
0
0
0
2
0
0
0
0
0
0
0
3
0
0
0
0
0
6
0
17
0
0
0
13
0
0
0
1
0
6
0
1
0
0
0
31
0
0
0
0
0
0
0
0
0
1
0
30
0
0
0
47
0
0
0
0
0
0
0
0
0
6
0
0
0
0
0
0
0
0
0
0
0
5
0
18
0
0
0
0
0
0
0
55
0
0
0
11
0
10
0
0
0
23
0
0
0
0
0
0
0
7
0
0
0
29
0
0
0
0
0
36
0
0
0
0
0
0
0
0
0
12
0
0
0
2
0
0
0
33
0
0
0
0
0
19
0
0
0
10
0
35
0
0
0
0
0
7
0
0
0
0
0
5
0
8
0
10
0
11
0
4
0
0
0
0
0
11
0
0
0
0
0
0
0
0
0
39
0
0
0
6
0
1
0
6
0
0
0
11
0
160
0
294
0
0
0
19
0
0
0
0
0
0
0
1
0
0
0
0
0
8
0
0
0
0
0
0
0
1
0
0
0
0
0
0
0
