0
0
0
14
0
22
0
0
0
4
0
3
0
9
0
0
0
0
0
0
0
6
0
0
0
0
0
14
0
0
0
11
0
0
0
0
0
0
0
0
0
4
0
0
0
0
0
8
0
2
0
0
0
0
0
16
0
0
0
15
0
0
0
0
0
10
0
0
0
22
0
0
0
3
0
0
0
0
0
0
0
22
0
0
0
11
0
4
0
0
0
11
0
0
0
49
0
0
0
0
0
18
0
10
0
0
0
3
0
0
0
16
0
0
0
0
0
0
0
0
0
17
0
7
0
11
0
8
0
0
0
10
0
7
0
3
0
0
0
26
0
13
0
10
0
0
0
0
0
23
0
0
0
14
0
6
0
0
0
5
0
2
0
0
0
0
0
17
0
13
0
3
0
0
0
7
0
2
0
0
0
0
0
20
0
0
0
0
0
33
0
0
0
40
0
0
0
0
0
0
0
4
0
2
0
0
0
0
0
0
0
2
0
5
0
0
0
0
0
3
0
17
0
12
0
4
0
23
0
0
0
19
0
0
0
1
0
16
0
9
0
0
0
17
0
8
0
31
0
16
0
0
0
6
0
10
0
39
0
31
0
9
0
15
0
0
0
17
0
0
0
0
0
11
0
43
0
7
0
4
0
26
0
12
0
13
0
0
0
6
0
30
0
12
0
1
0
0
0
6
0
0
0
1
0
0
0
14
0
0
0
0
0
1
0
13
0
0
0
0
0
0
0
0
0
0
0
0
0
0
0
8
0
15
0
0
0
25
0
0
0
23
0
0
0
0
0
13
0
0
0
0
0
0
0
0
0
2
0
7
0
8
0
0
0
0
0
26
0
0
0
0
0
0
0
22
0
8
0
1
0
0
0
0
0
0
0
0
0
21
0
0
0
0
0
12
0
0
0
12
0
0
0
0
0
6
0
2
0
3
0
0
0
0
0
0
0
3
0
2
0
1
0
0
0
0
0
24
0
1
0
0
0
3
0
0
0
0
0
21
0
32
0
0
0
0
0
0
0
4
0
36
0
0
0
0
0
17
0
37
0
8
0
0
0
19
0
28
0
1
0
32
0
22
0
0
0
8
0
0
0
18
0
30
0
0
0
11
0
12
0
8
0
0
0
0
0
4
0
0
0
26
0
23
0
8
0
0
0
26
0
2
0
0
0
0
0
16
0
0
0
0
0
0
0
27
0
4
0
3
0
39
0
12
0
0
0
32
0
21
0
32
0
40
0
34
0
91
0
68
0
20
0
34
0
23
0
50
0
85
0
126
0
192
0
252
0
522
0
94
0
35
0
85
0
119
0
146
0
172
0
178
0
176
0
70
0
9
0
528
0
602
0
4
0
14
0
0
0
1
0
0
0
0
0
12
0
0
0
0
0
0
0
3
0
28
0
0
0
0
0
9
0
0
0
35
0
21
0
0
0
37
0
2
0
0
0
0
0
0
0
0
0
0
0
0
0
0
0
2
0
3
0
4
0
0
0
6
0
0
0
0
0
0
0
20
0
0
0
0
0
0
0
0
0
26
0
5
0
5
0
14
0
8
0
12
0
4
0
0
0
42
0
27
0
12
0
0
0
10
0
0
0
0
0
0
0
6
0
0
0
2
0
0
0
34
0
0
0
1
0
30
0
13
0
0
0
22
0
0
0
0
0
0
0
0
0
0
0
0
0
16
0
0
0
0
0
0
0
19
0
0
0
28
0
0
0
0
0
2
0
0
0
19
0
18
0
0
0
0
0
0
0
7
0
0
0
12
0
0
0
6
0
2
0
0
0
1
0
0
0
0
0
4
0
11
0
0
0
33
0
0
0
0
0
21
0
1
0
0
0
0
0
0
0
12
0
0
0
14
0
2
0
8
0
0
0
9
0
2
0
10
0
5
0
0
0
22
0
8
0
46
0
24
0
0
0
0
0
26
0
0
0
0
0
3
0
2
0
0
0
0
0
32
0
0
0
0
0
0
0
0
0
0
0
14
0
15
0
5
0
14
0
28
0
0
0
0
0
6
0
0
0
0
0
0
0
0
0
2
0
4
0
13
0
0
0
0
0
0
0
3
0
18
0
3
0
0
0
0
0
0
0
0
0
0
0
0
0
6
0
0
0
0
0
2
0
0
0
10
0
11
0
0
0
17
0
0
0
0
0
7
0
0
0
2
0
1
0
0
0
2
0
0
0
18
0
185
0
33
0
6
0
0
0
14
0
8
0
9
0
1
0
0
0
0
0
0
0
0
0
18
0
0
0
0
0
2
0
35
0
