0
0
0
21
0
27
0
4
0
8
0
23
0
0
0
33
0
0
0
0
0
12
0
0
0
0
0
22
0
5
0
3
0
0
0
18
0
0
0
0
0
15
0
23
0
14
0
7
0
0
0
0
0
4
0
18
0
23
0
6
0
17
0
0
0
18
0
0
0
56
0
0
0
22
0
0
0
0
0
22
0
0
0
0
0
0
0
0
0
0
0
0
0
6
0
0
0
10
0
0
0
11
0
0
0
13
0
29
0
0
0
14
0
9
0
30
0
0
0
31
0
23
0
18
0
2
0
5
0
0
0
0
0
0
0
0
0
0
0
0
0
0
0
0
0
0
0
0
0
32
0
0
0
3
0
0
0
0
0
10
0
10
0
0
0
0
0
0
0
0
0
12
0
0
0
0
0
0
0
0
0
0
0
8
0
6
0
10
0
4
0
0
0
0
0
2
0
0
0
0
0
7
0
20
0
0
0
17
0
8
0
20
0
25
0
1
0
0
0
0
0
0
0
11
0
0
0
0
0
1
0
19
0
8
0
5
0
18
0
0
0
0
0
8
0
0
0
0
0
4
0
4
0
7
0
18
0
0
0
2
0
34
0
0
0
44
0
0
0
0
0
101
0
2
0
0
0
0
0
24
0
25
0
0
0
19
0
0
0
0
0
2
0
986
896
1002
0
302
0
105
0
36
0
11
0
16
0
2
0
6
0
1
0
8
0
0
0
11
0
9
0
7
0
11
0
15
0
0
0
5
0
26
0
3
0
0
0
17
0
0
0
0
0
35
0
6
0
24
0
42
0
0
0
13
0
0
0
0
0
0
0
0
0
0
0
13
0
3
0
0
0
0
0
5
0
24
0
23
0
3
0
0
0
0
0
0
0
8
0
21
0
0
0
14
0
0
0
0
0
24
0
0
0
24
0
0
0
0
0
16
0
0
0
14
0
0
0
28
0
0
0
1
0
0
0
0
0
0
0
0
0
5
0
0
0
0
0
14
0
0
0
0
0
0
0
0
0
3
0
12
0
0
0
0
0
22
0
0
0
5
0
0
0
16
0
18
0
0
0
0
0
14
0
21
0
0
0
0
0
0
0
0
0
6
0
0
0
12
0
25
0
11
0
0
0
22
0
0
0
8
0
0
0
0
0
0
0
4
0
0
0
7
0
0
0
0
0
0
0
2
0
0
0
13
0
0
0
3
0
1
0
0
0
0
0
15
0
3
0
0
0
0
0
6
0
0
0
6
0
0
0
2
0
19
0
40
0
24
0
0
0
0
0
0
0
17
0
0
0
0
0
0
0
26
0
12
0
0
0
8
0
46
0
0
0
0
0
0
0
0
0
0
0
16
0
0
0
17
0
0
0
0
0
0
0
10
0
0
0
0
0
15
0
0
0
1
0
33
0
0
0
19
0
0
0
0
0
1
0
0
0
10
0
0
0
26
0
0
0
9
0
0
0
0
0
0
0
7
0
19
0
0
0
18
0
14
0
0
0
0
0
8
0
5
0
7
0
0
0
0
0
0
0
25
0
23
0
4
0
14
0
10
0
6
0
0
0
25
0
7
0
0
0
29
0
0
0
25
0
10
0
7
0
10
0
26
0
19
0
0
0
0
0
16
0
0
0
9
0
19
0
3
0
3
0
0
0
28
0
9
0
19
0
4
0
0
0
2
0
0
0
0
0
0
0
0
0
11
0
0
0
0
0
9
0
7
0
0
0
0
0
0
0
17
0
0
0
0
0
0
0
26
0
20
0
6
0
27
0
5
0
15
0
0
0
0
0
0
0
11
0
0
0
16
0
0
0
0
0
1
0
0
0
0
0
0
0
0
0
51
0
0
0
3
0
0
0
0
0
0
0
8
0
14
0
10
0
0
0
12
0
0
0
0
0
14
0
0
0
0
0
54
0
19
0
23
0
45
0
7
0
0
0
13
0
20
0
0
0
29
0
0
0
8
0
0
0
10
0
0
0
0
0
0
0
6
0
0
0
0
0
0
0
13
0
0
0
16
0
0
0
0
0
1
0
17
0
17
0
13
0
29
0
12
0
22
0
0
0
12
0
31
0
0
0
0
0
0
0
5
0
0
0
0
0
27
0
0
0
0
0
0
0
0
0
0
0
0
0
0
0
0
0
5
0
10
0
0
0
30
0
0
0
7
0
0
0
0
0
0
0
0
0
0
0
153
0
319
0
0
0
0
0
0
0
0
0
1
0
0
0
8
0
0
0
17
0
0
0
0
0
0
0
11
0
15
0
9
0
0
0
