0
0
0
0
0
0
0
45
0
7
0
0
0
19
0
0
0
16
0
0
0
0
0
0
0
0
0
8
0
0
0
17
0
21
0
0
0
9
0
0
0
0
0
1
0
0
0
27
0
18
0
0
0
0
0
7
0
0
0
0
0
0
0
0
0
27
0
8
0
0
0
2
0
0
0
26
0
0
0
0
0
0
0
0
0
7
0
0
0
13
0
0
0
0
0
0
0
0
0
0
0
8
0
11
0
0
0
27
0
0
0
0
0
9
0
0
0
0
0
0
0
4
0
34
0
0
0
0
0
0
0
0
0
0
0
19
0
0
0
0
0
13
0
10
0
0
0
14
0
0
0
0
0
0
0
0
0
23
0
0
0
46
0
0
0
11
0
2
0
18
0
1
0
5
0
0
0
0
0
0
0
0
0
0
0
0
0
0
0
0
0
0
0
0
0
1
0
0
0
0
0
0
0
0
0
0
0
6
0
0
0
0
0
6
0
0
0
17
0
15
0
4
0
0
0
43
0
0
0
2
0
0
0
7
0
0
0
11
0
36
0
0
0
0
0
0
0
0
0
9
0
0
0
0
0
11
0
3
0
10
0
0
0
0
0
3
0
0
0
11
0
0
0
10
0
11
0
0
0
0
0
15
0
6
0
6
0
18
0
0
0
30
0
9
0
0
0
0
0
0
0
0
0
23
0
8
0
16
0
0
0
0
0
13
0
0
0
0
0
19
0
0
0
20
0
7
0
16
0
4
0
18
0
11
0
0
0
0
0
0
0
0
0
0
0
0
0
20
0
14
0
0
0
0
0
0
0
0
0
0
0
23
0
0
0
24
0
0
0
10
0
0
0
8
0
3
0
0
0
10
0
0
0
0
0
0
0
9
0
0
0
4
0
27
0
0
0
10
0
17
0
0
0
0
0
0
0
7
0
6
0
25
0
1
0
11
0
41
0
25
0
11
0
0
0
12
0
15
0
26
0
0
0
13
0
0
0
0
0
0
0
0
0
21
0
0
0
0
0
0
0
10
0
9
0
8
0
15
0
23
0
0
0
6
0
1
0
3
0
0
0
14
0
0
0
0
0
2
0
23
0
12
0
0
0
1
0
3
0
0
0
0
0
0
0
33
0
0
0
0
0
2
0
0
0
0
0
12
0
4
0
0
0
19
0
2
0
0
0
13
0
0
0
24
0
8
0
0
0
0
0
0
0
12
0
13
0
15
0
0
0
0
0
18
0
0
0
0
0
27
0
7
0
12
0
0
0
0
0
0
0
0
0
0
0
4
0
23
0
0
0
4
0
1
0
0
0
10
0
0
0
1
0
16
0
1
0
4
0
0
0
0
0
0
0
0
0
0
0
0
0
0
0
10
0
0
0
0
0
46
0
0
0
7
0
10
0
8
0
0
0
0
0
23
0
21
0
0
0
0
0
0
0
0
0
47
0
0
0
16
0
12
0
20
0
0
0
0
0
0
0
0
0
3
0
0
0
51
0
37
0
0
0
0
0
0
0
23
0
0
0
7
0
0
0
0
0
18
0
0
0
0
0
21
0
0
0
108
0
2
0
57
0
56
0
111
0
97
0
135
0
136
0
189
0
213
0
252
0
233
0
233
0
8
0
8
0
1
0
4
0
0
0
0
0
23
0
326
92
395
290
553
430
768
641
975
0
973
0
4
0
16
0
17
0
13
0
0
0
2
0
1
0
14
0
146
0
0
0
3
0
0
0
9
0
989
0
920
0
14
0
4
0
5
0
14
0
43
0
9
0
0
0
18
0
16
0
6
0
10
0
15
0
12
0
13
0
0
0
9
0
8
0
0
0
31
0
6
0
13
0
26
0
23
0
0
0
0
0
12
0
0
0
0
0
1
0
0
0
0
0
0
0
0
0
0
0
0
0
0
0
0
0
1
0
2
0
41
0
0
0
27
0
0
0
0
0
0
0
23
0
6
0
0
0
21
0
36
0
10
0
0
0
0
0
14
0
0
0
8
0
0
0
45
0
0
0
25
0
76
0
10
0
0
0
14
0
32
0
18
0
20
0
0
0
0
0
0
0
0
0
0
0
21
0
8
0
0
0
0
0
2
0
0
0
0
0
3
0
139
0
6
0
0
0
15
0
1
0
0
0
6
0
166
0
885
0
162
0
0
0
8
0
0
0
0
0
164
0
22
0
0
0
42
0
77
0
265
0
0
0
0
0
18
0
23
0
2
0
0
0
0
0
0
0
11
0
0
0
0
0
0
0
21
0
21
0
0
0
0
0
