0
605
548
629
0
18
0
10
0
26
0
9
0
39
0
15
0
19
0
37
0
17
0
20
0
23
0
22
0
38
0
17
0
22
0
40
0
14
0
31
0
17
0
38
0
5
0
12
0
22
0
28
0
28
0
25
0
4
0
13
0
19
0
32
0
16
0
25
0
5
0
16
0
20
0
16
0
11
0
12
0
41
0
16
0
11
0
14
0
8
0
13
0
21
0
22
0
28
0
12
0
24
0
30
0
16
0
36
0
16
0
20
0
21
0
25
0
29
0
17
0
24
0
14
0
13
0
10
0
7
0
20
0
6
0
0
0
31
0
15
0
26
0
10
0
21
0
21
0
19
0
50
0
31
0
36
0
35
0
28
0
15
0
64
0
12
0
30
0
22
0
0
0
18
0
9
0
11
0
35
0
17
0
7
0
32
0
30
0
18
0
28
0
14
0
11
0
22
0
21
0
14
0
16
0
30
0
7
0
15
0
13
0
18
0
25
0
11
0
26
0
19
0
11
0
18
0
21
0
23
0
21
0
49
0
23
0
49
0
22
0
43
0
20
0
10
0
11
0
19
0
53
0
27
0
32
0
7
0
21
0
11
0
22
0
29
0
27
0
39
0
7
0
33
0
19
0
31
0
10
0
10
0
17
0
25
0
11
0
18
0
8
0
4
0
19
0
26
0
33
0
18
0
27
0
8
0
20
0
30
0
13
0
25
0
4
0
22
0
20
0
9
0
17
0
18
0
22
0
25
0
12
0
22
0
31
0
31
0
12
0
14
0
24
0
27
0
12
0
17
0
28
0
13
0
31
0
34
0
24
0
24
0
33
0
27
0
26
0
8
0
21
0
13
0
12
0
18
0
44
0
48
0
33
0
16
0
14
0
48
0
46
0
24
0
24
0
30
0
25
0
21
0
24
0
16
0
48
0
26
0
25
0
9
0
35
0
44
0
20
0
32
0
8
0
12
0
15
0
26
0
22
0
36
0
22
0
16
0
33
0
32
0
13
0
19
0
28
0
26
0
29
0
20
0
19
0
19
0
21
0
21
0
17
0
34
0
16
0
20
0
19
0
2
0
38
0
19
0
16
0
21
0
35
0
26
0
42
0
9
0
21
0
14
0
37
0
30
0
9
0
24
0
9
0
26
0
5
0
21
0
32
0
12
0
18
0
18
0
17
0
8
0
31
0
19
0
29
0
13
0
45
0
16
0
25
0
15
0
4
0
32
0
22
0
32
0
26
0
17
0
35
0
14
0
14
0
13
0
18
0
9
0
20
0
55
0
36
0
48
0
30
0
37
0
14
0
24
0
17
0
11
0
26
0
24
0
31
0
11
0
7
0
16
0
14
0
25
0
13
0
15
0
6
0
8
0
19
0
19
0
22
0
19
0
31
0
32
0
25
0
20
0
32
0
8
0
13
0
29
0
12
0
12
0
29
0
9
0
19
0
6
0
29
0
12
0
28
0
18
0
17
0
26
0
23
0
26
0
14
0
38
0
38
0
39
0
22
0
27
0
6
0
38
0
32
0
24
0
9
0
16
0
17
0
23
0
23
0
21
0
24
0
28
0
37
0
9
0
13
0
16
0
19
0
16
0
23
0
1
0
7
0
12
0
6
0
10
0
20
0
16
0
39
0
16
0
27
0
37
0
21
0
20
0
21
0
28
0
7
0
32
0
20
0
0
0
17
0
14
0
17
0
22
0
0
0
17
0
15
0
22
0
15
0
50
0
20
0
9
0
35
0
22
0
20
0
12
0
14
0
26
0
33
0
24
0
21
0
19
0
18
0
21
0
28
0
17
0
35
0
16
0
26
0
12
0
20
0
41
0
27
0
24
0
16
0
20
0
4
0
19
0
16
0
14
0
33
0
16
0
10
0
0
0
11
0
16
0
27
0
30
0
15
0
9
0
10
0
34
0
23
0
13
0
21
0
9
0
27
0
20
0
21
0
23
0
21
0
8
0
26
0
4
0
22
0
42
0
43
0
16
0
26
0
32
0
15
0
19
0
12
0
3
0
28
0
10
0
26
0
26
0
24
0
24
0
31
0
32
0
10
0
27
0
23
0
29
0
22
0
21
0
39
0
26
0
28
0
29
0
32
0
33
0
49
0
13
0
15
0
20
0
18
0
17
0
15
0
26
0
26
0
40
0
31
0
11
0
17
0
24
0
14
0
19
0
105
0
20
0
24
0
19
0
17
0
5
0
19
0
31
0
12
0
21
0
33
0
29
0
19
0
25
0
55
0
20
0
19
0
