0
0
0
0
0
4
0
0
0
0
0
0
0
6
0
4
0
0
0
12
0
0
0
0
0
0
0
0
0
29
0
0
0
41
0
0
0
27
0
0
0
2
0
0
0
0
0
0
0
9
0
0
0
0
0
0
0
0
0
17
0
9
0
36
0
0
0
0
0
19
0
0
0
4
0
0
0
17
0
7
0
0
0
0
0
3
0
17
0
0
0
13
0
0
0
18
0
21
0
0
0
0
0
0
0
0
0
0
0
0
0
0
0
0
0
0
0
7
0
4
0
0
0
17
0
0
0
18
0
5
0
0
0
26
0
0
0
4
0
0
0
0
0
0
0
0
0
0
0
6
0
0
0
0
0
12
0
0
0
0
0
0
0
0
0
0
0
21
0
8
0
7
0
15
0
10
0
18
0
9
0
4
0
1
0
2
0
25
0
4
0
6
0
0
0
7
0
0
0
15
0
0
0
2
0
0
0
0
0
37
0
0
0
0
0
0
0
22
0
0
0
0
0
0
0
8
0
8
0
7
0
20
0
15
0
3
0
0
0
0
0
36
0
0
0
12
0
0
0
0
0
0
0
3
0
0
0
0
0
0
0
0
0
6
0
0
0
0
0
0
0
4
0
3
0
0
0
1
0
9
0
10
0
0
0
0
0
28
0
0
0
0
0
2
0
2
0
5
0
0
0
30
0
45
0
0
0
0
0
17
0
0
0
24
0
5
0
0
0
0
0
6
0
13
0
0
0
0
0
8
0
0
0
0
0
15
0
0
0
3
0
1
0
0
0
21
0
0
0
0
0
0
0
0
0
7
0
8
0
4
0
0
0
8
0
3
0
0
0
0
0
3
0
0
0
0
0
7
0
0
0
21
0
16
0
0
0
0
0
1
0
0
0
0
0
2
0
0
0
0
0
5
0
14
0
0
0
0
0
11
0
9
0
13
0
5
0
0
0
0
0
14
0
6
0
0
0
21
0
15
0
0
0
5
0
29
0
0
0
2
0
2
0
6
0
9
0
0
0
6
0
0
0
0
0
0
0
32
0
2
0
21
0
0
0
0
0
39
0
0
0
0
0
0
0
4
0
5
0
5
0
18
0
0
0
0
0
4
0
0
0
137
0
113
0
166
0
210
0
167
0
192
0
238
0
276
13
339
86
379
275
751
693
1001
942
731
190
486
13
352
0
274
0
199
0
174
0
351
28
393
0
341
0
278
0
94
0
78
0
33
0
23
0
16
0
0
0
38
0
22
0
0
0
42
0
9
0
0
0
27
0
1
0
2
0
17
0
8
0
483
0
85
0
447
296
492
381
488
391
365
218
365
221
322
0
150
0
94
0
52
0
0
0
0
0
0
0
0
0
0
0
0
0
6
0
0
0
8
0
0
0
0
0
20
0
38
0
0
0
0
0
0
0
0
0
0
0
13
0
4
0
27
0
0
0
17
0
0
0
0
0
0
0
0
0
5
0
20
0
0
0
0
0
0
0
0
0
0
0
8
0
28
0
0
0
0
0
5
0
0
0
25
0
0
0
18
0
1
0
0
0
0
0
24
0
0
0
0
0
4
0
0
0
0
0
0
0
0
0
41
0
22
0
0
0
0
0
6
0
1
0
0
0
0
0
0
0
3
0
0
0
8
0
0
0
20
0
12
0
0
0
0
0
0
0
0
0
7
0
0
0
0
0
0
0
4
0
11
0
2
0
4
0
0
0
0
0
0
0
0
0
0
0
0
0
15
0
11
0
0
0
46
0
7
0
0
0
8
0
6
0
17
0
17
0
0
0
0
0
0
0
0
0
0
0
0
0
3
0
0
0
3
0
11
0
7
0
0
0
16
0
13
0
0
0
7
0
3
0
2
0
31
0
0
0
0
0
9
0
0
0
5
0
2
0
0
0
0
0
12
0
31
0
0
0
4
0
16
0
0
0
1
0
0
0
21
0
11
0
0
0
0
0
27
0
0
0
0
0
0
0
16
0
38
0
14
0
3
0
1
0
2
0
0
0
0
0
8
0
0
0
0
0
3
0
10
0
1
0
9
0
0
0
0
0
0
0
0
0
3
0
0
0
6
0
0
0
0
0
1
0
2
0
12
0
0
0
0
0
10
0
10
0
0
0
0
0
0
0
36
0
0
0
0
0
10
0
4
0
0
0
2
0
9
0
10
0
17
0
0
0
0
0
0
0
0
0
149
0
0
0
0
0
0
0
0
0
0
0
0
0
33
0
14
0
29
0
0
0
5
0
4
0
32
0
0
0
9
0
0
0
