0
24
0
23
0
10
0
23
0
17
0
27
0
20
0
14
0
24
0
20
0
21
0
11
0
12
0
30
0
19
0
4
0
15
0
18
0
22
0
29
0
20
0
17
0
20
0
21
0
25
0
28
0
13
0
35
0
29
0
20
0
9
0
23
0
11
0
17
0
22
0
32
0
25
0
17
0
16
0
10
0
11
0
13
0
13
0
20
0
20
0
21
0
18
0
38
0
31
0
27
0
26
0
33
0
13
0
25
0
44
0
9
0
21
0
21
0
19
0
28
0
16
0
17
0
28
0
18
0
10
0
24
0
22
0
28
0
17
0
22
0
20
0
13
0
22
0
34
0
11
0
20
0
13
0
21
0
10
0
11
0
20
0
17
0
12
0
12
0
15
0
11
0
34
0
22
0
18
0
16
0
26
0
37
0
14
0
27
0
22
0
18
0
8
0
8
0
24
0
25
0
19
0
23
0
22
0
38
0
22
0
23
0
9
0
26
0
13
0
16
0
21
0
42
0
22
0
22
0
27
0
15
0
11
0
21
0
11
0
25
0
28
0
41
0
32
0
17
0
30
0
28
0
20
0
25
0
10
0
2
0
18
0
8
0
27
0
52
0
27
0
17
0
26
0
23
0
22
0
23
0
8
0
16
0
21
0
14
0
22
0
33
0
23
0
13
0
20
0
38
0
28
0
20
0
20
0
13
0
9
0
29
0
3
0
21
0
19
0
24
0
18
0
27
0
22
0
13
0
49
0
20
0
3
0
11
0
11
0
23
0
42
0
22
0
31
0
15
0
30
0
20
0
15
0
44
0
23
0
137
0
84
0
189
27
312
202
404
0
263
103
396
281
508
419
582
511
626
563
648
593
662
612
680
632
701
658
722
663
724
729
738
0
738
0
21
0
31
0
42
0
25
0
529
411
538
436
557
428
555
449
548
444
531
353
490
0
341
0
29
0
29
0
36
0
26
0
32
0
11
0
22
0
25
0
30
0
39
0
22
0
17
0
36
0
26
0
6
0
25
0
23
0
31
0
17
0
26
0
39
0
41
0
21
0
31
0
12
0
35
0
36
0
29
0
37
0
27
0
27
0
29
0
9
0
7
0
39
0
26
0
30
0
22
0
4
0
37
0
19
0
12
0
21
0
18
0
17
0
18
0
20
0
30
0
15
0
16
0
34
0
14
0
12
0
21
0
32
0
11
0
26
0
30
0
29
0
25
0
30
0
22
0
26
0
24
0
17
0
8
0
9
0
32
0
13
0
19
0
25
0
39
0
51
0
20
0
30
0
41
0
11
0
30
0
15
0
33
0
11
0
39
0
17
0
18
0
13
0
22
0
28
0
22
0
19
0
17
0
13
0
21
0
34
0
18
0
9
0
20
0
25
0
9
0
13
0
26
0
24
0
22
0
18
0
22
0
24
0
40
0
12
0
32
0
11
0
21
0
25
0
19
0
39
0
31
0
12
0
13
0
6
0
17
0
25
0
25
0
29
0
24
0
22
0
14
0
7
0
17
0
11
0
13
0
20
0
26
0
7
0
34
0
19
0
4
0
24
0
16
0
27
0
22
0
20
0
32
0
22
0
12
0
30
0
27
0
12
0
20
0
21
0
22
0
25
0
18
0
18
0
14
0
24
0
33
0
19
0
28
0
25
0
37
0
32
0
13
0
28
0
31
0
11
0
22
0
23
0
29
0
17
0
24
0
22
0
35
0
22
0
21
0
14
0
12
0
14
0
37
0
23
0
17
0
22
0
37
0
8
0
18
0
31
0
20
0
18
0
25
0
26
0
31
0
15
0
16
0
12
0
14
0
32
0
11
0
25
0
21
0
26
0
17
0
25
0
17
0
25
0
36
0
33
0
24
0
17
0
33
0
18
0
32
0
10
0
17
0
16
0
36
0
31
0
20
0
49
0
20
0
17
0
23
0
9
0
28
0
30
0
24
0
14
0
23
0
26
0
31
0
20
0
36
0
36
0
28
0
30
0
27
0
37
0
28
0
9
0
15
0
17
0
16
0
20
0
31
0
20
0
14
0
42
0
32
0
12
0
32
0
16
0
10
0
13
0
21
0
20
0
24
0
25
0
14
0
21
0
42
0
15
0
36
0
30
0
31
0
16
0
21
0
13
0
7
0
8
0
16
0
8
0
11
0
33
0
17
0
25
0
34
0
18
0
16
0
506
0
14
0
8
0
28
0
30
0
6
0
27
0
12
0
18
0
21
0
32
0
16
0
22
0
22
0
12
0
42
0
30
0
