0
24
0
24
0
30
0
22
0
14
0
29
0
14
0
25
0
16
0
12
0
27
0
8
0
15
0
30
0
13
0
17
0
9
0
29
0
16
0
22
0
18
0
8
0
14
0
9
0
40
0
15
0
7
0
16
0
32
0
34
0
34
0
23
0
29
0
22
0
7
0
32
0
16
0
35
0
14
0
23
0
20
0
39
0
24
0
27
0
27
0
19
0
22
0
21
0
23
0
16
0
16
0
34
0
19
0
27
0
15
0
12
0
28
0
15
0
13
0
15
0
33
0
40
0
22
0
24
0
25
0
26
0
19
0
24
0
12
0
4
0
38
0
31
0
17
0
36
0
40
0
8
0
18
0
33
0
31
0
5
0
27
0
31
0
14
0
8
0
25
0
22
0
27
0
13
0
22
0
10
0
22
0
20
0
18
0
19
0
16
0
15
0
27
0
10
0
18
0
19
0
18
0
45
0
17
0
7
0
17
0
12
0
18
0
30
0
19
0
230
0
28
0
613
529
692
641
697
0
682
0
698
0
690
0
58
0
10
0
34
0
13
0
18
0
29
0
21
0
14
0
22
0
15
0
24
0
36
0
19
0
25
0
22
0
11
0
14
0
22
0
7
0
21
0
0
0
28
0
27
0
32
0
42
0
20
0
38
0
18
0
4
0
30
0
16
0
16
0
23
0
31
0
30
0
37
0
26
0
36
0
22
0
22
0
20
0
29
0
16
0
26
0
15
0
5
0
14
0
17
0
33
0
21
0
21
0
14
0
21
0
24
0
30
0
31
0
19
0
29
0
8
0
7
0
42
0
30
0
10
0
30
0
19
0
6
0
16
0
18
0
23
0
24
0
34
0
16
0
8
0
12
0
7
0
16
0
36
0
17
0
27
0
43
0
8
0
12
0
10
0
24
0
30
0
22
0
18
0
21
0
30
0
5
0
34
0
18
0
13
0
8
0
33
0
31
0
25
0
13
0
26
0
42
0
39
0
26
0
6
0
16
0
26
0
20
0
28
0
25
0
29
0
16
0
17
0
18
0
23
0
12
0
28
0
27
0
17
0
21
0
28
0
21
0
19
0
3
0
27
0
17
0
20
0
20
0
20
0
4
0
14
0
32
0
16
0
27
0
31
0
10
0
41
0
20
0
16
0
8
0
17
0
46
0
26
0
22
0
47
0
9
0
10
0
9
0
28
0
20
0
32
0
19
0
7
0
16
0
34
0
18
0
24
0
18
0
17
0
30
0
6
0
9
0
13
0
17
0
7
0
20
0
6
0
21
0
28
0
16
0
24
0
14
0
24
0
17
0
20
0
32
0
13
0
35
0
11
0
11
0
30
0
18
0
23
0
18
0
20
0
19
0
31
0
22
0
8
0
6
0
25
0
14
0
16
0
22
0
21
0
25
0
30
0
3
0
20
0
10
0
19
0
19
0
20
0
42
0
4
0
22
0
18
0
29
0
24
0
17
0
28
0
41
0
27
0
22
0
27
0
31
0
27
0
29
0
13
0
12
0
18
0
15
0
20
0
18
0
31
0
20
0
31
0
21
0
29
0
38
0
30
0
9
0
21
0
32
0
15
0
23
0
34
0
10
0
38
0
21
0
23
0
30
0
7
0
18
0
3
0
9
0
21
0
28
0
13
0
18
0
8
0
19
0
26
0
36
0
21
0
17
0
21
0
10
0
18
0
17
0
0
0
10
0
40
0
11
0
39
0
15
0
21
0
24
0
34
0
25
0
24
0
40
0
26
0
17
0
17
0
28
0
11
0
6
0
24
0
21
0
9
0
30
0
20
0
35
0
32
0
21
0
15
0
16
0
27
0
5
0
16
0
14
0
24
0
26
0
22
0
26
0
23
0
32
0
28
0
15
0
6
0
10
0
22
0
49
0
2
0
24
0
20
0
24
0
6
0
27
0
11
0
25
0
21
0
16
0
25
0
39
0
13
0
39
0
40
0
20
0
7
0
14
0
16
0
12
0
19
0
14
0
32
0
17
0
10
0
17
0
21
0
48
0
24
0
38
0
20
0
32
0
18
0
52
0
24
0
16
0
15
0
22
0
38
0
29
0
28
0
1
0
21
0
20
0
38
0
23
0
41
0
32
0
41
0
12
0
15
0
15
0
4
0
8
0
33
0
19
0
15
0
16
0
7
0
19
0
17
0
17
0
18
0
26
0
304
0
26
0
36
0
28
0
10
0
17
0
23
0
30
0
36
0
27
0
21
0
12
0
38
0
28
0
17
0
12
0
18
0
