0
0
0
0
0
6
0
0
0
32
0
10
0
11
0
3
0
0
0
10
0
17
0
2
0
8
0
27
0
0
0
0
0
0
0
0
0
1
0
0
0
2
0
4
0
20
0
1
0
7
0
0
0
2
0
0
0
13
0
0
0
0
0
0
0
0
0
5
0
0
0
5
0
7
0
4
0
3
0
0
0
0
0
0
0
9
0
1
0
0
0
0
0
0
0
0
0
13
0
0
0
24
0
18
0
12
0
0
0
0
0
0
0
0
0
28
0
0
0
5
0
2
0
4
0
0
0
20
0
32
0
10
0
4
0
0
0
1
0
0
0
7
0
1
0
0
0
15
0
0
0
13
0
7
0
0
0
5
0
29
0
9
0
0
0
0
0
0
0
0
0
0
0
6
0
2
0
2
0
3
0
9
0
32
0
0
0
36
0
18
0
20
0
0
0
1
0
10
0
14
0
0
0
22
0
26
0
1
0
0
0
0
0
10
0
0
0
14
0
0
0
0
0
0
0
16
0
1
0
0
0
3
0
0
0
18
0
0
0
5
0
0
0
0
0
0
0
5
0
0
0
21
0
9
0
0
0
21
0
0
0
0
0
0
0
0
0
0
0
0
0
0
0
0
0
0
0
0
0
0
0
0
0
16
0
11
0
0
0
15
0
16
0
22
0
7
0
0
0
28
0
0
0
0
0
13
0
50
0
0
0
3
0
11
0
7
0
0
0
6
0
0
0
8
0
6
0
0
0
3
0
0
0
2
0
1
0
13
0
0
0
15
0
4
0
0
0
11
0
5
0
0
0
0
0
11
0
34
0
21
0
7
0
0
0
0
0
0
0
0
0
0
0
0
0
0
0
6
0
0
0
0
0
0
0
0
0
12
0
17
0
9
0
0
0
6
0
0
0
0
0
0
0
5
0
14
0
0
0
19
0
0
0
0
0
0
0
4
0
0
0
3
0
0
0
0
0
0
0
0
0
16
0
0
0
20
0
0
0
38
0
11
0
10
0
28
0
0
0
2
0
13
0
9
0
2
0
0
0
0
0
0
0
0
0
3
0
13
0
0
0
3
0
0
0
3
0
2
0
0
0
4
0
0
0
49
0
0
0
14
0
0
0
0
0
13
0
18
0
4
0
0
0
10
0
0
0
17
0
0
0
0
0
0
0
0
0
0
0
0
0
7
0
2
0
10
0
0
0
0
0
0
0
0
0
0
0
0
0
0
0
11
0
3
0
15
0
14
0
8
0
0
0
0
0
7
0
0
0
4
0
0
0
10
0
8
0
10
0
0
0
0
0
0
0
0
0
23
0
1
0
0
0
0
0
0
0
0
0
0
0
0
0
1
0
0
0
0
0
14
0
0
0
0
0
10
0
0
0
7
0
0
0
8
0
2
0
6
0
0
0
0
0
15
0
17
0
0
0
0
0
10
0
0
0
5
0
0
0
22
0
13
0
0
0
0
0
0
0
0
0
0
0
0
0
7
0
0
0
0
0
0
0
32
0
12
0
0
0
5
0
8
0
0
0
29
0
0
0
15
0
0
0
15
0
21
0
34
0
19
0
2
0
18
0
13
0
0
0
0
0
23
0
0
0
17
0
0
0
4
0
0
0
0
0
0
0
1
0
3
0
0
0
0
0
0
0
0
0
14
0
15
0
14
0
0
0
5
0
21
0
21
0
22
0
5
0
0
0
5
0
27
0
0
0
10
0
56
0
26
0
0
0
5
0
0
0
0
0
0
0
0
0
0
0
0
0
0
0
3
0
0
0
20
0
0
0
0
0
0
0
0
0
43
0
16
0
27
0
0
0
10
0
12
0
19
0
0
0
6
0
18
0
10
0
17
0
30
0
20
0
9
0
16
0
8
0
34
0
17
0
1
0
19
0
4
0
0
0
4
0
37
0
40
0
8
0
0
0
36
0
51
0
37
0
22
0
39
0
22
0
59
0
30
0
36
0
44
0
38
0
77
0
73
0
74
0
92
0
50
0
109
0
80
0
38
0
52
0
97
0
132
0
160
0
156
0
194
0
182
0
236
0
330
0
320
17
315
21
301
0
271
32
324
97
368
185
362
213
403
255
487
393
687
603
847
782
982
982
986
0
25
0
30
0
4
0
23
0
14
0
0
0
0
0
6
0
264
0
0
0
9
0
13
0
13
0
1
0
6
0
32
0
0
0
8
0
185
0
26
0
0
0
15
0
29
0
5
0
0
0
1
0
6
0
0
0
6
0
0
0
0
0
18
0
1
0
0
0
11
0
