0
11
0
21
0
22
0
14
0
24
0
40
0
29
0
19
0
15
0
38
0
19
0
16
0
28
0
44
0
31
0
21
0
19
0
7
0
27
0
11
0
14
0
9
0
35
0
9
0
15
0
25
0
34
0
24
0
28
0
22
0
33
0
16
0
37
0
16
0
27
0
20
0
35
0
27
0
13
0
16
0
6
0
24
0
10
0
24
0
12
0
34
0
24
0
11
0
16
0
18
0
30
0
14
0
30
0
20
0
27
0
56
0
12
0
11
0
15
0
14
0
26
0
10
0
24
0
18
0
26
0
14
0
24
0
16
0
12
0
16
0
22
0
17
0
11
0
32
0
12
0
42
0
35
0
22
0
7
0
14
0
13
0
14
0
18
0
15
0
29
0
17
0
37
0
23
0
45
0
31
0
14
0
12
0
30
0
21
0
15
0
31
0
32
0
8
0
19
0
13
0
37
0
26
0
46
0
13
0
20
0
14
0
23
0
19
0
17
0
13
0
10
0
20
0
30
0
20
0
22
0
10
0
35
0
8
0
26
0
15
0
20
0
4
0
29
0
19
0
34
0
7
0
44
0
27
0
23
0
22
0
25
0
6
0
21
0
24
0
6
0
26
0
16
0
25
0
41
0
46
0
24
0
25
0
27
0
19
0
29
0
1
0
21
0
17
0
13
0
47
0
17
0
29
0
49
0
20
0
32
0
20
0
36
0
23
0
15
0
28
0
23
0
19
0
15
0
20
0
36
0
16
0
15
0
17
0
18
0
22
0
19
0
11
0
24
0
15
0
20
0
22
0
6
0
16
0
4
0
19
0
20
0
32
0
14
0
26
0
13
0
39
0
16
0
18
0
20
0
14
0
21
0
9
0
40
0
29
0
13
0
26
0
17
0
19
0
17
0
22
0
12
0
26
0
14
0
22
0
20
0
10
0
13
0
32
0
10
0
21
0
11
0
24
0
16
0
30
0
32
0
14
0
29
0
8
0
26
0
28
0
14
0
26
0
10
0
32
0
14
0
30
0
18
0
4
0
24
0
30
0
21
0
32
0
28
0
24
0
18
0
37
0
26
0
22
0
25
0
28
0
18
0
11
0
18
0
26
0
38
0
12
0
35
0
22
0
36
0
14
0
13
0
24
0
29
0
26
0
18
0
33
0
32
0
7
0
31
0
32
0
21
0
11
0
18
0
12
0
34
0
19
0
15
0
27
0
30
0
32
0
15
0
18
0
21
0
29
0
19
0
19
0
15
0
0
0
12
0
26
0
11
0
22
0
30
0
47
0
10
0
7
0
14
0
21
0
31
0
29
0
14
0
31
0
38
0
31
0
29
0
17
0
14
0
13
0
15
0
14
0
28
0
17
0
27
0
39
0
2
0
33
0
11
0
35
0
40
0
28
0
43
0
11
0
18
0
37
0
21
0
27
0
21
0
7
0
14
0
7
0
9
0
17
0
22
0
36
0
30
0
26
0
11
0
12
0
10
0
11
0
38
0
19
0
20
0
17
0
16
0
18
0
20
0
37
0
18
0
34
0
11
0
19
0
31
0
9
0
12
0
26
0
21
0
15
0
31
0
39
0
24
0
12
0
16
0
22
0
28
0
25
0
19
0
24
0
21
0
16
0
48
0
14
0
21
0
15
0
35
0
35
0
22
0
31
0
23
0
19
0
35
0
22
0
40
0
29
0
11
0
25
0
14
0
15
0
19
0
26
0
21
0
34
0
23
0
12
0
17
0
6
0
19
0
31
0
18
0
16
0
25
0
30
0
35
0
18
0
15
0
18
0
28
0
8
0
20
0
12
0
31
0
21
0
11
0
6
0
38
0
24
0
23
0
40
0
9
0
12
0
7
0
11
0
17
0
28
0
22
0
18
0
34
0
11
0
14
0
21
0
8
0
46
0
14
0
38
0
14
0
34
0
28
0
16
0
35
0
4
0
18
0
38
0
26
0
27
0
28
0
29
0
23
0
28
0
37
0
30
0
38
0
22
0
17
0
6
0
28
0
30
0
45
0
29
0
2
0
15
0
10
0
18
0
18
0
32
0
18
0
22
0
0
0
50
0
19
0
28
0
10
0
28
0
28
0
42
0
25
0
28
0
24
0
30
0
35
0
29
0
6
0
32
0
15
0
30
0
8
0
16
0
23
0
11
0
21
0
29
0
17
0
31
0
11
0
89
0
26
0
27
0
22
0
9
0
18
0
29
0
24
0
17
0
21
0
21
0
12
0
2
0
13
0
34
0
37
0
17
0
