0
0
0
0
0
27
0
4
0
12
0
47
0
0
0
0
0
0
0
28
0
30
0
0
0
0
0
4
0
1
0
5
0
1
0
4
0
0
0
0
0
0
0
0
0
0
0
31
0
3
0
0
0
10
0
0
0
0
0
17
0
30
0
0
0
0
0
0
0
12
0
4
0
2
0
3
0
0
0
0
0
0
0
0
0
32
0
3
0
0
0
15
0
0
0
7
0
0
0
0
0
0
0
0
0
10
0
0
0
51
0
7
0
0
0
0
0
1
0
0
0
18
0
647
328
876
0
12
0
0
0
4
0
0
0
5
0
0
0
0
0
0
0
0
0
0
0
0
0
0
0
0
0
3
0
0
0
1
0
32
0
0
0
8
0
0
0
0
0
0
0
14
0
2
0
32
0
0
0
0
0
0
0
3
0
4
0
0
0
0
0
4
0
18
0
4
0
0
0
0
0
5
0
0
0
0
0
0
0
17
0
0
0
14
0
0
0
9
0
0
0
28
0
6
0
0
0
0
0
0
0
0
0
3
0
0
0
0
0
7
0
0
0
15
0
3
0
0
0
0
0
0
0
2
0
4
0
2
0
7
0
0
0
0
0
0
0
0
0
0
0
2
0
0
0
20
0
0
0
0
0
0
0
0
0
0
0
0
0
0
0
30
0
0
0
0
0
0
0
2
0
32
0
13
0
4
0
6
0
34
0
2
0
0
0
0
0
0
0
55
0
0
0
0
0
0
0
3
0
0
0
0
0
7
0
30
0
0
0
0
0
26
0
0
0
21
0
5
0
0
0
0
0
0
0
0
0
0
0
0
0
33
0
0
0
0
0
5
0
5
0
9
0
20
0
4
0
12
0
0
0
0
0
23
0
2
0
0
0
0
0
30
0
0
0
0
0
0
0
0
0
0
0
0
0
12
0
0
0
0
0
0
0
0
0
0
0
0
0
0
0
10
0
1
0
21
0
0
0
0
0
0
0
7
0
1
0
0
0
17
0
0
0
0
0
4
0
0
0
0
0
0
0
0
0
0
0
0
0
0
0
8
0
22
0
18
0
19
0
0
0
0
0
0
0
1
0
5
0
10
0
23
0
6
0
0
0
0
0
0
0
19
0
0
0
0
0
0
0
0
0
0
0
0
0
7
0
0
0
10
0
0
0
3
0
6
0
12
0
0
0
0
0
1
0
0
0
7
0
12
0
24
0
14
0
0
0
0
0
8
0
44
0
8
0
17
0
7
0
0
0
3
0
0
0
0
0
5
0
0
0
16
0
0
0
0
0
20
0
0
0
10
0
14
0
0
0
1
0
0
0
0
0
0
0
21
0
0
0
0
0
1
0
22
0
0
0
11
0
1
0
0
0
27
0
8
0
0
0
0
0
2
0
6
0
0
0
11
0
0
0
57
0
5
0
1
0
0
0
15
0
0
0
17
0
0
0
49
0
0
0
0
0
0
0
9
0
13
0
43
0
11
0
3
0
0
0
12
0
0
0
0
0
3
0
4
0
18
0
0
0
31
0
0
0
9
0
0
0
0
0
16
0
0
0
10
0
0
0
0
0
5
0
1
0
2
0
0
0
0
0
13
0
3
0
12
0
22
0
0
0
10
0
14
0
0
0
2
0
0
0
9
0
2
0
0
0
0
0
2
0
17
0
0
0
1
0
37
0
0
0
0
0
3
0
3
0
3
0
0
0
0
0
0
0
0
0
0
0
0
0
4
0
0
0
0
0
0
0
0
0
29
0
4
0
0
0
1
0
18
0
0
0
28
0
0
0
0
0
0
0
5
0
5
0
20
0
11
0
7
0
0
0
0
0
0
0
23
0
38
0
21
0
0
0
0
0
48
0
0
0
2
0
2
0
0
0
0
0
0
0
19
0
0
0
0
0
15
0
13
0
0
0
10
0
0
0
0
0
0
0
0
0
9
0
0
0
0
0
8
0
0
0
0
0
0
0
0
0
3
0
0
0
0
0
0
0
5
0
0
0
0
0
0
0
31
0
0
0
22
0
1
0
9
0
15
0
6
0
0
0
0
0
7
0
18
0
12
0
20
0
0
0
0
0
12
0
4
0
8
0
12
0
13
0
0
0
0
0
26
0
10
0
1
0
0
0
11
0
24
0
0
0
0
0
0
0
0
0
18
0
6
0
0
0
14
0
0
0
0
0
32
0
12
0
7
0
408
0
18
0
0
0
0
0
0
0
0
0
12
0
0
0
0
0
0
0
19
0
14
0
0
0
0
0
10
0
29
0
0
0
