0
10
0
25
0
26
0
22
0
30
0
34
0
31
0
55
0
19
0
6
0
48
0
20
0
26
0
32
0
22
0
33
0
42
0
24
0
32
0
37
0
29
0
25
0
11
0
21
0
29
0
18
0
19
0
19
0
19
0
25
0
37
0
12
0
34
0
18
0
24
0
28
0
36
0
37
0
2
0
16
0
30
0
13
0
30
0
20
0
23
0
20
0
10
0
36
0
17
0
14
0
16
0
26
0
14
0
28
0
28
0
18
0
29
0
25
0
24
0
33
0
32
0
15
0
13
0
9
0
15
0
19
0
23
0
23
0
26
0
26
0
29
0
19
0
39
0
24
0
9
0
31
0
26
0
30
0
23
0
24
0
24
0
6
0
21
0
14
0
17
0
17
0
39
0
15
0
23
0
26
0
6
0
14
0
23
0
25
0
14
0
16
0
12
0
20
0
24
0
30
0
23
0
25
0
30
0
18
0
13
0
16
0
15
0
5
0
28
0
30
0
39
0
26
0
31
0
23
0
23
0
24
0
25
0
24
0
35
0
57
0
21
0
25
0
15
0
25
0
20
0
6
0
40
0
15
0
16
0
17
0
24
0
8
0
18
0
13
0
21
0
14
0
10
0
12
0
10
0
33
0
16
0
51
0
19
0
15
0
14
0
32
0
24
0
30
0
8
0
12
0
31
0
42
0
25
0
7
0
25
0
6
0
15
0
22
0
25
0
23
0
13
0
9
0
12
0
24
0
12
0
15
0
30
0
37
0
17
0
11
0
29
0
17
0
19
0
15
0
13
0
25
0
18
0
10
0
32
0
18
0
20
0
30
0
9
0
21
0
12
0
18
0
19
0
29
0
29
0
11
0
21
0
26
0
19
0
32
0
28
0
45
0
27
0
33
0
1
0
28
0
17
0
35
0
25
0
19
0
26
0
12
0
24
0
16
0
32
0
21
0
23
0
16
0
28
0
12
0
14
0
36
0
27
0
15
0
18
0
26
0
12
0
24
0
19
0
8
0
36
0
35
0
24
0
27
0
24
0
30
0
42
0
27
0
19
0
20
0
6
0
34
0
12
0
20
0
11
0
23
0
21
0
16
0
26
0
27
0
25
0
22
0
16
0
24
0
48
0
3
0
20
0
27
0
33
0
10
0
22
0
11
0
11
0
18
0
31
0
29
0
13
0
22
0
25
0
9
0
7
0
28
0
7
0
25
0
19
0
26
0
27
0
13
0
19
0
28
0
41
0
19
0
28
0
20
0
23
0
17
0
12
0
18
0
11
0
10
0
31
0
11
0
14
0
32
0
37
0
12
0
18
0
35
0
11
0
28
0
17
0
30
0
21
0
16
0
13
0
12
0
12
0
24
0
11
0
14
0
9
0
15
0
13
0
14
0
19
0
13
0
53
0
23
0
35
0
29
0
50
0
33
0
13
0
21
0
12
0
18
0
13
0
22
0
25
0
23
0
17
0
15
0
51
0
32
0
38
0
24
0
35
0
19
0
34
0
18
0
9
0
25
0
31
0
35
0
36
0
13
0
26
0
6
0
33
0
17
0
32
0
27
0
14
0
14
0
22
0
31
0
53
0
15
0
32
0
13
0
29
0
18
0
18
0
17
0
14
0
36
0
18
0
31
0
15
0
28
0
36
0
25
0
20
0
25
0
22
0
19
0
16
0
36
0
33
0
7
0
23
0
16
0
25
0
10
0
31
0
18
0
34
0
22
0
52
0
22
0
30
0
13
0
23
0
16
0
7
0
23
0
28
0
15
0
16
0
28
0
17
0
28
0
18
0
17
0
6
0
20
0
25
0
15
0
31
0
22
0
18
0
23
0
21
0
31
0
35
0
37
0
29
0
19
0
33
0
13
0
44
0
22
0
18
0
13
0
40
0
12
0
5
0
13
0
22
0
39
0
43
0
8
0
4
0
43
0
25
0
29
0
28
0
14
0
3
0
17
0
14
0
21
0
22
0
21
0
40
0
24
0
18
0
37
0
25
0
6
0
39
0
19
0
18
0
4
0
26
0
29
0
29
0
24
0
14
0
12
0
17
0
12
0
27
0
42
0
18
0
15
0
18
0
22
0
20
0
40
0
0
0
18
0
23
0
16
0
13
0
32
0
21
0
23
0
17
0
21
0
14
0
7
0
20
0
30
0
16
0
37
0
30
0
21
0
58
0
106
0
52
0
13
0
29
0
26
0
10
0
19
0
17
0
18
0
19
0
14
0
9
0
33
0
5
0
27
0
17
0
13
0
