0
23
0
1
0
4
0
0
0
14
0
0
0
0
0
0
0
0
0
0
0
9
0
0
0
11
0
1
0
10
0
10
0
16
0
0
0
0
0
11
0
0
0
11
0
0
0
0
0
0
0
17
0
11
0
7
0
4
0
0
0
0
0
3
0
0
0
0
0
0
0
0
0
45
0
37
0
0
0
0
0
0
0
0
0
6
0
0
0
16
0
0
0
0
0
0
0
3
0
4
0
0
0
14
0
0
0
27
0
0
0
0
0
0
0
0
0
0
0
0
0
5
0
0
0
15
0
37
0
15
0
29
0
5
0
28
0
24
0
0
0
5
0
23
0
18
0
0
0
0
0
6
0
0
0
0
0
0
0
28
0
0
0
0
0
0
0
12
0
8
0
21
0
15
0
0
0
0
0
21
0
1
0
0
0
0
0
10
0
10
0
5
0
2
0
27
0
8
0
0
0
17
0
0
0
0
0
9
0
14
0
0
0
0
0
0
0
0
0
0
0
0
0
0
0
0
0
0
0
0
0
0
0
15
0
0
0
17
0
16
0
48
0
0
0
0
0
0
0
0
0
0
0
8
0
8
0
20
0
23
0
0
0
0
0
0
0
0
0
0
0
7
0
5
0
4
0
0
0
18
0
9
0
0
0
0
0
15
0
0
0
10
0
3
0
16
0
17
0
0
0
0
0
0
0
0
0
18
0
0
0
0
0
0
0
0
0
1
0
14
0
0
0
7
0
0
0
0
0
8
0
0
0
19
0
0
0
0
0
0
0
0
0
16
0
0
0
0
0
8
0
0
0
11
0
0
0
7
0
0
0
40
0
0
0
27
0
0
0
0
0
11
0
18
0
11
0
6
0
16
0
7
0
15
0
2
0
32
0
990
948
994
752
995
850
996
942
998
906
771
372
610
133
408
15
383
0
304
0
270
0
220
0
0
0
0
0
0
0
6
0
309
0
0
0
44
0
120
0
164
0
147
0
0
0
31
0
7
0
10
0
2
0
18
0
7
0
12
0
0
0
0
0
7
0
0
0
8
0
24
0
0
0
0
0
12
0
11
0
0
0
13
0
13
0
0
0
0
0
5
0
0
0
0
0
0
0
0
0
0
0
10
0
7
0
1
0
0
0
0
0
0
0
17
0
25
0
0
0
0
0
0
0
0
0
3
0
12
0
0
0
0
0
34
0
1
0
19
0
10
0
0
0
42
0
5
0
17
0
14
0
0
0
11
0
0
0
0
0
0
0
10
0
0
0
0
0
7
0
7
0
6
0
0
0
0
0
0
0
3
0
8
0
16
0
0
0
0
0
0
0
0
0
1
0
0
0
4
0
0
0
0
0
16
0
0
0
0
0
9
0
0
0
21
0
18
0
0
0
14
0
10
0
12
0
13
0
0
0
18
0
0
0
4
0
6
0
0
0
6
0
28
0
0
0
0
0
14
0
1
0
0
0
0
0
0
0
2
0
31
0
9
0
9
0
0
0
0
0
0
0
15
0
18
0
0
0
0
0
0
0
15
0
10
0
0
0
0
0
0
0
0
0
27
0
0
0
0
0
0
0
0
0
6
0
0
0
0
0
0
0
1
0
0
0
2
0
1
0
12
0
8
0
0
0
0
0
0
0
4
0
26
0
15
0
15
0
0
0
26
0
33
0
0
0
0
0
2
0
0
0
38
0
0
0
16
0
7
0
12
0
34
0
0
0
0
0
0
0
0
0
0
0
0
0
0
0
14
0
0
0
0
0
2
0
0
0
33
0
0
0
12
0
0
0
27
0
0
0
0
0
0
0
15
0
0
0
0
0
18
0
0
0
0
0
15
0
14
0
0
0
0
0
22
0
0
0
4
0
2
0
0
0
11
0
11
0
5
0
21
0
6
0
14
0
23
0
0
0
0
0
11
0
0
0
35
0
9
0
0
0
3
0
0
0
0
0
8
0
2
0
1
0
0
0
0
0
22
0
0
0
0
0
0
0
9
0
12
0
0
0
0
0
16
0
12
0
0
0
28
0
3
0
0
0
7
0
20
0
8
0
45
0
2
0
0
0
5
0
2
0
25
0
2
0
0
0
2
0
0
0
4
0
0
0
0
0
0
0
0
0
27
0
0
0
6
0
7
0
0
0
0
0
12
0
0
0
4
0
15
0
21
0
0
0
0
0
0
0
0
0
0
0
0
0
0
0
349
0
0
0
8
0
0
0
5
0
5
0
26
0
0
0
30
0
8
0
12
0
0
0
8
0
0
0
0
0
0
0
15
0
