0
21
0
14
0
5
0
0
0
11
0
0
0
0
0
22
0
14
0
20
0
0
0
0
0
0
0
3
0
22
0
0
0
0
0
0
0
0
0
21
0
1
0
0
0
0
0
0
0
0
0
6
0
0
0
0
0
18
0
0
0
0
0
18
0
6
0
0
0
1
0
0
0
12
0
10
0
14
0
0
0
31
0
15
0
0
0
10
0
20
0
28
0
7
0
18
0
10
0
10
0
9
0
1
0
0
0
8
0
0
0
8
0
0
0
20
0
15
0
2
0
18
0
0
0
8
0
0
0
14
0
0
0
8
0
0
0
0
0
0
0
8
0
0
0
7
0
0
0
0
0
8
0
0
0
0
0
0
0
16
0
0
0
18
0
0
0
17
0
4
0
0
0
0
0
12
0
3
0
2
0
0
0
0
0
0
0
16
0
1
0
3
0
8
0
17
0
5
0
0
0
5
0
0
0
0
0
0
0
1
0
4
0
0
0
0
0
0
0
11
0
0
0
18
0
33
0
2
0
18
0
0
0
2
0
0
0
1
0
1
0
0
0
17
0
1
0
0
0
17
0
0
0
0
0
5
0
0
0
0
0
0
0
0
0
22
0
0
0
2
0
22
0
0
0
0
0
0
0
13
0
0
0
0
0
9
0
0
0
0
0
6
0
22
0
0
0
6
0
10
0
0
0
0
0
0
0
0
0
5
0
0
0
3
0
0
0
2
0
14
0
0
0
14
0
11
0
14
0
0
0
9
0
31
0
0
0
0
0
1
0
0
0
1
0
0
0
0
0
20
0
0
0
1
0
0
0
6
0
5
0
9
0
6
0
0
0
17
0
14
0
0
0
0
0
36
0
0
0
0
0
0
0
0
0
1
0
0
0
0
0
0
0
28
0
0
0
0
0
7
0
0
0
4
0
0
0
0
0
21
0
0
0
0
0
15
0
0
0
0
0
3
0
33
0
2
0
16
0
2
0
6
0
0
0
0
0
0
0
0
0
0
0
0
0
0
0
0
0
4
0
0
0
13
0
4
0
57
0
0
0
16
0
9
0
8
0
4
0
0
0
0
0
0
0
10
0
0
0
6
0
0
0
20
0
12
0
308
52
345
107
433
218
446
254
526
69
405
283
646
570
822
767
940
895
999
924
1000
335
810
0
330
0
219
0
146
0
117
0
83
0
417
97
378
0
228
0
82
0
67
0
45
0
52
0
35
0
32
0
48
0
14
0
5
0
35
0
0
0
39
0
26
0
12
0
36
0
0
0
22
0
3
0
0
0
0
0
0
0
0
0
0
0
4
0
29
0
74
0
88
0
251
195
282
88
238
0
35
0
33
0
61
0
24
0
4
0
17
0
10
0
0
0
0
0
33
0
0
0
15
0
9
0
0
0
0
0
0
0
1
0
0
0
0
0
0
0
0
0
2
0
5
0
0
0
0
0
0
0
0
0
1
0
0
0
19
0
16
0
21
0
0
0
26
0
10
0
0
0
1
0
7
0
0
0
2
0
0
0
0
0
0
0
12
0
0
0
0
0
0
0
0
0
0
0
0
0
0
0
0
0
0
0
0
0
32
0
5
0
0
0
24
0
31
0
0
0
0
0
0
0
15
0
1
0
43
0
0
0
0
0
10
0
0
0
0
0
0
0
0
0
7
0
2
0
10
0
0
0
27
0
0
0
0
0
7
0
0
0
0
0
0
0
7
0
0
0
23
0
30
0
49
0
17
0
0
0
19
0
21
0
10
0
0
0
0
0
8
0
0
0
0
0
8
0
0
0
0
0
0
0
13
0
0
0
0
0
0
0
0
0
0
0
0
0
0
0
0
0
9
0
16
0
0
0
0
0
0
0
14
0
0
0
20
0
8
0
6
0
0
0
6
0
0
0
4
0
19
0
0
0
0
0
20
0
0
0
0
0
28
0
0
0
12
0
0
0
0
0
0
0
0
0
0
0
0
0
12
0
0
0
0
0
0
0
9
0
0
0
0
0
0
0
1
0
0
0
29
0
10
0
6
0
34
0
32
0
0
0
6
0
0
0
7
0
0
0
0
0
0
0
0
0
5
0
2
0
6
0
14
0
0
0
0
0
0
0
9
0
14
0
0
0
0
0
31
0
22
0
4
0
0
0
0
0
0
0
3
0
15
0
0
0
26
0
16
0
0
0
33
0
4
0
0
0
102
0
253
0
22
0
34
0
8
0
0
0
26
0
11
0
2
0
1
0
20
0
0
0
3
0
6
0
2
0
33
0
0
0
0
0
