0
5
0
2
0
0
0
0
0
0
0
6
0
8
0
3
0
10
0
11
0
0
0
34
0
0
0
0
0
0
0
1
0
3
0
0
0
11
0
0
0
11
0
0
0
10
0
0
0
0
0
0
0
0
0
0
0
0
0
0
0
0
0
6
0
39
0
0
0
0
0
0
0
0
0
0
0
0
0
20
0
0
0
0
0
6
0
0
0
5
0
24
0
51
0
0
0
7
0
14
0
6
0
10
0
0
0
12
0
3
0
5
0
16
0
5
0
0
0
0
0
46
0
54
0
312
0
84
0
19
0
4
0
2
0
0
0
0
0
0
0
15
0
0
0
0
0
6
0
0
0
0
0
0
0
3
0
30
0
0
0
0
0
6
0
0
0
0
0
0
0
1
0
0
0
18
0
0
0
11
0
8
0
0
0
5
0
6
0
2
0
4
0
0
0
13
0
0
0
0
0
21
0
22
0
15
0
24
0
0
0
9
0
0
0
0
0
24
0
0
0
0
0
26
0
0
0
6
0
24
0
0
0
0
0
2
0
23
0
0
0
9
0
22
0
0
0
0
0
0
0
4
0
29
0
4
0
23
0
0
0
25
0
0
0
0
0
5
0
0
0
0
0
20
0
7
0
0
0
0
0
0
0
0
0
14
0
18
0
0
0
0
0
0
0
3
0
0
0
0
0
12
0
0
0
18
0
11
0
13
0
0
0
4
0
0
0
2
0
45
0
18
0
0
0
0
0
0
0
9
0
0
0
10
0
5
0
34
0
14
0
0
0
0
0
0
0
0
0
15
0
2
0
0
0
3
0
0
0
0
0
0
0
0
0
0
0
0
0
26
0
0
0
10
0
0
0
0
0
0
0
15
0
0
0
0
0
2
0
0
0
0
0
0
0
13
0
17
0
0
0
40
0
0
0
0
0
15
0
3
0
14
0
0
0
19
0
17
0
6
0
5
0
0
0
2
0
0
0
15
0
0
0
0
0
0
0
20
0
0
0
1
0
9
0
16
0
23
0
18
0
0
0
4
0
11
0
23
0
0
0
6
0
0
0
10
0
0
0
0
0
3
0
0
0
0
0
0
0
22
0
5
0
0
0
0
0
0
0
0
0
0
0
0
0
0
0
0
0
9
0
0
0
2
0
0
0
0
0
2
0
0
0
5
0
0
0
0
0
6
0
0
0
0
0
0
0
0
0
0
0
0
0
8
0
0
0
0
0
0
0
13
0
18
0
0
0
14
0
0
0
4
0
3
0
18
0
21
0
0
0
0
0
0
0
0
0
0
0
0
0
0
0
0
0
0
0
0
0
25
0
4
0
0
0
43
0
9
0
5
0
4
0
0
0
10
0
0
0
0
0
3
0
22
0
24
0
0
0
0
0
0
0
33
0
8
0
6
0
0
0
0
0
15
0
0
0
0
0
5
0
9
0
0
0
22
0
0
0
6
0
0
0
0
0
11
0
30
0
0
0
0
0
0
0
14
0
29
0
5
0
0
0
0
0
0
0
5
0
3
0
0
0
16
0
14
0
12
0
0
0
25
0
0
0
6
0
0
0
4
0
26
0
0
0
0
0
3
0
0
0
0
0
0
0
21
0
6
0
15
0
0
0
18
0
0
0
24
0
47
0
9
0
0
0
0
0
0
0
0
0
21
0
22
0
12
0
0
0
0
0
0
0
9
0
1
0
11
0
23
0
0
0
6
0
0
0
6
0
13
0
0
0
0
0
0
0
0
0
18
0
0
0
0
0
0
0
0
0
15
0
2
0
0
0
32
0
15
0
2
0
0
0
30
0
0
0
16
0
4
0
0
0
11
0
0
0
9
0
0
0
0
0
0
0
23
0
0
0
32
0
13
0
8
0
0
0
6
0
0
0
6
0
0
0
10
0
0
0
5
0
0
0
0
0
0
0
11
0
17
0
0
0
12
0
1
0
0
0
5
0
7
0
0
0
18
0
0
0
19
0
0
0
25
0
4
0
0
0
24
0
0
0
0
0
32
0
0
0
0
0
6
0
0
0
0
0
0
0
19
0
45
0
0
0
13
0
4
0
0
0
1
0
0
0
0
0
1
0
12
0
0
0
0
0
8
0
1
0
0
0
32
0
34
0
12
0
7
0
0
0
12
0
21
0
33
0
5
0
4
0
6
0
0
0
0
0
17
0
0
0
40
0
17
0
135
0
315
0
0
0
5
0
0
0
0
0
2
0
21
0
0
0
0
0
0
0
0
0
0
0
14
0
2
0
5
0
0
0
0
0
