3338
0
0
0
0
0
0
0
4
0
0
0
0
0
0
0
54
0
12
0
0
0
0
0
49
0
14
0
9
0
11
0
0
0
9
0
0
0
13
0
0
0
0
0
11
0
0
0
24
0
0
0
0
0
0
0
2
0
5
0
0
0
0
0
12
0
0
0
16
0
14
0
0
0
0
0
0
0
0
0
12
0
0
0
0
0
0
0
17
0
0
0
8
0
0
0
0
0
0
0
0
0
0
0
0
0
0
0
0
0
0
0
27
0
0
0
0
0
0
0
0
0
4
0
14
0
4
0
0
0
0
0
5
0
0
0
0
0
0
0
0
0
22
0
0
0
1
0
0
0
0
0
0
0
0
0
17
0
25
0
17
0
8
0
0
0
7
0
37
0
7
0
0
0
0
0
20
0
0
0
0
0
0
0
0
0
12
0
55
0
30
0
18
0
0
0
6
0
3
0
5
0
9
0
1
0
23
0
14
0
0
0
16
0
0
0
16
0
0
0
1
0
16
0
14
0
0
0
0
0
0
0
0
0
0
0
0
0
0
0
0
0
0
0
39
0
0
0
0
0
34
0
0
0
15
0
12
0
0
0
4
0
0
0
0
0
0
0
5
0
0
0
0
0
11
0
10
0
17
0
0
0
3
0
4
0
26
0
1
0
0
0
17
0
36
0
0
0
26
0
36
0
11
0
0
0
0
0
0
0
24
0
0
0
9
0
0
0
16
0
0
0
1
0
0
0
0
0
34
0
0
0
11
0
1
0
1
0
6
0
1
0
0
0
2
0
3
0
9
0
14
0
3
0
2
0
2
0
2
0
0
0
0
0
0
0
2
0
0
0
8
0
0
0
0
0
0
0
0
0
0
0
0
0
6
0
0
0
16
0
3
0
0
0
0
0
0
0
19
0
0
0
2
0
11
0
22
0
7
0
8
0
227
0
10
0
2
0
10
0
143
0
154
0
196
0
194
0
165
0
276
0
334
0
368
77
402
86
385
148
430
331
626
554
988
952
1023
971
828
0
622
0
26
0
6
0
0
0
5
0
6
0
0
0
0
0
2
0
10
0
7
0
25
0
12
0
0
0
2
0
7
0
27
0
0
0
14
0
0
0
0
0
27
0
0
0
26
0
20
0
9
0
8
0
35
0
0
0
5
0
0
0
0
0
0
0
37
0
8
0
12
0
11
0
0
0
0
0
0
0
13
0
14
0
9
0
0
0
0
0
1
0
19
0
0
0
0
0
3
0
0
0
4
0
0
0
3
0
8
0
47
0
0
0
0
0
16
0
29
0
0
0
16
0
26
0
12
0
11
0
18
0
3
0
0
0
0
0
0
0
0
0
0
0
6
0
9
0
2
0
8
0
3
0
0
0
19
0
0
0
11
0
0
0
0
0
0
0
0
0
0
0
0
0
26
0
6
0
10
0
17
0
12
0
24
0
4
0
3
0
0
0
0
0
3
0
0
0
0
0
0
0
0
0
0
0
0
0
15
0
7
0
0
0
9
0
0
0
6
0
0
0
0
0
0
0
4
0
0
0
3
0
5
0
0
0
0
0
11
0
0
0
13
0
0
0
10
0
13
0
14
0
4
0
42
0
0
0
8
0
12
0
11
0
0
0
2
0
0
0
0
0
0
0
0
0
6
0
0
0
0
0
0
0
7
0
0
0
14
0
2
0
0
0
0
0
0
0
37
0
38
0
11
0
0
0
0
0
0
0
12
0
2
0
10
0
0
0
0
0
0
0
0
0
0
0
9
0
10
0
4
0
1
0
0
0
0
0
9
0
23
0
17
0
0
0
0
0
0
0
0
0
0
0
4
0
21
0
13
0
10
0
0
0
3
0
0
0
24
0
0
0
0
0
17
0
0
0
15
0
0
0
14
0
0
0
0
0
3
0
0
0
0
0
0
0
0
0
0
0
0
0
0
0
21
0
0
0
0
0
0
0
2
0
0
0
0
0
0
0
14
0
0
0
12
0
0
0
9
0
0
0
0
0
0
0
7
0
36
0
0
0
11
0
13
0
0
0
0
0
6
0
12
0
2
0
10
0
3
0
16
0
0
0
0
0
13
0
10
0
0
0
0
0
12
0
17
0
0
0
1
0
16
0
13
0
0
0
13
0
0
0
19
0
0
0
8
0
23
0
0
0
0
0
0
0
0
0
11
0
7
0
25
0
1
0
0
0
232
0
0
0
0
0
21
0
16
0
10
0
13
0
1
0
0
0
0
0
0
0
15
0
0
0
0
0
0
0
20
0
6
