0
7
0
26
0
6
0
24
0
28
0
16
0
19
0
24
0
17
0
39
0
6
0
31
0
28
0
20
0
10
0
30
0
32
0
20
0
18
0
22
0
19
0
31
0
20
0
16
0
20
0
24
0
28
0
30
0
41
0
22
0
10
0
38
0
22
0
40
0
29
0
22
0
13
0
16
0
14
0
40
0
10
0
22
0
22
0
33
0
30
0
45
0
20
0
41
0
15
0
23
0
25
0
38
0
14
0
28
0
12
0
35
0
31
0
15
0
14
0
12
0
25
0
21
0
28
0
23
0
22
0
22
0
11
0
16
0
22
0
16
0
23
0
18
0
14
0
28
0
26
0
18
0
22
0
22
0
6
0
20
0
29
0
46
0
15
0
46
0
13
0
10
0
26
0
21
0
35
0
14
0
16
0
20
0
20
0
11
0
20
0
7
0
31
0
27
0
36
0
25
0
20
0
12
0
14
0
18
0
8
0
31
0
24
0
39
0
38
0
19
0
9
0
38
0
17
0
8
0
27
0
26
0
20
0
38
0
8
0
37
0
22
0
25
0
25
0
31
0
15
0
13
0
12
0
40
0
15
0
16
0
21
0
13
0
14
0
21
0
31
0
14
0
23
0
23
0
18
0
43
0
42
0
13
0
31
0
15
0
27
0
15
0
31
0
18
0
37
0
6
0
27
0
26
0
28
0
31
0
38
0
11
0
19
0
29
0
18
0
14
0
22
0
18
0
30
0
18
0
8
0
29
0
26
0
49
0
26
0
27
0
29
0
34
0
29
0
11
0
27
0
24
0
15
0
33
0
5
0
35
0
21
0
24
0
15
0
19
0
19
0
12
0
48
0
20
0
16
0
30
0
23
0
40
0
12
0
17
0
21
0
27
0
7
0
17
0
22
0
41
0
30
0
28
0
34
0
28
0
38
0
29
0
6
0
18
0
24
0
23
0
36
0
26
0
11
0
39
0
16
0
51
0
4
0
17
0
15
0
29
0
23
0
34
0
16
0
15
0
22
0
29
0
18
0
20
0
15
0
11
0
14
0
21
0
11
0
14
0
26
0
6
0
33
0
17
0
15
0
11
0
22
0
45
0
36
0
29
0
14
0
7
0
29
0
34
0
23
0
12
0
4
0
30
0
20
0
19
0
45
0
26
0
14
0
22
0
33
0
25
0
17
0
25
0
25
0
15
0
17
0
42
0
13
0
24
0
25
0
23
0
27
0
29
0
33
0
15
0
38
0
21
0
21
0
35
0
30
0
35
0
17
0
30
0
31
0
30
0
21
0
9
0
15
0
10
0
31
0
15
0
38
0
15
0
18
0
13
0
14
0
13
0
8
0
28
0
19
0
23
0
34
0
25
0
21
0
36
0
39
0
7
0
22
0
21
0
13
0
18
0
22
0
14
0
31
0
36
0
23
0
19
0
41
0
13
0
6
0
36
0
119
0
16
0
30
0
39
0
13
0
37
0
25
0
22
0
19
0
12
0
18
0
16
0
16
0
10
0
18
0
30
0
21
0
9
0
18
0
30
0
14
0
29
0
19
0
25
0
28
0
255
0
22
0
35
0
28
0
19
0
32
0
20
0
18
0
18
0
16
0
27
0
33
0
17
0
14
0
24
0
27
0
40
0
6
0
15
0
19
0
18
0
23
0
40
0
24
0
12
0
22
0
117
0
47
0
13
0
43
0
12
0
10
0
23
0
23
0
12
0
9
0
14
0
27
0
9
0
35
0
18
0
23
0
7
0
17
0
10
0
17
0
11
0
21
0
21
0
237
0
9
0
23
0
168
0
18
0
38
0
9
0
6
0
15
0
33
0
19
0
27
0
15
0
16
0
12
0
45
0
8
0
16
0
22
0
15
0
32
0
17
0
10
0
24
0
36
0
33
0
21
0
26
0
12
0
29
0
17
0
26
0
2
0
6
0
30
0
17
0
10
0
34
0
18
0
42
0
36
0
15
0
9
0
24
0
18
0
26
0
3
0
13
0
23
0
23
0
34
0
9
0
15
0
24
0
18
0
16
0
18
0
32
0
19
0
35
0
37
0
12
0
15
0
20
0
21
0
25
0
21
0
40
0
16
0
23
0
35
0
97
0
262
0
118
0
27
0
39
0
38
0
15
0
19
0
22
0
14
0
38
0
16
0
14
0
18
0
26
0
16
0
19
0
200
0
239
0
26
0
36
0
20
0
13
0
11
0
25
0
17
0
17
0
34
0
4
0
29
0
33
0
21
0
18
0
26
0
13
0
