0
27
0
28
0
16
0
16
0
15
0
7
0
7
0
21
0
18
0
14
0
20
0
18
0
28
0
22
0
26
0
15
0
11
0
20
0
7
0
15
0
2
0
16
0
22
0
33
0
5
0
37
0
9
0
9
0
27
0
19
0
3
0
25
0
26
0
19
0
13
0
16
0
8
0
27
0
24
0
27
0
23
0
20
0
35
0
32
0
23
0
17
0
30
0
20
0
41
0
75
0
33
0
13
0
274
0
43
0
13
0
16
0
17
0
34
0
19
0
14
0
35
0
29
0
23
0
7
0
21
0
12
0
29
0
6
0
43
0
27
0
28
0
29
0
25
0
18
0
7
0
15
0
11
0
26
0
19
0
24
0
10
0
6
0
26
0
11
0
11
0
16
0
39
0
26
0
36
0
33
0
33
0
24
0
18
0
12
0
14
0
19
0
25
0
30
0
31
0
0
0
39
0
20
0
27
0
27
0
29
0
4
0
18
0
14
0
20
0
14
0
33
0
25
0
20
0
23
0
24
0
13
0
26
0
16
0
0
0
13
0
10
0
14
0
19
0
16
0
18
0
8
0
58
0
42
0
26
0
10
0
18
0
19
0
8
0
28
0
28
0
22
0
5
0
20
0
34
0
24
0
19
0
17
0
18
0
24
0
28
0
11
0
8
0
12
0
21
0
12
0
19
0
38
0
16
0
19
0
11
0
10
0
20
0
16
0
15
0
25
0
22
0
5
0
37
0
30
0
21
0
23
0
18
0
41
0
16
0
23
0
29
0
48
0
15
0
37
0
24
0
6
0
3
0
17
0
26
0
16
0
12
0
11
0
19
0
27
0
26
0
35
0
29
0
32
0
16
0
26
0
19
0
19
0
43
0
24
0
4
0
34
0
37
0
21
0
29
0
10
0
18
0
20
0
32
0
31
0
22
0
12
0
22
0
17
0
15
0
18
0
16
0
19
0
63
0
49
0
26
0
15
0
37
0
6
0
11
0
21
0
11
0
20
0
12
0
10
0
7
0
38
0
26
0
18
0
44
0
19
0
26
0
28
0
9
0
36
0
19
0
26
0
37
0
16
0
32
0
24
0
0
0
42
0
23
0
15
0
32
0
31
0
55
0
33
0
14
0
9
0
19
0
18
0
14
0
38
0
15
0
22
0
20
0
25
0
18
0
21
0
3
0
17
0
22
0
17
0
19
0
22
0
27
0
22
0
5
0
24
0
23
0
27
0
38
0
20
0
17
0
40
0
33
0
10
0
30
0
27
0
6
0
5
0
18
0
54
0
26
0
28
0
36
0
27
0
33
0
22
0
11
0
20
0
40
0
36
0
13
0
33
0
16
0
37
0
21
0
34
0
15
0
17
0
18
0
25
0
4
0
32
0
24
0
22
0
30
0
27
0
43
0
27
0
17
0
13
0
21
0
11
0
9
0
13
0
10
0
34
0
22
0
19
0
26
0
11
0
14
0
15
0
14
0
13
0
24
0
13
0
21
0
21
0
13
0
21
0
26
0
30
0
12
0
12
0
18
0
32
0
24
0
23
0
10
0
15
0
29
0
3
0
5
0
5
0
21
0
43
0
35
0
14
0
11
0
30
0
16
0
0
0
15
0
24
0
24
0
16
0
17
0
16
0
25
0
54
0
26
0
20
0
17
0
16
0
32
0
17
0
21
0
23
0
25
0
43
0
40
0
25
0
31
0
23
0
11
0
23
0
29
0
19
0
12
0
13
0
19
0
19
0
14
0
25
0
20
0
27
0
30
0
31
0
20
0
12
0
40
0
4
0
46
0
22
0
14
0
22
0
15
0
20
0
46
0
24
0
19
0
11
0
21
0
20
0
16
0
23
0
15
0
12
0
12
0
32
0
24
0
27
0
25
0
19
0
27
0
12
0
16
0
19
0
16
0
17
0
15
0
40
0
21
0
11
0
13
0
3
0
3
0
25
0
31
0
29
0
23
0
22
0
13
0
18
0
27
0
20
0
28
0
33
0
23
0
31
0
10
0
9
0
57
0
38
0
28
0
23
0
7
0
23
0
19
0
24
0
19
0
11
0
19
0
13
0
37
0
26
0
17
0
8
0
23
0
13
0
10
0
19
0
20
0
13
0
34
0
21
0
8
0
16
0
25
0
23
0
4
0
9
0
22
0
15
0
5
0
24
0
25
0
16
0
13
0
361
0
16
0
8
0
16
0
36
0
19
0
20
0
10
0
9
0
14
0
17
0
15
0
27
0
29
0
18
0
24
0
30
0
