0
0
0
0
0
8
0
9
0
23
0
0
0
0
0
0
0
15
0
6
0
6
0
36
0
0
0
31
0
6
0
12
0
6
0
0
0
0
0
0
0
0
0
0
0
11
0
38
0
9
0
0
0
0
0
24
0
14
0
0
0
23
0
0
0
0
0
17
0
0
0
21
0
0
0
1
0
28
0
10
0
0
0
0
0
0
0
0
0
9
0
18
0
0
0
14
0
0
0
0
0
26
0
0
0
0
0
0
0
0
0
7
0
14
0
0
0
0
0
19
0
7
0
12
0
4
0
17
0
17
0
9
0
0
0
8
0
44
0
29
0
0
0
0
0
0
0
0
0
0
0
8
0
0
0
39
0
0
0
11
0
0
0
0
0
0
0
26
0
0
0
0
0
17
0
0
0
7
0
0
0
0
0
16
0
0
0
14
0
5
0
1
0
0
0
3
0
0
0
8
0
0
0
0
0
27
0
15
0
11
0
0
0
0
0
15
0
0
0
0
0
0
0
1
0
13
0
0
0
0
0
0
0
21
0
3
0
0
0
2
0
20
0
12
0
15
0
0
0
7
0
7
0
17
0
0
0
0
0
4
0
0
0
0
0
0
0
0
0
2
0
21
0
0
0
17
0
23
0
0
0
0
0
7
0
0
0
19
0
0
0
0
0
62
0
85
0
120
0
180
0
805
739
1018
0
961
0
30
0
376
0
297
0
273
0
230
0
116
0
0
0
5
0
0
0
0
0
24
0
11
0
28
0
17
0
0
0
0
0
6
0
0
0
0
0
1
0
0
0
0
0
0
0
2
0
3
0
0
0
4
0
10
0
22
0
23
0
0
0
5
0
1
0
0
0
0
0
0
0
0
0
0
0
30
0
9
0
1
0
7
0
0
0
0
0
8
0
0
0
12
0
0
0
5
0
48
0
0
0
0
0
5
0
0
0
2
0
27
0
0
0
11
0
0
0
0
0
11
0
5
0
23
0
0
0
0
0
1
0
1
0
10
0
19
0
0
0
7
0
6
0
0
0
0
0
4
0
0
0
0
0
0
0
12
0
14
0
0
0
24
0
0
0
13
0
0
0
21
0
18
0
0
0
0
0
4
0
0
0
1
0
0
0
0
0
0
0
11
0
11
0
0
0
0
0
0
0
0
0
6
0
0
0
0
0
14
0
0
0
38
0
0
0
7
0
37
0
0
0
0
0
3
0
0
0
0
0
18
0
0
0
14
0
0
0
19
0
7
0
0
0
0
0
0
0
6
0
0
0
0
0
0
0
0
0
0
0
0
0
0
0
0
0
23
0
33
0
0
0
0
0
0
0
52
0
6
0
16
0
0
0
0
0
12
0
0
0
32
0
4
0
0
0
6
0
0
0
11
0
0
0
0
0
0
0
0
0
0
0
4
0
0
0
0
0
4
0
4
0
45
0
0
0
15
0
2
0
0
0
0
0
10
0
2
0
20
0
0
0
0
0
0
0
0
0
8
0
12
0
2
0
0
0
31
0
0
0
0
0
13
0
0
0
2
0
0
0
16
0
0
0
0
0
0
0
0
0
0
0
1
0
0
0
0
0
2
0
0
0
0
0
4
0
0
0
0
0
0
0
0
0
0
0
40
0
0
0
6
0
0
0
0
0
1
0
0
0
6
0
0
0
21
0
17
0
13
0
0
0
0
0
7
0
5
0
3
0
12
0
0
0
3
0
23
0
0
0
22
0
13
0
0
0
14
0
2
0
0
0
0
0
0
0
5
0
0
0
0
0
8
0
0
0
0
0
0
0
0
0
20
0
5
0
4
0
15
0
19
0
13
0
0
0
0
0
0
0
0
0
7
0
29
0
13
0
0
0
0
0
0
0
22
0
13
0
0
0
39
0
0
0
0
0
10
0
2
0
0
0
2
0
12
0
0
0
0
0
3
0
26
0
0
0
8
0
0
0
5
0
29
0
0
0
0
0
12
0
0
0
0
0
6
0
6
0
0
0
0
0
21
0
0
0
2
0
0
0
5
0
0
0
0
0
18
0
0
0
0
0
26
0
0
0
12
0
1
0
0
0
0
0
0
0
0
0
5
0
0
0
27
0
7
0
0
0
13
0
55
0
43
0
29
0
16
0
23
0
13
0
2
0
6
0
0
0
0
0
3
0
6
0
5
0
0
0
0
0
1
0
0
0
1
0
25
0
16
0
330
0
2
0
0
0
0
0
4
0
0
0
0
0
4
0
0
0
0
0
0
0
0
0
3
0
14
0
5
0
3
0
0
0
