3338
0
11
0
0
0
7
0
0
0
0
0
0
0
0
0
0
0
8
0
0
0
21
0
24
0
24
0
0
0
2
0
0
0
0
0
0
0
16
0
6
0
0
0
12
0
9
0
2
0
0
0
6
0
0
0
23
0
22
0
16
0
0
0
0
0
13
0
7
0
0
0
0
0
18
0
0
0
0
0
6
0
3
0
0
0
0
0
0
0
0
0
11
0
3
0
21
0
0
0
21
0
0
0
2
0
6
0
0
0
2
0
0
0
49
0
12
0
12
0
0
0
0
0
0
0
25
0
26
0
0
0
30
0
0
0
29
0
6
0
0
0
227
0
35
0
6
0
25
0
19
0
124
0
0
0
12
0
21
0
23
0
0
0
25
0
0
0
0
0
8
0
33
0
2
0
0
0
0
0
6
0
0
0
17
0
0
0
4
0
5
0
0
0
3
0
0
0
3
0
21
0
22
0
0
0
10
0
0
0
6
0
0
0
0
0
0
0
0
0
0
0
0
0
7
0
0
0
0
0
0
0
0
0
10
0
3
0
0
0
0
0
0
0
23
0
11
0
12
0
0
0
3
0
6
0
14
0
0
0
8
0
0
0
0
0
29
0
0
0
15
0
33
0
4
0
0
0
0
0
0
0
0
0
0
0
14
0
0
0
0
0
0
0
9
0
13
0
0
0
0
0
0
0
16
0
12
0
0
0
15
0
18
0
15
0
0
0
7
0
0
0
0
0
0
0
23
0
42
0
25
0
0
0
5
0
4
0
0
0
0
0
0
0
10
0
0
0
0
0
0
0
7
0
2
0
10
0
5
0
0
0
0
0
0
0
24
0
6
0
12
0
0
0
0
0
5
0
5
0
15
0
0
0
0
0
17
0
8
0
0
0
1
0
0
0
24
0
0
0
0
0
0
0
0
0
6
0
7
0
0
0
2
0
0
0
0
0
7
0
24
0
0
0
5
0
0
0
0
0
0
0
4
0
2
0
30
0
3
0
10
0
6
0
0
0
0
0
1
0
0
0
3
0
0
0
0
0
1
0
0
0
0
0
0
0
15
0
0
0
11
0
3
0
8
0
6
0
13
0
0
0
20
0
0
0
14
0
0
0
10
0
16
0
4
0
0
0
0
0
32
0
14
0
0
0
0
0
37
0
0
0
0
0
16
0
3
0
0
0
10
0
0
0
0
0
0
0
0
0
10
0
10
0
0
0
19
0
9
0
10
0
0
0
0
0
0
0
0
0
10
0
2
0
20
0
54
0
3
0
0
0
8
0
0
0
0
0
0
0
8
0
0
0
1
0
13
0
0
0
6
0
0
0
17
0
10
0
8
0
6
0
24
0
12
0
0
0
1
0
6
0
34
0
0
0
15
0
18
0
18
0
0
0
0
0
0
0
0
0
16
0
4
0
0
0
20
0
12
0
15
0
0
0
0
0
9
0
9
0
7
0
0
0
0
0
14
0
0
0
7
0
27
0
15
0
0
0
0
0
30
0
24
0
0
0
11
0
0
0
3
0
15
0
3
0
0
0
16
0
0
0
0
0
1
0
0
0
0
0
0
0
0
0
0
0
0
0
0
0
20
0
0
0
28
0
7
0
4
0
7
0
0
0
0
0
0
0
0
0
3
0
0
0
11
0
2
0
0
0
24
0
0
0
0
0
30
0
19
0
8
0
0
0
28
0
5
0
0
0
0
0
0
0
2
0
0
0
7
0
0
0
0
0
0
0
15
0
0
0
0
0
0
0
8
0
5
0
6
0
2
0
0
0
0
0
0
0
10
0
2
0
1
0
15
0
13
0
35
0
76
0
0
0
22
0
36
0
0
0
0
0
0
0
6
0
23
0
11
0
24
0
18
0
0
0
0
0
0
0
0
0
10
0
9
0
30
0
0
0
0
0
18
0
0
0
14
0
4
0
0
0
18
0
11
0
13
0
5
0
3
0
0
0
0
0
12
0
0
0
0
0
34
0
0
0
6
0
12
0
2
0
0
0
0
0
0
0
2
0
7
0
0
0
16
0
0
0
24
0
16
0
0
0
7
0
4
0
0
0
0
0
3
0
13
0
4
0
0
0
0
0
0
0
13
0
1
0
0
0
0
0
18
0
0
0
0
0
0
0
0
0
5
0
0
0
7
0
21
0
3
0
0
0
0
0
27
0
35
0
12
0
0
0
0
0
0
0
252
0
9
0
40
0
18
0
0
0
0
0
0
0
25
0
0
0
0
0
0
0
0
0
2
0
17
0
0
0
1
0
31
