0
14
0
24
0
11
0
14
0
25
0
13
0
4
0
20
0
13
0
11
0
24
0
20
0
9
0
19
0
32
0
35
0
18
0
28
0
15
0
14
0
24
0
20
0
26
0
8
0
10
0
20
0
20
0
16
0
17
0
26
0
12
0
40
0
15
0
1
0
18
0
26
0
17
0
25
0
19
0
23
0
9
0
23
0
18
0
31
0
31
0
20
0
5
0
16
0
19
0
11
0
13
0
28
0
16
0
22
0
18
0
19
0
12
0
18
0
32
0
9
0
22
0
18
0
14
0
14
0
9
0
32
0
14
0
14
0
22
0
29
0
22
0
13
0
34
0
29
0
28
0
34
0
40
0
22
0
21
0
15
0
30
0
29
0
29
0
28
0
34
0
26
0
19
0
10
0
25
0
23
0
37
0
18
0
29
0
21
0
6
0
32
0
35
0
16
0
18
0
16
0
23
0
26
0
35
0
25
0
9
0
17
0
11
0
21
0
30
0
15
0
21
0
44
0
9
0
22
0
28
0
23
0
7
0
16
0
21
0
26
0
32
0
6
0
26
0
14
0
24
0
37
0
27
0
17
0
34
0
28
0
16
0
12
0
7
0
25
0
24
0
25
0
16
0
14
0
22
0
14
0
48
0
11
0
23
0
12
0
49
0
13
0
40
0
12
0
15
0
38
0
32
0
18
0
18
0
16
0
28
0
26
0
8
0
22
0
24
0
30
0
41
0
25
0
14
0
25
0
37
0
16
0
16
0
10
0
6
0
17
0
15
0
14
0
25
0
19
0
24
0
22
0
29
0
20
0
22
0
15
0
19
0
26
0
19
0
30
0
7
0
24
0
22
0
35
0
19
0
23
0
24
0
28
0
18
0
21
0
11
0
22
0
13
0
4
0
11
0
19
0
14
0
33
0
23
0
25
0
18
0
19
0
26
0
21
0
24
0
50
0
250
0
8
0
61
0
165
16
187
79
214
52
212
71
247
108
259
72
248
0
189
0
64
0
33
0
34
0
10
0
23
0
28
0
7
0
41
0
17
0
15
0
35
0
20
0
731
725
721
666
716
621
692
638
603
495
562
431
515
344
445
300
381
244
344
109
282
0
139
0
24
0
23
0
30
0
17
0
39
0
18
0
21
0
14
0
13
0
27
0
27
0
31
0
28
0
36
0
14
0
18
0
29
0
20
0
46
0
32
0
44
0
16
0
12
0
29
0
24
0
16
0
7
0
12
0
19
0
8
0
30
0
13
0
18
0
27
0
12
0
15
0
20
0
11
0
25
0
43
0
18
0
20
0
17
0
23
0
23
0
27
0
11
0
20
0
30
0
28
0
30
0
20
0
11
0
32
0
32
0
38
0
17
0
33
0
2
0
21
0
43
0
11
0
18
0
17
0
19
0
19
0
34
0
15
0
26
0
26
0
32
0
43
0
20
0
18
0
20
0
20
0
26
0
23
0
30
0
22
0
18
0
8
0
28
0
25
0
20
0
35
0
28
0
32
0
20
0
26
0
16
0
36
0
20
0
20
0
33
0
23
0
36
0
32
0
14
0
43
0
24
0
22
0
16
0
20
0
18
0
27
0
14
0
4
0
16
0
31
0
16
0
3
0
30
0
11
0
20
0
29
0
24
0
26
0
33
0
12
0
6
0
13
0
32
0
12
0
22
0
30
0
33
0
22
0
0
0
17
0
19
0
25
0
22
0
11
0
24
0
11
0
29
0
7
0
22
0
35
0
21
0
33
0
22
0
36
0
13
0
15
0
28
0
13
0
14
0
21
0
23
0
43
0
17
0
46
0
22
0
17
0
14
0
31
0
40
0
4
0
15
0
6
0
24
0
36
0
26
0
8
0
24
0
20
0
68
0
25
0
12
0
7
0
21
0
45
0
39
0
22
0
26
0
23
0
25
0
21
0
13
0
21
0
14
0
9
0
7
0
23
0
17
0
15
0
17
0
25
0
9
0
12
0
5
0
25
0
17
0
23
0
24
0
17
0
13
0
48
0
32
0
17
0
36
0
19
0
34
0
28
0
14
0
30
0
1
0
14
0
22
0
27
0
32
0
48
0
27
0
10
0
11
0
36
0
20
0
14
0
20
0
13
0
12
0
18
0
8
0
27
0
20
0
23
0
25
0
34
0
18
0
11
0
13
0
0
0
76
0
463
0
428
0
68
0
410
0
20
0
10
0
14
0
1
0
32
0
19
0
41
0
34
0
21
0
25
0
37
0
13
0
11
0
19
0
14
0
18
0
