0
20
0
0
0
0
0
0
0
0
0
0
0
1
0
5
0
17
0
12
0
0
0
3
0
20
0
1
0
0
0
39
0
0
0
0
0
4
0
0
0
0
0
8
0
4
0
0
0
30
0
0
0
5
0
21
0
0
0
0
0
3
0
11
0
3
0
10
0
0
0
0
0
0
0
11
0
1
0
0
0
27
0
0
0
2
0
0
0
27
0
13
0
13
0
0
0
0
0
39
0
10
0
15
0
3
0
3
0
0
0
2
0
3
0
0
0
0
0
35
0
14
0
0
0
0
0
0
0
0
0
19
0
11
0
0
0
0
0
0
0
1
0
0
0
0
0
10
0
2
0
28
0
8
0
8
0
6
0
3
0
34
0
22
0
59
0
18
0
0
0
6
0
8
0
4
0
14
0
0
0
9
0
0
0
0
0
23
0
0
0
0
0
30
0
0
0
7
0
16
0
0
0
22
0
35
0
0
0
7
0
0
0
2
0
0
0
0
0
17
0
6
0
0
0
2
0
0
0
0
0
12
0
0
0
0
0
0
0
26
0
0
0
24
0
0
0
7
0
0
0
0
0
10
0
0
0
30
0
0
0
0
0
7
0
0
0
32
0
27
0
0
0
9
0
1
0
1
0
0
0
30
0
23
0
15
0
0
0
0
0
2
0
0
0
8
0
4
0
0
0
6
0
5
0
7
0
16
0
21
0
0
0
16
0
10
0
0
0
52
0
2
0
1
0
2
0
16
0
0
0
4
0
0
0
6
0
0
0
0
0
0
0
6
0
19
0
19
0
4
0
23
0
19
0
12
0
0
0
0
0
0
0
279
47
380
150
442
368
677
613
917
879
1002
983
869
449
687
130
418
32
447
272
434
138
394
26
348
0
263
0
190
0
131
0
37
0
0
0
0
0
0
0
19
0
0
0
16
0
0
0
42
0
1
0
16
0
0
0
0
0
0
0
40
0
0
0
23
0
11
0
36
0
7
0
48
0
60
0
20
0
11
0
0
0
0
0
1
0
0
0
4
0
1
0
0
0
2
0
43
0
7
0
1
0
36
0
50
0
0
0
0
0
0
0
25
0
1
0
0
0
0
0
3
0
1
0
13
0
0
0
0
0
0
0
0
0
0
0
3
0
0
0
0
0
4
0
0
0
0
0
3
0
24
0
2
0
10
0
13
0
0
0
0
0
36
0
0
0
16
0
0
0
25
0
0
0
18
0
0
0
0
0
0
0
11
0
35
0
0
0
0
0
5
0
0
0
5
0
25
0
13
0
7
0
12
0
0
0
5
0
33
0
3
0
0
0
10
0
0
0
0
0
15
0
0
0
0
0
20
0
0
0
0
0
4
0
0
0
0
0
0
0
0
0
0
0
7
0
0
0
0
0
2
0
0
0
12
0
0
0
0
0
0
0
0
0
0
0
0
0
0
0
0
0
11
0
13
0
0
0
38
0
3
0
17
0
0
0
0
0
6
0
13
0
35
0
9
0
0
0
0
0
24
0
0
0
0
0
0
0
0
0
0
0
16
0
1
0
0
0
0
0
14
0
3
0
0
0
0
0
1
0
14
0
0
0
2
0
0
0
14
0
0
0
4
0
0
0
2
0
0
0
0
0
3
0
0
0
0
0
0
0
14
0
0
0
0
0
0
0
0
0
0
0
1
0
0
0
0
0
0
0
0
0
0
0
0
0
0
0
0
0
0
0
13
0
0
0
0
0
11
0
9
0
11
0
0
0
1
0
0
0
0
0
0
0
0
0
0
0
0
0
0
0
18
0
0
0
0
0
5
0
0
0
0
0
0
0
0
0
8
0
4
0
8
0
0
0
0
0
0
0
19
0
0
0
0
0
0
0
5
0
27
0
7
0
0
0
24
0
0
0
0
0
0
0
0
0
12
0
0
0
0
0
0
0
0
0
0
0
29
0
43
0
0
0
0
0
28
0
18
0
15
0
7
0
0
0
0
0
0
0
23
0
11
0
0
0
0
0
0
0
0
0
5
0
0
0
0
0
3
0
0
0
0
0
0
0
0
0
0
0
33
0
0
0
8
0
8
0
5
0
5
0
12
0
34
0
0
0
0
0
0
0
14
0
0
0
40
0
8
0
0
0
3
0
19
0
0
0
57
0
1
0
0
0
0
0
0
0
8
0
0
0
0
0
13
0
0
0
15
0
0
0
0
0
343
0
28
0
0
0
0
0
0
0
0
0
1
0
11
0
0
0
10
0
4
0
3
0
8
0
30
0
0
0
0
0
0
0
