0
31
0
25
0
29
0
16
0
17
0
30
0
21
0
22
0
9
0
9
0
42
0
20
0
14
0
35
0
26
0
35
0
28
0
29
0
5
0
30
0
23
0
15
0
18
0
22
0
16
0
26
0
11
0
15
0
25
0
9
0
37
0
29
0
39
0
61
0
13
0
20
0
26
0
27
0
27
0
18
0
10
0
18
0
41
0
14
0
22
0
21
0
12
0
33
0
9
0
19
0
11
0
19
0
29
0
29
0
32
0
22
0
7
0
24
0
20
0
38
0
18
0
21
0
22
0
23
0
71
0
27
0
24
0
35
0
32
0
14
0
13
0
11
0
9
0
16
0
7
0
19
0
18
0
22
0
21
0
24
0
12
0
8
0
10
0
16
0
19
0
16
0
16
0
17
0
31
0
27
0
32
0
11
0
30
0
17
0
15
0
23
0
16
0
13
0
43
0
20
0
15
0
12
0
42
0
29
0
19
0
23
0
27
0
22
0
13
0
20
0
22
0
16
0
22
0
9
0
26
0
18
0
30
0
40
0
29
0
10
0
10
0
7
0
20
0
17
0
21
0
17
0
19
0
24
0
0
0
20
0
22
0
18
0
24
0
18
0
31
0
12
0
18
0
20
0
33
0
32
0
11
0
15
0
41
0
16
0
20
0
15
0
23
0
28
0
22
0
11
0
25
0
26
0
8
0
20
0
8
0
8
0
23
0
15
0
22
0
37
0
15
0
14
0
14
0
9
0
14
0
14
0
16
0
35
0
27
0
24
0
14
0
20
0
43
0
28
0
20
0
34
0
24
0
31
0
30
0
11
0
33
0
30
0
41
0
26
0
7
0
27
0
8
0
23
0
23
0
21
0
27
0
20
0
17
0
39
0
19
0
32
0
19
0
12
0
28
0
16
0
24
0
33
0
23
0
23
0
21
0
12
0
27
0
21
0
10
0
19
0
28
0
21
0
5
0
38
0
30
0
26
0
9
0
13
0
27
0
35
0
24
0
46
0
13
0
19
0
18
0
20
0
29
0
19
0
32
0
12
0
26
0
12
0
18
0
8
0
45
0
21
0
19
0
23
0
34
0
32
0
8
0
16
0
21
0
11
0
28
0
18
0
20
0
23
0
45
0
11
0
16
0
33
0
56
0
11
0
21
0
14
0
25
0
12
0
22
0
22
0
21
0
11
0
8
0
16
0
8
0
13
0
16
0
40
0
40
0
25
0
16
0
35
0
28
0
15
0
27
0
8
0
26
0
16
0
15
0
13
0
28
0
13
0
23
0
26
0
24
0
15
0
21
0
21
0
12
0
15
0
28
0
13
0
22
0
37
0
9
0
11
0
14
0
18
0
28
0
14
0
28
0
38
0
21
0
4
0
29
0
7
0
23
0
24
0
14
0
4
0
46
0
33
0
13
0
24
0
22
0
19
0
26
0
33
0
26
0
32
0
37
0
14
0
22
0
19
0
11
0
18
0
15
0
29
0
14
0
17
0
16
0
23
0
9
0
16
0
24
0
33
0
24
0
20
0
36
0
36
0
36
0
17
0
23
0
25
0
19
0
23
0
30
0
16
0
19
0
24
0
27
0
16
0
8
0
28
0
33
0
26
0
14
0
29
0
21
0
11
0
17
0
22
0
36
0
4
0
18
0
18
0
28
0
27
0
24
0
28
0
28
0
17
0
21
0
25
0
54
0
22
0
18
0
13
0
16
0
8
0
20
0
27
0
14
0
27
0
16
0
42
0
29
0
15
0
42
0
38
0
23
0
15
0
22
0
37
0
11
0
26
0
21
0
23
0
33
0
19
0
11
0
7
0
14
0
21
0
24
0
31
0
42
0
14
0
25
0
22
0
24
0
24
0
28
0
24
0
26
0
7
0
21
0
60
0
25
0
31
0
37
0
8
0
45
0
22
0
33
0
19
0
18
0
16
0
17
0
30
0
25
0
33
0
26
0
26
0
18
0
39
0
15
0
20
0
25
0
40
0
20
0
17
0
22
0
43
0
14
0
12
0
13
0
24
0
18
0
12
0
9
0
31
0
13
0
30
0
35
0
26
0
24
0
24
0
8
0
20
0
22
0
21
0
37
0
47
0
17
0
18
0
23
0
25
0
14
0
21
0
24
0
19
0
16
0
16
0
26
0
26
0
25
0
29
0
154
0
8
0
28
0
13
0
36
0
192
0
4
0
17
0
32
0
19
0
15
0
26
0
17
0
21
0
44
0
18
0
20
0
12
0
12
0
18
0
13
0
37
0
