0
6
0
5
0
0
0
0
0
0
0
32
0
27
0
21
0
4
0
19
0
0
0
0
0
14
0
0
0
0
0
30
0
0
0
3
0
0
0
10
0
20
0
0
0
0
0
20
0
28
0
16
0
10
0
8
0
21
0
17
0
19
0
0
0
19
0
9
0
0
0
3
0
0
0
25
0
1
0
0
0
0
0
7
0
0
0
11
0
0
0
10
0
0
0
0
0
0
0
3
0
0
0
9
0
0
0
11
0
0
0
0
0
0
0
0
0
0
0
0
0
3
0
2
0
13
0
12
0
17
0
0
0
16
0
12
0
0
0
0
0
0
0
24
0
0
0
0
0
0
0
0
0
0
0
6
0
0
0
0
0
12
0
0
0
0
0
11
0
0
0
1
0
6
0
0
0
0
0
1
0
0
0
18
0
6
0
2
0
0
0
0
0
0
0
0
0
1
0
15
0
0
0
0
0
0
0
0
0
0
0
3
0
25
0
0
0
0
0
0
0
14
0
0
0
0
0
13
0
0
0
0
0
0
0
0
0
7
0
4
0
9
0
0
0
0
0
0
0
0
0
0
0
9
0
0
0
0
0
1
0
0
0
2
0
10
0
21
0
1
0
2
0
0
0
21
0
21
0
0
0
3
0
0
0
26
0
0
0
0
0
1
0
1
0
0
0
1
0
27
0
0
0
36
0
38
0
37
0
0
0
0
0
0
0
0
0
10
0
4
0
5
0
0
0
0
0
4
0
15
0
0
0
13
0
0
0
20
0
0
0
10
0
0
0
14
0
40
0
2
0
32
0
0
0
0
0
0
0
0
0
0
0
14
0
0
0
21
0
0
0
0
0
0
0
0
0
5
0
0
0
0
0
8
0
0
0
17
0
0
0
1
0
10
0
1
0
0
0
42
0
0
0
9
0
0
0
8
0
0
0
0
0
11
0
0
0
24
0
0
0
0
0
1
0
18
0
0
0
0
0
31
0
6
0
0
0
25
0
16
0
0
0
0
0
233
0
147
0
174
0
189
0
289
0
334
116
497
447
856
0
2
0
18
0
7
0
5
0
15
0
15
0
0
0
0
0
0
0
14
0
0
0
0
0
0
0
8
0
12
0
0
0
0
0
12
0
0
0
28
0
0
0
4
0
8
0
15
0
15
0
20
0
0
0
0
0
0
0
0
0
0
0
16
0
0
0
0
0
6
0
16
0
0
0
0
0
0
0
0
0
0
0
15
0
0
0
0
0
0
0
6
0
0
0
0
0
0
0
22
0
0
0
12
0
13
0
11
0
9
0
18
0
0
0
0
0
0
0
0
0
26
0
1
0
33
0
32
0
0
0
26
0
0
0
0
0
11
0
10
0
1
0
0
0
11
0
0
0
6
0
0
0
0
0
26
0
0
0
6
0
0
0
5
0
11
0
0
0
12
0
0
0
20
0
3
0
0
0
17
0
0
0
0
0
18
0
0
0
12
0
16
0
7
0
10
0
0
0
3
0
19
0
4
0
0
0
2
0
2
0
0
0
5
0
0
0
13
0
0
0
0
0
0
0
11
0
0
0
0
0
0
0
0
0
0
0
8
0
0
0
5
0
7
0
4
0
18
0
0
0
4
0
5
0
0
0
0
0
0
0
0
0
0
0
0
0
19
0
8
0
2
0
6
0
36
0
8
0
0
0
0
0
16
0
0
0
16
0
0
0
8
0
0
0
0
0
21
0
13
0
0
0
0
0
4
0
0
0
0
0
0
0
0
0
0
0
0
0
9
0
26
0
13
0
0
0
0
0
0
0
6
0
15
0
27
0
13
0
5
0
2
0
31
0
0
0
7
0
4
0
4
0
0
0
0
0
0
0
0
0
0
0
23
0
4
0
0
0
12
0
10
0
0
0
28
0
0
0
1
0
2
0
0
0
0
0
0
0
23
0
3
0
0
0
0
0
1
0
0
0
0
0
0
0
0
0
0
0
10
0
0
0
8
0
29
0
31
0
0
0
8
0
0
0
0
0
0
0
28
0
2
0
2
0
19
0
14
0
0
0
0
0
20
0
0
0
3
0
18
0
1
0
15
0
0
0
14
0
2
0
3
0
0
0
0
0
0
0
17
0
0
0
0
0
0
0
8
0
1
0
1
0
0
0
6
0
0
0
3
0
0
0
0
0
7
0
12
0
34
0
0
0
11
0
99
0
368
0
0
0
0
0
0
0
9
0
0
0
12
0
3
0
8
0
1
0
14
0
17
0
0
0
21
0
26
0
0
0
4
0
