3338
0
0
0
0
0
0
0
4
0
38
0
26
0
0
0
0
0
1
0
6
0
0
0
23
0
11
0
8
0
1
0
0
0
1
0
14
0
29
0
1
0
0
0
0
0
0
0
1
0
8
0
29
0
35
0
0
0
0
0
4
0
3
0
29
0
0
0
0
0
0
0
5
0
18
0
12
0
2
0
0
0
0
0
0
0
15
0
0
0
0
0
11
0
0
0
0
0
0
0
2
0
0
0
0
0
13
0
0
0
0
0
0
0
8
0
0
0
0
0
0
0
11
0
29
0
28
0
7
0
4
0
13
0
0
0
0
0
2
0
0
0
199
0
70
0
38
0
44
0
492
0
0
0
17
0
6
0
8
0
0
0
0
0
0
0
0
0
0
0
10
0
0
0
0
0
12
0
0
0
0
0
0
0
3
0
0
0
0
0
0
0
6
0
0
0
0
0
2
0
6
0
0
0
8
0
0
0
40
0
6
0
7
0
27
0
0
0
0
0
0
0
0
0
16
0
0
0
0
0
13
0
8
0
30
0
30
0
0
0
0
0
7
0
1
0
30
0
0
0
0
0
0
0
0
0
17
0
7
0
0
0
0
0
17
0
0
0
10
0
0
0
9
0
15
0
0
0
0
0
0
0
0
0
10
0
0
0
0
0
0
0
11
0
1
0
0
0
0
0
0
0
0
0
0
0
17
0
0
0
1
0
14
0
25
0
16
0
0
0
22
0
6
0
23
0
9
0
0
0
0
0
0
0
0
0
0
0
0
0
0
0
3
0
25
0
0
0
0
0
0
0
16
0
0
0
0
0
0
0
0
0
44
0
13
0
0
0
0
0
3
0
0
0
0
0
0
0
0
0
3
0
0
0
0
0
5
0
0
0
0
0
0
0
0
0
17
0
0
0
6
0
0
0
1
0
0
0
3
0
0
0
0
0
0
0
0
0
4
0
0
0
0
0
28
0
54
0
0
0
0
0
5
0
0
0
42
0
0
0
0
0
4
0
0
0
25
0
0
0
22
0
20
0
10
0
0
0
0
0
2
0
0
0
0
0
7
0
6
0
5
0
0
0
0
0
3
0
10
0
0
0
14
0
0
0
0
0
11
0
1
0
1
0
3
0
5
0
0
0
9
0
23
0
6
0
9
0
7
0
5
0
11
0
9
0
6
0
0
0
0
0
0
0
0
0
0
0
4
0
0
0
33
0
0
0
0
0
4
0
0
0
0
0
0
0
4
0
10
0
14
0
14
0
70
0
10
0
14
0
9
0
18
0
18
0
23
0
0
0
18
0
0
0
6
0
9
0
0
0
32
0
10
0
0
0
0
0
1
0
20
0
0
0
0
0
18
0
0
0
0
0
35
0
1
0
22
0
0
0
19
0
0
0
0
0
13
0
9
0
0
0
0
0
0
0
15
0
0
0
16
0
0
0
30
0
12
0
8
0
10
0
0
0
16
0
0
0
0
0
0
0
13
0
2
0
8
0
0
0
55
0
0
0
0
0
8
0
14
0
0
0
0
0
14
0
29
0
0
0
3
0
25
0
0
0
0
0
0
0
0
0
0
0
20
0
0
0
0
0
24
0
10
0
11
0
9
0
29
0
5
0
7
0
0
0
3
0
0
0
0
0
0
0
0
0
0
0
0
0
35
0
10
0
0
0
0
0
0
0
0
0
15
0
0
0
22
0
7
0
5
0
17
0
0
0
17
0
2
0
0
0
0
0
0
0
0
0
16
0
9
0
0
0
0
0
0
0
0
0
9
0
0
0
18
0
0
0
8
0
0
0
0
0
0
0
23
0
5
0
16
0
29
0
3
0
6
0
7
0
0
0
0
0
0
0
0
0
6
0
5
0
15
0
0
0
0
0
3
0
5
0
0
0
14
0
0
0
13
0
9
0
37
0
0
0
0
0
0
0
0
0
0
0
0
0
1
0
9
0
18
0
0
0
21
0
0
0
0
0
9
0
0
0
0
0
0
0
3
0
0
0
8
0
2
0
2
0
0
0
0
0
29
0
1
0
0
0
0
0
19
0
6
0
10
0
0
0
23
0
18
0
0
0
0
0
0
0
8
0
2
0
10
0
10
0
15
0
0
0
0
0
0
0
0
0
17
0
3
0
0
0
16
0
0
0
0
0
0
0
0
0
0
0
46
0
2
0
0
0
6
0
1
0
0
0
0
0
467
0
0
0
0
0
30
0
0
0
33
0
0
0
2
0
0
0
13
0
0
0
0
0
0
0
1
0
0
0
27
0
7
