0
37
0
4
0
25
0
12
0
0
0
0
0
0
0
0
0
21
0
0
0
4
0
0
0
0
0
12
0
12
0
0
0
18
0
4
0
0
0
0
0
0
0
0
0
2
0
34
0
0
0
263
0
9
0
21
0
16
0
0
0
22
0
0
0
3
0
0
0
0
0
0
0
3
0
0
0
5
0
0
0
11
0
12
0
17
0
0
0
0
0
11
0
0
0
0
0
5
0
0
0
6
0
0
0
21
0
3
0
21
0
0
0
0
0
0
0
0
0
0
0
0
0
25
0
22
0
9
0
13
0
10
0
16
0
17
0
0
0
4
0
13
0
0
0
19
0
10
0
22
0
6
0
4
0
16
0
19
0
9
0
0
0
15
0
2
0
0
0
0
0
7
0
16
0
28
0
15
0
0
0
24
0
36
0
0
0
4
0
0
0
6
0
7
0
18
0
0
0
0
0
0
0
0
0
5
0
20
0
15
0
3
0
0
0
11
0
0
0
0
0
0
0
1
0
0
0
22
0
17
0
7
0
0
0
28
0
0
0
34
0
0
0
19
0
27
0
0
0
0
0
3
0
14
0
0
0
1
0
0
0
8
0
0
0
3
0
0
0
0
0
0
0
0
0
0
0
0
0
7
0
14
0
42
0
0
0
0
0
18
0
0
0
2
0
0
0
4
0
10
0
0
0
0
0
0
0
1
0
3
0
0
0
0
0
18
0
30
0
3
0
0
0
0
0
30
0
0
0
13
0
0
0
0
0
6
0
0
0
0
0
0
0
0
0
0
0
0
0
8
0
0
0
0
0
22
0
0
0
8
0
19
0
20
0
10
0
0
0
1
0
0
0
0
0
27
0
1
0
18
0
12
0
12
0
18
0
2
0
0
0
0
0
0
0
0
0
0
0
0
0
14
0
0
0
3
0
0
0
0
0
0
0
5
0
3
0
19
0
0
0
0
0
0
0
9
0
3
0
5
0
3
0
0
0
0
0
0
0
0
0
0
0
0
0
0
0
0
0
23
0
0
0
0
0
4
0
10
0
0
0
0
0
19
0
0
0
7
0
0
0
26
0
0
0
28
0
3
0
5
0
17
0
9
0
0
0
0
0
0
0
19
0
13
0
0
0
0
0
0
0
0
0
0
0
0
0
0
0
28
0
11
0
13
0
24
0
0
0
0
0
0
0
2
0
11
0
32
0
5
0
0
0
0
0
3
0
11
0
4
0
19
0
0
0
0
0
0
0
0
0
0
0
0
0
0
0
19
0
8
0
0
0
11
0
4
0
4
0
0
0
3
0
0
0
19
0
12
0
15
0
16
0
0
0
0
0
0
0
0
0
0
0
0
0
0
0
0
0
0
0
0
0
2
0
0
0
0
0
0
0
11
0
0
0
3
0
13
0
0
0
0
0
6
0
13
0
0
0
1
0
0
0
4
0
0
0
0
0
0
0
4
0
19
0
16
0
7
0
0
0
0
0
3
0
22
0
9
0
2
0
0
0
0
0
0
0
0
0
0
0
5
0
0
0
8
0
0
0
0
0
5
0
8
0
1
0
13
0
0
0
4
0
0
0
24
0
20
0
6
0
0
0
5
0
1
0
0
0
0
0
33
0
1
0
0
0
2
0
12
0
0
0
11
0
0
0
0
0
11
0
24
0
7
0
2
0
3
0
19
0
0
0
3
0
22
0
8
0
47
0
0
0
45
0
0
0
12
0
13
0
2
0
1
0
7
0
9
0
0
0
0
0
9
0
0
0
0
0
2
0
20
0
0
0
0
0
0
0
18
0
19
0
13
0
2
0
17
0
10
0
0
0
0
0
0
0
0
0
14
0
0
0
6
0
0
0
0
0
4
0
1
0
0
0
5
0
38
0
10
0
0
0
0
0
3
0
0
0
0
0
0
0
0
0
6
0
0
0
0
0
18
0
0
0
5
0
0
0
14
0
2
0
30
0
0
0
0
0
0
0
11
0
10
0
21
0
0
0
0
0
10
0
0
0
0
0
0
0
0
0
13
0
0
0
40
0
0
0
17
0
0
0
0
0
0
0
0
0
0
0
15
0
0
0
0
0
0
0
0
0
2
0
0
0
9
0
0
0
0
0
0
0
0
0
0
0
0
0
0
0
18
0
0
0
15
0
5
0
0
0
13
0
4
0
3
0
0
0
0
0
21
0
24
0
3
0
79
0
0
0
0
0
6
0
20
0
0
0
0
0
0
0
8
0
0
0
0
0
5
0
0
0
0
0
0
0
0
0
0
0
