0
9
0
32
0
35
0
26
0
21
0
24
0
30
0
21
0
7
0
19
0
27
0
22
0
12
0
15
0
24
0
32
0
12
0
48
0
22
0
25
0
35
0
12
0
53
0
12
0
16
0
13
0
29
0
27
0
27
0
35
0
24
0
10
0
29
0
36
0
13
0
13
0
34
0
8
0
24
0
28
0
27
0
18
0
36
0
37
0
23
0
32
0
19
0
25
0
30
0
7
0
19
0
21
0
30
0
34
0
18
0
19
0
27
0
36
0
29
0
18
0
21
0
12
0
30
0
15
0
27
0
36
0
20
0
34
0
24
0
9
0
26
0
21
0
28
0
8
0
30
0
21
0
25
0
18
0
16
0
15
0
38
0
57
0
16
0
23
0
35
0
16
0
25
0
36
0
32
0
14
0
24
0
30
0
9
0
27
0
14
0
11
0
12
0
20
0
28
0
26
0
38
0
21
0
9
0
39
0
17
0
14
0
13
0
18
0
25
0
12
0
34
0
43
0
10
0
20
0
21
0
42
0
20
0
14
0
38
0
30
0
33
0
14
0
33
0
33
0
22
0
17
0
15
0
21
0
10
0
29
0
21
0
17
0
7
0
21
0
21
0
34
0
46
0
22
0
17
0
25
0
30
0
22
0
14
0
12
0
28
0
38
0
30
0
20
0
35
0
24
0
18
0
17
0
25
0
20
0
37
0
16
0
34
0
22
0
31
0
17
0
7
0
19
0
27
0
17
0
4
0
28
0
9
0
23
0
13
0
9
0
23
0
13
0
9
0
30
0
36
0
13
0
15
0
35
0
33
0
28
0
21
0
33
0
28
0
3
0
24
0
29
0
31
0
21
0
30
0
31
0
28
0
13
0
42
0
27
0
46
0
37
0
14
0
10
0
17
0
47
0
17
0
28
0
36
0
48
0
26
0
20
0
23
0
22
0
21
0
56
0
3
0
0
0
24
0
27
0
46
0
31
0
12
0
31
0
40
0
36
0
26
0
8
0
7
0
11
0
24
0
42
0
19
0
13
0
12
0
29
0
10
0
43
0
34
0
27
0
34
0
3
0
18
0
7
0
12
0
24
0
25
0
40
0
29
0
25
0
30
0
4
0
13
0
19
0
14
0
37
0
13
0
20
0
36
0
12
0
38
0
21
0
18
0
30
0
20
0
33
0
11
0
16
0
44
0
24
0
30
0
13
0
30
0
44
0
14
0
29
0
10
0
13
0
17
0
19
0
22
0
14
0
19
0
0
0
23
0
36
0
24
0
17
0
26
0
30
0
32
0
21
0
18
0
13
0
14
0
10
0
12
0
13
0
22
0
18
0
21
0
21
0
21
0
25
0
19
0
32
0
25
0
10
0
9
0
6
0
45
0
29
0
22
0
39
0
47
0
17
0
16
0
25
0
23
0
16
0
2
0
10
0
22
0
28
0
5
0
29
0
20
0
32
0
19
0
12
0
8
0
17
0
26
0
24
0
20
0
17
0
29
0
33
0
23
0
23
0
42
0
31
0
9
0
11
0
20
0
7
0
16
0
32
0
35
0
13
0
31
0
25
0
18
0
19
0
15
0
16
0
44
0
27
0
30
0
19
0
15
0
32
0
27
0
1
0
36
0
17
0
44
0
26
0
6
0
28
0
36
0
30
0
20
0
29
0
0
0
23
0
12
0
40
0
25
0
32
0
30
0
44
0
17
0
8
0
28
0
25
0
20
0
36
0
16
0
10
0
24
0
12
0
21
0
24
0
14
0
5
0
30
0
21
0
26
0
37
0
24
0
32
0
18
0
18
0
35
0
15
0
15
0
21
0
18
0
28
0
23
0
5
0
20
0
15
0
21
0
19
0
5
0
48
0
19
0
19
0
29
0
25
0
11
0
7
0
25
0
10
0
27
0
36
0
17
0
16
0
15
0
28
0
21
0
0
0
28
0
48
0
14
0
13
0
29
0
24
0
11
0
14
0
19
0
21
0
39
0
9
0
22
0
12
0
2
0
18
0
19
0
28
0
11
0
8
0
19
0
40
0
21
0
14
0
32
0
10
0
13
0
29
0
7
0
37
0
17
0
14
0
17
0
25
0
32
0
21
0
18
0
16
0
27
0
35
0
11
0
15
0
6
0
23
0
34
0
10
0
12
0
35
0
18
0
18
0
32
0
33
0
30
0
16
0
31
0
72
0
20
0
27
0
19
0
18
0
4
0
21
0
42
0
20
0
22
0
10
0
19
0
35
0
11
0
21
0
19
0
31
0
