0
0
0
3
0
0
0
1
0
13
0
5
0
0
0
10
0
0
0
0
0
0
0
1
0
6
0
0
0
0
0
0
0
0
0
0
0
0
0
0
0
9
0
0
0
0
0
0
0
0
0
0
0
14
0
0
0
0
0
0
0
15
0
0
0
4
0
0
0
0
0
0
0
19
0
9
0
0
0
6
0
0
0
15
0
0
0
0
0
0
0
0
0
3
0
7
0
0
0
0
0
0
0
2
0
0
0
0
0
0
0
0
0
11
0
0
0
13
0
2
0
13
0
0
0
2
0
0
0
0
0
0
0
0
0
26
0
0
0
6
0
11
0
0
0
0
0
0
0
21
0
0
0
0
0
24
0
12
0
9
0
0
0
0
0
1
0
0
0
0
0
0
0
20
0
0
0
0
0
27
0
1
0
0
0
0
0
2
0
0
0
5
0
27
0
0
0
0
0
0
0
25
0
0
0
0
0
0
0
3
0
0
0
13
0
0
0
0
0
3
0
9
0
31
0
0
0
0
0
0
0
0
0
0
0
0
0
0
0
22
0
5
0
0
0
1
0
25
0
0
0
0
0
0
0
0
0
0
0
0
0
0
0
1
0
0
0
21
0
8
0
0
0
0
0
18
0
14
0
0
0
0
0
0
0
0
0
4
0
0
0
30
0
0
0
0
0
0
0
8
0
0
0
20
0
1
0
8
0
9
0
0
0
0
0
15
0
30
0
0
0
0
0
14
0
0
0
4
0
6
0
37
0
5
0
0
0
63
0
3
0
0
0
4
0
0
0
0
0
2
0
4
0
21
0
17
0
5
0
0
0
0
0
1
0
12
0
12
0
0
0
0
0
0
0
0
0
5
0
47
0
17
0
0
0
3
0
0
0
20
0
0
0
29
0
8
0
0
0
28
0
11
0
7
0
14
0
10
0
0
0
0
0
0
0
0
0
31
0
38
0
0
0
0
0
2
0
15
0
3
0
0
0
3
0
7
0
0
0
0
0
8
0
0
0
1
0
0
0
0
0
6
0
4
0
17
0
9
0
0
0
12
0
19
0
0
0
0
0
0
0
4
0
2
0
0
0
26
0
0
0
0
0
3
0
0
0
2
0
0
0
0
0
0
0
0
0
28
0
8
0
0
0
6
0
1
0
3
0
0
0
29
0
88
0
125
0
184
0
264
0
285
0
151
0
175
0
239
0
309
82
385
247
613
551
834
789
951
907
983
941
998
952
998
906
999
948
1000
901
1000
871
986
688
824
551
662
431
557
223
419
18
350
0
242
0
146
0
131
0
109
0
153
0
139
0
20
0
12
0
0
0
12
0
0
0
19
0
0
0
0
0
16
0
16
0
27
0
0
0
2
0
6
0
4
0
8
0
4
0
24
0
4
0
9
0
0
0
0
0
7
0
2
0
11
0
20
0
11
0
0
0
32
0
0
0
0
0
6
0
6
0
9
0
0
0
1
0
0
0
34
0
11
0
0
0
7
0
0
0
10
0
0
0
0
0
0
0
0
0
5
0
3
0
11
0
0
0
4
0
18
0
0
0
24
0
0
0
9
0
0
0
3
0
8
0
0
0
2
0
4
0
1
0
0
0
19
0
12
0
0
0
0
0
4
0
8
0
0
0
30
0
22
0
7
0
38
0
2
0
0
0
0
0
10
0
29
0
0
0
0
0
36
0
6
0
0
0
0
0
17
0
0
0
0
0
13
0
0
0
31
0
1
0
0
0
23
0
6
0
0
0
0
0
0
0
37
0
0
0
27
0
12
0
0
0
0
0
9
0
0
0
0
0
11
0
0
0
13
0
26
0
12
0
0
0
0
0
0
0
0
0
16
0
0
0
12
0
14
0
0
0
9
0
8
0
0
0
0
0
0
0
0
0
0
0
3
0
3
0
13
0
0
0
0
0
45
0
0
0
0
0
34
0
0
0
0
0
0
0
0
0
7
0
14
0
46
0
0
0
0
0
11
0
16
0
0
0
0
0
0
0
28
0
21
0
26
0
0
0
18
0
0
0
0
0
3
0
0
0
15
0
0
0
7
0
0
0
31
0
0
0
0
0
0
0
1
0
6
0
12
0
6
0
13
0
0
0
1
0
0
0
5
0
27
0
12
0
0
0
7
0
0
0
8
0
0
0
0
0
0
0
6
0
0
0
2
0
10
0
10
0
0
0
41
0
109
0
233
0
0
0
0
0
0
0
4
0
10
0
19
0
0
0
16
0
0
0
0
0
0
0
0
0
0
0
0
0
3
0
48
0
