0
30
0
18
0
9
0
19
0
16
0
10
0
17
0
24
0
19
0
20
0
23
0
26
0
24
0
22
0
28
0
32
0
22
0
32
0
16
0
19
0
15
0
9
0
34
0
28
0
43
0
14
0
31
0
20
0
10
0
20
0
43
0
14
0
24
0
40
0
27
0
26
0
8
0
18
0
12
0
12
0
18
0
24
0
10
0
43
0
27
0
27
0
31
0
8
0
47
0
28
0
42
0
22
0
40
0
14
0
29
0
16
0
22
0
14
0
25
0
24
0
22
0
20
0
37
0
21
0
14
0
20
0
18
0
20
0
38
0
49
0
15
0
20
0
36
0
17
0
25
0
10
0
16
0
25
0
19
0
7
0
25
0
19
0
0
0
10
0
35
0
5
0
24
0
18
0
35
0
24
0
37
0
11
0
24
0
22
0
27
0
13
0
29
0
11
0
22
0
29
0
22
0
15
0
30
0
13
0
25
0
18
0
33
0
25
0
20
0
132
0
123
0
36
0
194
0
381
233
531
414
625
315
641
450
629
43
445
0
112
0
59
0
36
0
26
0
18
0
15
0
36
0
11
0
39
0
27
0
22
0
45
0
19
0
26
0
14
0
10
0
7
0
2
0
12
0
18
0
18
0
35
0
15
0
18
0
13
0
21
0
25
0
19
0
15
0
22
0
47
0
13
0
34
0
23
0
26
0
48
0
34
0
38
0
26
0
18
0
27
0
18
0
16
0
30
0
14
0
29
0
19
0
12
0
35
0
33
0
11
0
26
0
19
0
17
0
21
0
13
0
36
0
23
0
23
0
14
0
15
0
12
0
22
0
16
0
26
0
13
0
42
0
18
0
19
0
19
0
16
0
22
0
15
0
14
0
32
0
17
0
29
0
19
0
14
0
20
0
9
0
44
0
22
0
15
0
14
0
26
0
20
0
29
0
23
0
26
0
27
0
35
0
13
0
33
0
31
0
10
0
13
0
26
0
26
0
20
0
33
0
18
0
20
0
15
0
33
0
14
0
22
0
26
0
33
0
20
0
30
0
20
0
24
0
22
0
35
0
29
0
23
0
15
0
14
0
22
0
24
0
14
0
15
0
23
0
14
0
9
0
32
0
31
0
13
0
17
0
21
0
18
0
24
0
9
0
25
0
15
0
21
0
40
0
13
0
19
0
12
0
26
0
18
0
13
0
15
0
13
0
8
0
28
0
27
0
34
0
20
0
31
0
19
0
14
0
24
0
11
0
14
0
26
0
23
0
11
0
14
0
25
0
0
0
24
0
10
0
26
0
20
0
18
0
14
0
25
0
9
0
22
0
11
0
17
0
31
0
15
0
7
0
29
0
35
0
14
0
6
0
4
0
26
0
23
0
29
0
16
0
19
0
46
0
53
0
24
0
17
0
15
0
21
0
14
0
16
0
20
0
31
0
6
0
4
0
33
0
6
0
23
0
18
0
18
0
18
0
17
0
20
0
23
0
37
0
27
0
21
0
23
0
11
0
40
0
22
0
39
0
7
0
16
0
28
0
25
0
27
0
30
0
21
0
38
0
34
0
28
0
32
0
16
0
31
0
8
0
24
0
0
0
5
0
8
0
17
0
8
0
30
0
31
0
14
0
21
0
27
0
3
0
28
0
22
0
0
0
26
0
10
0
24
0
17
0
36
0
24
0
39
0
22
0
2
0
27
0
11
0
19
0
36
0
25
0
33
0
25
0
34
0
36
0
47
0
24
0
26
0
6
0
25
0
16
0
12
0
17
0
7
0
25
0
38
0
8
0
22
0
43
0
14
0
21
0
13
0
27
0
13
0
17
0
21
0
8
0
30
0
39
0
26
0
18
0
19
0
11
0
17
0
32
0
42
0
33
0
7
0
19
0
26
0
9
0
25
0
26
0
22
0
20
0
10
0
20
0
23
0
14
0
9
0
30
0
23
0
25
0
16
0
22
0
22
0
5
0
16
0
21
0
23
0
15
0
32
0
6
0
25
0
28
0
23
0
24
0
21
0
27
0
2
0
26
0
45
0
30
0
23
0
9
0
47
0
22
0
13
0
21
0
11
0
25
0
29
0
16
0
36
0
22
0
19
0
24
0
28
0
15
0
12
0
16
0
41
0
38
0
29
0
9
0
13
0
21
0
20
0
23
0
27
0
40
0
35
0
13
0
26
0
35
0
25
0
275
0
16
0
19
0
14
0
14
0
12
0
21
0
50
0
14
0
11
0
12
0
24
0
22
0
38
0
16
0
19
0
35
0
