0
36
0
10
0
6
0
36
0
26
0
20
0
23
0
42
0
16
0
20
0
20
0
12
0
36
0
6
0
28
0
23
0
41
0
23
0
28
0
25
0
14
0
25
0
3
0
12
0
15
0
17
0
17
0
19
0
12
0
28
0
32
0
20
0
32
0
30
0
27
0
30
0
0
0
5
0
24
0
27
0
15
0
26
0
2
0
24
0
8
0
17
0
29
0
5
0
24
0
20
0
19
0
21
0
23
0
3
0
39
0
22
0
18
0
9
0
46
0
13
0
18
0
45
0
8
0
21
0
26
0
30
0
4
0
25
0
7
0
22
0
21
0
20
0
33
0
22
0
18
0
25
0
28
0
15
0
21
0
24
0
15
0
31
0
27
0
22
0
14
0
27
0
15
0
16
0
29
0
36
0
33
0
14
0
34
0
5
0
20
0
26
0
13
0
22
0
26
0
21
0
34
0
34
0
21
0
29
0
30
0
8
0
8
0
28
0
21
0
27
0
24
0
20
0
34
0
26
0
23
0
22
0
26
0
19
0
14
0
35
0
17
0
20
0
26
0
17
0
11
0
10
0
8
0
29
0
15
0
34
0
14
0
19
0
19
0
4
0
19
0
23
0
24
0
14
0
23
0
15
0
6
0
23
0
38
0
17
0
16
0
22
0
21
0
38
0
25
0
26
0
23
0
27
0
33
0
36
0
12
0
14
0
6
0
27
0
25
0
17
0
17
0
17
0
9
0
21
0
11
0
20
0
16
0
25
0
30
0
28
0
35
0
24
0
24
0
22
0
31
0
10
0
31
0
34
0
14
0
33
0
11
0
5
0
11
0
18
0
21
0
9
0
0
0
20
0
17
0
17
0
8
0
26
0
27
0
29
0
9
0
17
0
41
0
18
0
11
0
20
0
25
0
28
0
24
0
16
0
16
0
24
0
14
0
28
0
27
0
11
0
15
0
9
0
21
0
23
0
38
0
22
0
11
0
47
0
33
0
24
0
18
0
46
0
6
0
3
0
21
0
5
0
11
0
24
0
19
0
40
0
17
0
27
0
10
0
28
0
10
0
17
0
44
0
5
0
15
0
17
0
22
0
25
0
19
0
1
0
21
0
12
0
13
0
31
0
3
0
22
0
21
0
21
0
23
0
21
0
31
0
5
0
21
0
25
0
29
0
10
0
8
0
29
0
19
0
15
0
32
0
16
0
23
0
9
0
30
0
17
0
10
0
28
0
33
0
17
0
31
0
5
0
26
0
14
0
20
0
14
0
9
0
21
0
18
0
38
0
34
0
8
0
31
0
26
0
29
0
35
0
14
0
33
0
26
0
34
0
14
0
47
0
46
0
17
0
31
0
23
0
12
0
30
0
20
0
24
0
37
0
14
0
25
0
34
0
21
0
20
0
41
0
13
0
34
0
34
0
15
0
9
0
16
0
32
0
18
0
14
0
20
0
16
0
44
0
12
0
18
0
7
0
15
0
23
0
10
0
9
0
29
0
46
0
3
0
8
0
20
0
13
0
32
0
9
0
24
0
25
0
32
0
36
0
24
0
25
0
40
0
23
0
25
0
14
0
10
0
22
0
33
0
38
0
20
0
7
0
27
0
24
0
17
0
10
0
26
0
26
0
21
0
26
0
38
0
10
0
12
0
20
0
27
0
37
0
1
0
15
0
21
0
9
0
33
0
39
0
30
0
21
0
6
0
10
0
32
0
15
0
13
0
22
0
19
0
21
0
12
0
14
0
20
0
22
0
25
0
22
0
18
0
47
0
31
0
17
0
26
0
20
0
32
0
10
0
17
0
24
0
17
0
11
0
16
0
45
0
20
0
28
0
8
0
16
0
21
0
15
0
34
0
21
0
35
0
19
0
22
0
14
0
30
0
26
0
16
0
18
0
20
0
23
0
14
0
10
0
32
0
45
0
21
0
14
0
17
0
36
0
20
0
22
0
12
0
25
0
24
0
17
0
9
0
31
0
47
0
24
0
27
0
8
0
23
0
31
0
19
0
23
0
28
0
22
0
18
0
22
0
24
0
34
0
28
0
20
0
18
0
30
0
21
0
39
0
33
0
16
0
30
0
25
0
17
0
8
0
6
0
15
0
6
0
16
0
19
0
23
0
21
0
21
0
21
0
125
0
29
0
184
0
640
0
815
0
24
0
14
0
8
0
22
0
97
0
237
0
8
0
13
0
11
0
23
0
30
0
7
0
24
0
32
0
16
0
17
0
37
0
26
0
29
0
24
0
13
0
17
0
