0
20
0
26
0
36
0
39
0
19
0
24
0
17
0
12
0
29
0
28
0
15
0
10
0
24
0
25
0
20
0
21
0
31
0
23
0
17
0
16
0
24
0
25
0
22
0
12
0
10
0
18
0
25
0
13
0
26
0
15
0
22
0
16
0
0
0
21
0
33
0
11
0
27
0
29
0
18
0
23
0
8
0
26
0
22
0
17
0
43
0
15
0
32
0
21
0
12
0
14
0
26
0
13
0
24
0
40
0
27
0
29
0
41
0
24
0
23
0
47
0
29
0
7
0
22
0
23
0
16
0
26
0
24
0
17
0
36
0
11
0
13
0
19
0
27
0
18
0
4
0
14
0
20
0
11
0
26
0
33
0
20
0
23
0
23
0
0
0
18
0
8
0
10
0
27
0
33
0
34
0
31
0
24
0
11
0
13
0
32
0
31
0
10
0
15
0
13
0
10
0
31
0
34
0
26
0
24
0
18
0
19
0
13
0
27
0
14
0
45
0
14
0
34
0
23
0
20
0
31
0
17
0
33
0
27
0
29
0
26
0
3
0
9
0
25
0
23
0
10
0
13
0
17
0
26
0
10
0
44
0
21
0
19
0
25
0
24
0
14
0
16
0
45
0
25
0
10
0
29
0
27
0
13
0
15
0
10
0
22
0
11
0
10
0
24
0
13
0
26
0
17
0
39
0
17
0
34
0
45
0
31
0
31
0
19
0
31
0
19
0
22
0
16
0
18
0
15
0
13
0
19
0
16
0
21
0
10
0
7
0
31
0
41
0
22
0
24
0
43
0
16
0
17
0
28
0
12
0
35
0
26
0
12
0
34
0
12
0
43
0
24
0
15
0
24
0
27
0
20
0
17
0
26
0
19
0
18
0
16
0
49
0
37
0
13
0
20
0
27
0
41
0
11
0
51
0
58
0
11
0
19
0
16
0
17
0
4
0
23
0
14
0
17
0
23
0
36
0
12
0
14
0
10
0
45
0
26
0
25
0
11
0
21
0
18
0
13
0
32
0
26
0
14
0
7
0
13
0
16
0
13
0
10
0
20
0
16
0
30
0
35
0
19
0
17
0
27
0
20
0
35
0
32
0
35
0
14
0
8
0
35
0
29
0
20
0
14
0
49
0
22
0
17
0
33
0
14
0
31
0
24
0
15
0
15
0
18
0
11
0
22
0
10
0
27
0
22
0
34
0
37
0
28
0
32
0
10
0
30
0
20
0
11
0
17
0
6
0
18
0
49
0
10
0
14
0
20
0
24
0
20
0
9
0
17
0
11
0
29
0
15
0
27
0
20
0
28
0
41
0
14
0
17
0
50
0
28
0
15
0
30
0
15
0
27
0
16
0
17
0
42
0
26
0
25
0
7
0
47
0
33
0
32
0
28
0
28
0
20
0
20
0
20
0
15
0
17
0
11
0
24
0
38
0
20
0
27
0
16
0
18
0
17
0
17
0
41
0
30
0
23
0
13
0
15
0
32
0
5
0
37
0
38
0
6
0
32
0
20
0
22
0
24
0
34
0
36
0
16
0
34
0
28
0
44
0
5
0
19
0
20
0
15
0
16
0
8
0
72
0
45
0
15
0
21
0
15
0
28
0
28
0
15
0
13
0
20
0
34
0
89
0
29
0
30
0
16
0
20
0
14
0
25
0
89
0
31
0
34
0
33
0
26
0
17
0
27
0
18
0
23
0
6
0
13
0
23
0
123
0
17
0
30
0
20
0
27
0
23
0
98
0
14
0
34
0
2
0
46
0
10
0
38
0
16
0
219
0
73
0
63
0
63
0
60
0
67
0
69
0
83
0
129
0
16
0
20
0
20
0
24
0
25
0
16
0
15
0
32
0
48
0
18
0
33
0
19
0
19
0
15
0
15
0
16
0
15
0
24
0
40
0
318
251
403
334
422
347
422
343
436
360
478
423
539
483
584
528
628
580
657
606
668
616
673
670
669
670
669
617
675
671
674
623
681
635
692
695
701
701
702
659
705
529
614
530
611
543
633
591
661
616
686
643
711
667
720
677
726
726
725
722
719
665
716
668
715
667
715
659
710
640
696
634
687
677
674
670
669
661
647
563
635
527
720
722
716
0
717
0
25
0
34
0
46
0
32
0
26
0
33
0
29
0
20
0
304
0
36
0
38
0
30
0
19
0
22
0
24
0
8
0
23
0
41
0
162
0
46
0
15
0
12
0
37
0
29
0
27
0
42
0
27
0
24
0
20
0
15
0
24
0
23
0
18
0
39
0
5
0
