0
2
0
0
0
12
0
19
0
12
0
0
0
12
0
8
0
0
0
0
0
0
0
0
0
0
0
8
0
0
0
10
0
0
0
36
0
0
0
8
0
0
0
0
0
1
0
0
0
0
0
9
0
0
0
18
0
0
0
0
0
1
0
0
0
0
0
28
0
0
0
0
0
25
0
32
0
6
0
0
0
5
0
0
0
0
0
0
0
0
0
3
0
9
0
0
0
17
0
16
0
0
0
17
0
11
0
3
0
0
0
10
0
0
0
0
0
43
0
0
0
0
0
3
0
0
0
14
0
0
0
31
0
0
0
0
0
13
0
0
0
0
0
0
0
6
0
19
0
0
0
19
0
0
0
29
0
1
0
0
0
0
0
0
0
0
0
0
0
0
0
10
0
0
0
0
0
0
0
0
0
0
0
0
0
0
0
16
0
31
0
42
0
127
0
395
0
4
0
6
0
0
0
0
0
0
0
35
0
17
0
1
0
13
0
29
0
11
0
22
0
0
0
0
0
8
0
0
0
0
0
0
0
5
0
26
0
8
0
0
0
5
0
3
0
16
0
3
0
0
0
0
0
0
0
0
0
8
0
0
0
0
0
0
0
14
0
0
0
0
0
0
0
0
0
0
0
0
0
25
0
2
0
21
0
0
0
0
0
0
0
2
0
0
0
15
0
4
0
0
0
0
0
2
0
12
0
16
0
30
0
0
0
0
0
16
0
0
0
6
0
7
0
7
0
0
0
0
0
1
0
56
0
14
0
0
0
0
0
0
0
32
0
0
0
14
0
3
0
0
0
0
0
0
0
11
0
0
0
0
0
5
0
0
0
0
0
0
0
7
0
7
0
0
0
8
0
13
0
0
0
0
0
27
0
7
0
0
0
8
0
0
0
20
0
11
0
0
0
0
0
0
0
0
0
0
0
0
0
0
0
16
0
0
0
15
0
0
0
0
0
0
0
0
0
0
0
0
0
0
0
0
0
0
0
0
0
0
0
0
0
28
0
0
0
0
0
0
0
32
0
3
0
0
0
0
0
0
0
11
0
0
0
0
0
0
0
10
0
13
0
0
0
0
0
15
0
24
0
24
0
0
0
1
0
11
0
4
0
12
0
22
0
0
0
12
0
0
0
13
0
0
0
0
0
0
0
0
0
16
0
5
0
45
0
0
0
0
0
0
0
21
0
0
0
7
0
54
0
0
0
30
0
8
0
8
0
6
0
0
0
0
0
0
0
28
0
9
0
5
0
17
0
32
0
0
0
9
0
0
0
5
0
4
0
0
0
15
0
1
0
5
0
14
0
11
0
0
0
0
0
0
0
26
0
25
0
2
0
0
0
0
0
8
0
7
0
0
0
15
0
0
0
16
0
0
0
0
0
15
0
6
0
0
0
2
0
0
0
0
0
0
0
13
0
6
0
12
0
0
0
0
0
9
0
0
0
0
0
0
0
6
0
0
0
5
0
0
0
0
0
0
0
0
0
5
0
0
0
0
0
0
0
9
0
10
0
18
0
14
0
13
0
6
0
0
0
0
0
0
0
1
0
1
0
0
0
0
0
7
0
0
0
0
0
9
0
0
0
30
0
0
0
0
0
8
0
28
0
19
0
18
0
5
0
25
0
12
0
51
0
10
0
14
0
0
0
0
0
0
0
19
0
0
0
0
0
0
0
4
0
0
0
0
0
0
0
7
0
23
0
2
0
0
0
1
0
0
0
0
0
5
0
0
0
21
0
0
0
16
0
40
0
10
0
0
0
7
0
0
0
0
0
0
0
10
0
6
0
0
0
3
0
44
0
9
0
0
0
0
0
0
0
30
0
0
0
28
0
8
0
0
0
0
0
0
0
2
0
0
0
0
0
0
0
10
0
66
0
5
0
6
0
0
0
0
0
3
0
0
0
6
0
0
0
4
0
39
0
0
0
26
0
0
0
0
0
0
0
0
0
0
0
0
0
0
0
0
0
0
0
0
0
9
0
0
0
29
0
19
0
0
0
6
0
19
0
11
0
0
0
10
0
6
0
5
0
0
0
26
0
0
0
48
0
0
0
9
0
0
0
27
0
23
0
0
0
1
0
7
0
0
0
9
0
2
0
0
0
2
0
22
0
0
0
0
0
27
0
0
0
0
0
22
0
27
0
0
0
16
0
24
0
0
0
9
0
18
0
8
0
0
0
18
0
0
0
486
0
11
0
0
0
25
0
13
0
3
0
15
0
0
0
13
0
0
0
1
0
0
0
0
0
0
0
2
0
0
0
13
0
