0
6
0
0
0
0
0
5
0
18
0
0
0
14
0
19
0
0
0
2
0
0
0
0
0
0
0
7
0
22
0
0
0
17
0
1
0
0
0
2
0
28
0
16
0
0
0
7
0
0
0
0
0
0
0
6
0
0
0
25
0
0
0
0
0
11
0
40
0
12
0
0
0
0
0
0
0
5
0
0
0
0
0
0
0
0
0
2
0
7
0
0
0
1
0
2
0
0
0
6
0
6
0
12
0
16
0
0
0
0
0
37
0
7
0
3
0
0
0
0
0
0
0
0
0
0
0
0
0
1
0
0
0
16
0
4
0
7
0
12
0
0
0
3
0
0
0
0
0
0
0
13
0
4
0
27
0
0
0
13
0
8
0
24
0
12
0
0
0
0
0
2
0
0
0
0
0
4
0
2
0
0
0
0
0
0
0
12
0
0
0
0
0
0
0
0
0
2
0
17
0
0
0
11
0
0
0
0
0
0
0
0
0
0
0
0
0
4
0
18
0
32
0
0
0
0
0
9
0
0
0
0
0
0
0
0
0
18
0
3
0
4
0
0
0
14
0
31
0
0
0
0
0
8
0
0
0
0
0
10
0
0
0
26
0
0
0
0
0
0
0
0
0
15
0
22
0
0
0
0
0
0
0
0
0
12
0
0
0
22
0
32
0
0
0
0
0
0
0
0
0
0
0
0
0
10
0
15
0
0
0
49
0
4
0
16
0
0
0
1
0
4
0
8
0
12
0
13
0
31
0
5
0
19
0
0
0
0
0
15
0
5
0
0
0
0
0
18
0
0
0
0
0
0
0
0
0
26
0
9
0
15
0
1
0
18
0
15
0
0
0
0
0
0
0
13
0
0
0
0
0
0
0
0
0
16
0
7
0
0
0
0
0
7
0
13
0
19
0
0
0
0
0
0
0
0
0
16
0
3
0
0
0
0
0
0
0
29
0
0
0
2
0
0
0
16
0
15
0
50
0
0
0
1
0
17
0
0
0
0
0
32
0
0
0
0
0
5
0
18
0
0
0
0
0
14
0
0
0
7
0
0
0
0
0
0
0
9
0
0
0
0
0
0
0
0
0
17
0
0
0
0
0
0
0
2
0
0
0
7
0
0
0
17
0
0
0
0
0
3
0
17
0
8
0
0
0
0
0
0
0
0
0
0
0
0
0
0
0
0
0
1
0
0
0
9
0
14
0
1
0
1
0
0
0
0
0
2
0
0
0
22
0
0
0
8
0
16
0
5
0
44
0
20
0
18
0
0
0
0
0
25
0
0
0
0
0
0
0
903
673
796
505
632
375
498
250
456
208
793
621
732
434
594
220
428
63
361
0
328
0
263
0
266
0
233
0
229
0
205
0
277
0
267
0
239
0
216
0
160
0
116
0
89
0
98
0
71
0
38
0
0
0
0
0
0
0
25
0
22
0
0
0
0
0
0
0
0
0
7
0
0
0
0
0
0
0
0
0
42
0
47
0
0
0
26
0
3
0
9
0
0
0
17
0
25
0
58
0
0
0
0
0
0
0
0
0
0
0
0
0
35
0
0
0
0
0
5
0
0
0
0
0
11
0
0
0
0
0
10
0
28
0
0
0
2
0
13
0
0
0
3
0
0
0
0
0
7
0
0
0
6
0
0
0
16
0
10
0
10
0
19
0
0
0
11
0
0
0
0
0
15
0
0
0
3
0
0
0
0
0
0
0
0
0
0
0
0
0
0
0
26
0
0
0
23
0
25
0
0
0
19
0
0
0
9
0
0
0
8
0
26
0
0
0
0
0
14
0
46
0
0
0
0
0
14
0
0
0
27
0
0
0
20
0
0
0
0
0
39
0
8
0
0
0
25
0
0
0
23
0
13
0
0
0
2
0
4
0
32
0
0
0
11
0
20
0
5
0
0
0
0
0
0
0
16
0
0
0
0
0
18
0
0
0
21
0
1
0
0
0
12
0
38
0
0
0
1
0
0
0
8
0
0
0
30
0
0
0
7
0
0
0
0
0
22
0
0
0
13
0
0
0
0
0
0
0
0
0
0
0
11
0
0
0
0
0
0
0
0
0
0
0
0
0
0
0
0
0
7
0
0
0
19
0
24
0
20
0
26
0
0
0
0
0
8
0
2
0
0
0
10
0
5
0
0
0
0
0
42
0
0
0
2
0
0
0
19
0
22
0
0
0
8
0
24
0
195
0
0
0
0
0
25
0
0
0
0
0
0
0
2
0
18
0
0
0
2
0
0
0
13
0
26
0
0
0
12
0
0
0
