0
0
0
5
0
1
0
14
0
0
0
0
0
0
0
6
0
8
0
1
0
30
0
0
0
0
0
0
0
6
0
0
0
16
0
0
0
2
0
0
0
1
0
3
0
0
0
0
0
0
0
8
0
40
0
13
0
0
0
11
0
13
0
0
0
6
0
0
0
9
0
4
0
0
0
11
0
9
0
21
0
22
0
0
0
0
0
17
0
0
0
14
0
0
0
33
0
0
0
0
0
0
0
5
0
2
0
20
0
0
0
0
0
7
0
0
0
1
0
0
0
15
0
49
0
3
0
6
0
0
0
0
0
0
0
0
0
0
0
6
0
4
0
0
0
18
0
0
0
0
0
0
0
14
0
18
0
7
0
0
0
1
0
0
0
18
0
0
0
0
0
4
0
0
0
0
0
0
0
10
0
0
0
0
0
0
0
0
0
16
0
9
0
39
0
16
0
0
0
54
0
37
0
86
0
79
0
481
0
2
0
12
0
0
0
3
0
2
0
0
0
13
0
20
0
4
0
0
0
0
0
0
0
1
0
5
0
0
0
0
0
10
0
0
0
0
0
0
0
4
0
0
0
0
0
3
0
3
0
0
0
6
0
0
0
0
0
22
0
0
0
0
0
0
0
21
0
0
0
0
0
0
0
35
0
0
0
0
0
14
0
10
0
20
0
0
0
0
0
4
0
0
0
0
0
1
0
14
0
0
0
7
0
17
0
0
0
0
0
0
0
7
0
13
0
0
0
7
0
0
0
3
0
6
0
14
0
1
0
11
0
4
0
3
0
0
0
15
0
0
0
10
0
1
0
3
0
0
0
6
0
0
0
0
0
0
0
0
0
0
0
0
0
0
0
0
0
0
0
0
0
0
0
0
0
15
0
9
0
6
0
19
0
17
0
15
0
18
0
0
0
14
0
0
0
28
0
7
0
17
0
4
0
1
0
10
0
0
0
19
0
4
0
24
0
0
0
1
0
0
0
2
0
0
0
1
0
0
0
8
0
0
0
3
0
0
0
1
0
18
0
0
0
2
0
17
0
0
0
0
0
18
0
0
0
15
0
0
0
13
0
30
0
0
0
17
0
6
0
0
0
0
0
3
0
21
0
4
0
0
0
20
0
0
0
29
0
0
0
17
0
0
0
4
0
0
0
0
0
0
0
15
0
0
0
18
0
4
0
17
0
12
0
11
0
2
0
15
0
0
0
0
0
0
0
0
0
0
0
2
0
3
0
0
0
14
0
0
0
0
0
24
0
0
0
11
0
27
0
0
0
22
0
0
0
14
0
0
0
0
0
21
0
3
0
28
0
0
0
0
0
0
0
0
0
0
0
0
0
31
0
9
0
0
0
2
0
0
0
0
0
1
0
24
0
0
0
0
0
31
0
7
0
0
0
0
0
0
0
0
0
0
0
0
0
7
0
0
0
21
0
0
0
37
0
0
0
0
0
0
0
0
0
0
0
3
0
0
0
0
0
20
0
6
0
0
0
0
0
10
0
0
0
2
0
0
0
1
0
16
0
4
0
0
0
0
0
11
0
0
0
18
0
0
0
0
0
0
0
0
0
0
0
0
0
0
0
9
0
0
0
0
0
0
0
0
0
8
0
0
0
9
0
10
0
0
0
6
0
0
0
0
0
2
0
0
0
0
0
0
0
0
0
30
0
0
0
18
0
0
0
25
0
15
0
0
0
6
0
11
0
0
0
0
0
0
0
4
0
1
0
14
0
0
0
37
0
10
0
12
0
0
0
0
0
0
0
29
0
3
0
0
0
10
0
0
0
8
0
4
0
0
0
0
0
0
0
25
0
3
0
10
0
3
0
0
0
0
0
11
0
0
0
0
0
14
0
5
0
0
0
0
0
0
0
3
0
0
0
8
0
14
0
27
0
0
0
0
0
31
0
0
0
0
0
0
0
0
0
0
0
3
0
6
0
19
0
12
0
0
0
0
0
5
0
0
0
14
0
0
0
10
0
11
0
0
0
0
0
15
0
0
0
8
0
0
0
0
0
0
0
0
0
0
0
15
0
13
0
0
0
6
0
8
0
4
0
26
0
8
0
0
0
0
0
0
0
2
0
0
0
1
0
8
0
1
0
43
0
16
0
0
0
4
0
0
0
0
0
3
0
14
0
6
0
0
0
0
0
0
0
11
0
8
0
2
0
4
0
0
0
31
0
16
0
306
0
0
0
4
0
10
0
13
0
0
0
13
0
3
0
5
0
0
0
34
0
0
0
1
0
0
0
0
0
22
0
20
0
6
0
