0
21
0
42
0
18
0
26
0
12
0
18
0
17
0
33
0
22
0
36
0
21
0
10
0
6
0
12
0
20
0
30
0
12
0
29
0
14
0
34
0
17
0
17
0
5
0
16
0
16
0
26
0
12
0
38
0
33
0
22
0
26
0
37
0
12
0
31
0
26
0
7
0
29
0
34
0
27
0
10
0
23
0
8
0
17
0
25
0
23
0
27
0
10
0
14
0
23
0
18
0
26
0
16
0
20
0
20
0
21
0
21
0
23
0
28
0
19
0
23
0
11
0
20
0
21
0
29
0
12
0
20
0
16
0
21
0
21
0
24
0
24
0
21
0
27
0
45
0
9
0
13
0
27
0
34
0
6
0
33
0
25
0
24
0
8
0
28
0
24
0
30
0
22
0
13
0
20
0
31
0
13
0
27
0
30
0
27
0
31
0
69
0
698
697
693
558
672
282
565
0
293
0
91
0
27
0
31
0
19
0
17
0
30
0
43
0
23
0
21
0
26
0
34
0
16
0
27
0
19
0
23
0
10
0
21
0
21
0
22
0
43
0
12
0
39
0
16
0
8
0
25
0
14
0
30
0
32
0
17
0
19
0
26
0
52
0
24
0
20
0
22
0
26
0
13
0
18
0
18
0
4
0
24
0
4
0
15
0
16
0
7
0
18
0
5
0
15
0
40
0
22
0
4
0
18
0
20
0
34
0
44
0
20
0
9
0
15
0
2
0
36
0
12
0
34
0
11
0
16
0
43
0
17
0
21
0
19
0
19
0
25
0
17
0
27
0
17
0
27
0
29
0
14
0
26
0
11
0
45
0
26
0
16
0
12
0
10
0
31
0
26
0
35
0
15
0
15
0
28
0
7
0
20
0
32
0
35
0
28
0
35
0
40
0
24
0
11
0
19
0
22
0
19
0
15
0
3
0
14
0
22
0
12
0
22
0
31
0
10
0
28
0
21
0
20
0
33
0
15
0
14
0
18
0
18
0
11
0
5
0
23
0
17
0
28
0
28
0
32
0
16
0
23
0
18
0
14
0
32
0
23
0
37
0
25
0
37
0
19
0
19
0
35
0
21
0
26
0
13
0
19
0
11
0
33
0
37
0
28
0
23
0
17
0
24
0
15
0
30
0
28
0
32
0
11
0
21
0
19
0
37
0
25
0
7
0
13
0
16
0
21
0
23
0
26
0
33
0
16
0
15
0
32
0
31
0
36
0
24
0
27
0
33
0
19
0
22
0
30
0
9
0
11
0
28
0
18
0
39
0
29
0
34
0
26
0
31
0
19
0
18
0
14
0
23
0
21
0
30
0
27
0
12
0
25
0
27
0
4
0
22
0
21
0
15
0
23
0
19
0
16
0
7
0
9
0
24
0
40
0
23
0
24
0
41
0
22
0
24
0
30
0
17
0
18
0
11
0
23
0
13
0
17
0
9
0
6
0
17
0
7
0
32
0
22
0
24
0
9
0
16
0
19
0
16
0
20
0
10
0
31
0
32
0
26
0
12
0
32
0
21
0
16
0
36
0
0
0
12
0
9
0
42
0
13
0
36
0
34
0
16
0
6
0
35
0
7
0
26
0
20
0
13
0
14
0
30
0
8
0
27
0
27
0
43
0
2
0
22
0
23
0
24
0
44
0
7
0
31
0
25
0
19
0
20
0
17
0
21
0
15
0
16
0
17
0
22
0
22
0
14
0
10
0
28
0
40
0
54
0
28
0
25
0
41
0
26
0
6
0
19
0
18
0
26
0
19
0
9
0
22
0
19
0
29
0
52
0
28
0
10
0
10
0
11
0
25
0
16
0
29
0
8
0
11
0
17
0
38
0
32
0
23
0
10
0
15
0
30
0
29
0
41
0
28
0
46
0
47
0
40
0
12
0
17
0
28
0
10
0
2
0
27
0
19
0
21
0
8
0
30
0
27
0
24
0
50
0
30
0
35
0
12
0
18
0
21
0
27
0
25
0
5
0
19
0
14
0
26
0
37
0
26
0
13
0
13
0
32
0
40
0
27
0
20
0
12
0
11
0
19
0
16
0
20
0
35
0
20
0
20
0
17
0
26
0
24
0
17
0
22
0
26
0
37
0
25
0
21
0
29
0
8
0
18
0
35
0
28
0
12
0
32
0
16
0
24
0
27
0
19
0
19
0
47
0
17
0
14
0
41
0
9
0
35
0
288
0
39
0
10
0
28
0
14
0
37
0
35
0
16
0
23
0
36
0
29
0
8
0
15
0
12
0
14
0
28
0
29
0
