0
14
0
28
0
18
0
25
0
16
0
27
0
35
0
9
0
21
0
25
0
24
0
6
0
34
0
19
0
28
0
11
0
20
0
25
0
8
0
26
0
37
0
19
0
13
0
24
0
9
0
16
0
10
0
44
0
32
0
17
0
10
0
24
0
29
0
7
0
27
0
8
0
18
0
8
0
14
0
39
0
26
0
27
0
42
0
53
0
31
0
36
0
32
0
41
0
15
0
33
0
19
0
17
0
21
0
28
0
23
0
20
0
23
0
29
0
15
0
26
0
22
0
24
0
11
0
16
0
7
0
15
0
22
0
21
0
26
0
34
0
18
0
14
0
34
0
20
0
8
0
30
0
12
0
22
0
13
0
37
0
33
0
17
0
15
0
16
0
17
0
16
0
13
0
10
0
26
0
47
0
21
0
52
0
33
0
12
0
23
0
19
0
26
0
37
0
32
0
20
0
26
0
23
0
22
0
12
0
15
0
29
0
10
0
16
0
17
0
34
0
38
0
19
0
6
0
29
0
18
0
16
0
51
0
3
0
25
0
27
0
21
0
41
0
9
0
27
0
32
0
20
0
26
0
17
0
15
0
6
0
21
0
13
0
38
0
28
0
23
0
15
0
26
0
18
0
33
0
19
0
8
0
33
0
26
0
9
0
27
0
21
0
11
0
11
0
19
0
6
0
15
0
11
0
30
0
17
0
16
0
10
0
30
0
20
0
15
0
13
0
20
0
19
0
32
0
23
0
34
0
23
0
16
0
19
0
21
0
22
0
14
0
16
0
10
0
36
0
29
0
8
0
15
0
13
0
32
0
37
0
7
0
20
0
36
0
20
0
28
0
17
0
28
0
10
0
26
0
38
0
35
0
21
0
17
0
39
0
10
0
21
0
21
0
16
0
25
0
24
0
32
0
45
0
14
0
13
0
21
0
22
0
19
0
15
0
9
0
5
0
34
0
30
0
32
0
44
0
26
0
6
0
15
0
24
0
12
0
37
0
12
0
23
0
17
0
12
0
36
0
19
0
18
0
13
0
30
0
42
0
31
0
21
0
26
0
14
0
19
0
10
0
18
0
18
0
26
0
8
0
23
0
13
0
19
0
15
0
23
0
18
0
18
0
12
0
18
0
37
0
36
0
10
0
18
0
15
0
17
0
17
0
21
0
22
0
30
0
30
0
31
0
14
0
10
0
14
0
17
0
18
0
29
0
19
0
29
0
16
0
6
0
17
0
26
0
20
0
33
0
28
0
9
0
12
0
18
0
19
0
45
0
25
0
33
0
9
0
30
0
15
0
28
0
27
0
23
0
19
0
17
0
20
0
22
0
15
0
30
0
24
0
26
0
42
0
35
0
17
0
16
0
14
0
26
0
29
0
43
0
15
0
37
0
19
0
28
0
30
0
37
0
17
0
7
0
16
0
33
0
16
0
20
0
7
0
11
0
28
0
31
0
27
0
25
0
21
0
22
0
28
0
23
0
8
0
12
0
30
0
24
0
11
0
18
0
21
0
27
0
22
0
32
0
30
0
7
0
23
0
23
0
22
0
17
0
63
0
37
0
26
0
24
0
30
0
6
0
16
0
10
0
23
0
10
0
34
0
15
0
22
0
7
0
16
0
21
0
18
0
14
0
29
0
9
0
14
0
24
0
15
0
8
0
2
0
6
0
22
0
10
0
12
0
25
0
23
0
32
0
15
0
26
0
35
0
49
0
11
0
15
0
2
0
16
0
28
0
19
0
24
0
43
0
43
0
27
0
22
0
47
0
35
0
43
0
11
0
11
0
10
0
37
0
16
0
26
0
20
0
12
0
20
0
18
0
25
0
17
0
26
0
15
0
30
0
28
0
47
0
24
0
11
0
21
0
26
0
8
0
19
0
21
0
26
0
37
0
31
0
17
0
17
0
23
0
11
0
30
0
25
0
12
0
20
0
11
0
9
0
13
0
27
0
18
0
33
0
16
0
13
0
26
0
10
0
22
0
16
0
20
0
21
0
27
0
8
0
18
0
24
0
9
0
7
0
20
0
28
0
15
0
13
0
41
0
19
0
21
0
9
0
28
0
4
0
12
0
23
0
15
0
19
0
40
0
18
0
16
0
14
0
21
0
30
0
15
0
10
0
17
0
12
0
48
0
26
0
11
0
32
0
17
0
13
0
14
0
18
0
28
0
18
0
19
0
83
0
34
0
10
0
17
0
17
0
28
0
30
0
18
0
17
0
22
0
24
0
23
0
8
0
26
0
18
0
20
0
10
0
