0
0
0
2
0
0
0
10
0
0
0
15
0
15
0
3
0
0
0
17
0
16
0
31
0
0
0
25
0
9
0
0
0
9
0
1
0
6
0
0
0
14
0
6
0
0
0
0
0
0
0
0
0
2
0
15
0
7
0
0
0
10
0
0
0
22
0
17
0
0
0
0
0
56
0
14
0
25
0
15
0
0
0
0
0
17
0
67
0
3
0
6
0
9
0
4
0
0
0
16
0
8
0
16
0
1
0
0
0
0
0
0
0
0
0
0
0
16
0
0
0
13
0
13
0
27
0
5
0
19
0
0
0
0
0
0
0
0
0
0
0
0
0
0
0
29
0
0
0
0
0
8
0
21
0
0
0
0
0
28
0
16
0
5
0
0
0
0
0
14
0
10
0
7
0
0
0
0
0
7
0
10
0
9
0
0
0
0
0
8
0
12
0
0
0
4
0
0
0
6
0
0
0
9
0
0
0
0
0
2
0
0
0
5
0
0
0
0
0
0
0
22
0
0
0
0
0
0
0
19
0
7
0
12
0
0
0
28
0
0
0
2
0
2
0
0
0
9
0
13
0
0
0
1
0
28
0
13
0
0
0
26
0
0
0
2
0
0
0
3
0
2
0
19
0
8
0
0
0
0
0
36
0
10
0
11
0
9
0
0
0
7
0
0
0
0
0
2
0
0
0
0
0
23
0
0
0
0
0
3
0
9
0
24
0
14
0
0
0
0
0
0
0
14
0
11
0
0
0
28
0
20
0
27
0
11
0
0
0
0
0
2
0
0
0
2
0
0
0
0
0
5
0
0
0
3
0
12
0
0
0
0
0
15
0
1
0
10
0
0
0
0
0
0
0
0
0
4
0
10
0
0
0
1
0
0
0
4
0
4
0
12
0
0
0
0
0
9
0
10
0
0
0
0
0
0
0
16
0
0
0
26
0
7
0
5
0
25
0
0
0
0
0
13
0
26
0
12
0
6
0
0
0
0
0
6
0
0
0
4
0
0
0
0
0
0
0
16
0
24
0
0
0
26
0
12
0
0
0
0
0
0
0
0
0
0
0
0
0
9
0
8
0
0
0
0
0
22
0
5
0
0
0
0
0
0
0
0
0
0
0
22
0
0
0
18
0
5
0
0
0
0
0
0
0
25
0
0
0
0
0
2
0
38
0
0
0
0
0
19
0
35
0
18
0
0
0
28
0
0
0
0
0
5
0
34
0
0
0
0
0
4
0
9
0
0
0
0
0
26
0
0
0
0
0
0
0
0
0
5
0
0
0
12
0
0
0
0
0
0
0
0
0
0
0
0
0
10
0
0
0
0
0
0
0
14
0
10
0
0
0
5
0
0
0
0
0
0
0
0
0
1
0
0
0
0
0
0
0
0
0
0
0
0
0
12
0
0
0
4
0
0
0
0
0
0
0
0
0
16
0
0
0
0
0
14
0
0
0
0
0
7
0
26
0
0
0
0
0
0
0
1
0
6
0
0
0
0
0
0
0
6
0
8
0
13
0
0
0
4
0
0
0
0
0
4
0
0
0
133
0
21
0
7
0
36
0
23
0
43
0
37
0
54
0
86
0
105
0
77
0
91
0
94
0
80
0
67
0
68
0
50
0
38
0
93
0
183
0
586
0
644
0
16
0
22
0
0
0
17
0
0
0
0
0
0
0
0
0
8
0
7
0
3
0
4
0
3
0
462
87
775
281
546
432
812
714
916
0
952
0
0
0
19
0
24
0
0
0
0
0
4
0
23
0
0
0
0
0
0
0
7
0
2
0
15
0
4
0
2
0
0
0
0
0
9
0
20
0
7
0
17
0
28
0
11
0
0
0
6
0
0
0
5
0
0
0
0
0
0
0
16
0
2
0
27
0
0
0
0
0
0
0
1
0
0
0
15
0
0
0
0
0
0
0
8
0
0
0
16
0
0
0
17
0
3
0
0
0
0
0
0
0
0
0
19
0
5
0
4
0
0
0
5
0
23
0
0
0
6
0
4
0
9
0
30
0
8
0
0
0
6
0
9
0
11
0
28
0
15
0
0
0
17
0
0
0
0
0
0
0
0
0
38
0
0
0
7
0
0
0
44
0
9
0
11
0
12
0
0
0
189
0
17
0
0
0
40
0
315
0
58
0
32
0
17
0
20
0
0
0
1
0
0
0
0
0
5
0
29
0
0
0
4
0
25
0
166
0
0
0
43
0
10
0
0
0
0
0
0
0
24
0
10
0
0
0
0
0
0
0
15
0
0
0
1
0
12
0
2
0
