0
4
0
32
0
9
0
21
0
7
0
14
0
22
0
40
0
21
0
16
0
19
0
42
0
21
0
35
0
29
0
22
0
4
0
9
0
22
0
24
0
30
0
18
0
5
0
26
0
8
0
25
0
39
0
21
0
5
0
24
0
12
0
11
0
19
0
23
0
21
0
21
0
12
0
29
0
16
0
8
0
24
0
9
0
19
0
22
0
34
0
16
0
10
0
26
0
17
0
23
0
14
0
24
0
35
0
19
0
9
0
18
0
8
0
19
0
14
0
17
0
17
0
40
0
18
0
33
0
25
0
12
0
10
0
25
0
13
0
16
0
21
0
17
0
21
0
13
0
17
0
9
0
32
0
43
0
19
0
28
0
20
0
24
0
14
0
27
0
24
0
50
0
39
0
25
0
16
0
38
0
4
0
29
0
21
0
26
0
29
0
21
0
34
0
7
0
36
0
23
0
18
0
35
0
16
0
14
0
25
0
16
0
15
0
20
0
24
0
19
0
21
0
23
0
18
0
37
0
4
0
19
0
28
0
28
0
9
0
44
0
20
0
12
0
15
0
14
0
7
0
13
0
30
0
24
0
13
0
8
0
20
0
26
0
20
0
36
0
17
0
13
0
33
0
24
0
28
0
9
0
33
0
31
0
32
0
23
0
26
0
38
0
15
0
4
0
20
0
24
0
7
0
29
0
10
0
19
0
17
0
19
0
29
0
45
0
37
0
23
0
21
0
12
0
13
0
31
0
24
0
16
0
29
0
11
0
18
0
37
0
22
0
30
0
19
0
29
0
5
0
23
0
25
0
21
0
19
0
23
0
25
0
23
0
7
0
18
0
23
0
22
0
10
0
32
0
22
0
7
0
34
0
17
0
12
0
30
0
16
0
5
0
18
0
31
0
9
0
25
0
12
0
35
0
23
0
19
0
35
0
23
0
13
0
12
0
33
0
50
0
22
0
14
0
13
0
23
0
12
0
14
0
7
0
23
0
22
0
12
0
24
0
18
0
19
0
18
0
22
0
10
0
33
0
12
0
11
0
7
0
36
0
14
0
18
0
16
0
25
0
29
0
23
0
10
0
35
0
17
0
5
0
34
0
25
0
45
0
7
0
19
0
25
0
22
0
9
0
27
0
18
0
21
0
18
0
17
0
29
0
12
0
23
0
12
0
24
0
34
0
11
0
17
0
30
0
37
0
22
0
25
0
10
0
25
0
26
0
28
0
18
0
20
0
40
0
16
0
31
0
26
0
9
0
18
0
24
0
29
0
30
0
18
0
27
0
11
0
32
0
36
0
20
0
19
0
14
0
14
0
14
0
18
0
3
0
31
0
20
0
9
0
14
0
20
0
34
0
28
0
17
0
32
0
8
0
36
0
19
0
10
0
28
0
23
0
24
0
28
0
12
0
41
0
18
0
12
0
17
0
17
0
14
0
15
0
2
0
22
0
19
0
38
0
23
0
15
0
12
0
11
0
17
0
12
0
16
0
11
0
43
0
12
0
15
0
37
0
23
0
24
0
21
0
18
0
14
0
18
0
34
0
18
0
34
0
17
0
27
0
26
0
3
0
41
0
29
0
12
0
21
0
24
0
17
0
13
0
19
0
14
0
21
0
42
0
18
0
24
0
18
0
40
0
30
0
11
0
27
0
28
0
35
0
41
0
33
0
31
0
27
0
18
0
21
0
23
0
28
0
15
0
14
0
20
0
12
0
21
0
26
0
14
0
35
0
22
0
21
0
37
0
44
0
16
0
17
0
21
0
6
0
17
0
19
0
2
0
30
0
21
0
24
0
26
0
30
0
20
0
24
0
6
0
16
0
18
0
12
0
40
0
18
0
5
0
19
0
41
0
17
0
29
0
19
0
22
0
15
0
20
0
9
0
14
0
22
0
21
0
15
0
46
0
20
0
9
0
21
0
8
0
12
0
15
0
19
0
39
0
22
0
23
0
11
0
14
0
34
0
19
0
15
0
25
0
49
0
30
0
11
0
21
0
13
0
12
0
31
0
18
0
28
0
28
0
21
0
26
0
14
0
28
0
26
0
13
0
22
0
17
0
47
0
17
0
35
0
44
0
21
0
21
0
27
0
10
0
31
0
23
0
13
0
32
0
37
0
25
0
34
0
29
0
20
0
10
0
7
0
22
0
13
0
17
0
100
0
16
0
16
0
19
0
14
0
145
0
14
0
23
0
28
0
12
0
16
0
12
0
29
0
28
0
16
0
19
0
18
0
23
0
29
0
12
0
18
0
5
0
