0
24
0
18
0
11
0
31
0
16
0
38
0
43
0
22
0
15
0
10
0
40
0
14
0
11
0
16
0
19
0
11
0
17
0
22
0
16
0
48
0
22
0
17
0
26
0
16
0
23
0
22
0
16
0
8
0
22
0
9
0
15
0
26
0
8
0
32
0
18
0
23
0
14
0
16
0
39
0
29
0
26
0
31
0
25
0
21
0
21
0
32
0
17
0
40
0
25
0
19
0
13
0
26
0
16
0
8
0
26
0
17
0
28
0
16
0
12
0
16
0
22
0
19
0
14
0
26
0
24
0
10
0
17
0
30
0
48
0
19
0
15
0
17
0
21
0
14
0
15
0
15
0
23
0
31
0
18
0
13
0
33
0
5
0
36
0
22
0
18
0
31
0
32
0
25
0
14
0
24
0
22
0
43
0
17
0
12
0
25
0
29
0
18
0
26
0
36
0
30
0
17
0
30
0
24
0
13
0
30
0
20
0
26
0
40
0
34
0
41
0
10
0
20
0
8
0
11
0
8
0
27
0
18
0
22
0
32
0
19
0
33
0
19
0
27
0
21
0
16
0
37
0
32
0
13
0
13
0
39
0
33
0
11
0
7
0
27
0
19
0
12
0
12
0
27
0
21
0
19
0
33
0
4
0
3
0
21
0
22
0
23
0
46
0
42
0
36
0
25
0
41
0
0
0
3
0
48
0
23
0
49
0
20
0
34
0
12
0
12
0
33
0
29
0
28
0
436
72
329
0
139
0
121
0
85
0
67
0
33
0
35
0
8
0
28
0
15
0
29
0
12
0
27
0
15
0
43
0
16
0
33
0
31
0
21
0
2
0
8
0
31
0
20
0
19
0
37
0
22
0
34
0
19
0
18
0
12
0
19
0
28
0
29
0
30
0
21
0
6
0
16
0
15
0
19
0
32
0
13
0
20
0
16
0
11
0
25
0
16
0
18
0
36
0
33
0
20
0
27
0
17
0
30
0
14
0
28
0
23
0
7
0
22
0
26
0
15
0
9
0
13
0
28
0
15
0
35
0
16
0
32
0
22
0
35
0
35
0
10
0
35
0
20
0
43
0
36
0
17
0
12
0
21
0
26
0
16
0
32
0
11
0
20
0
6
0
18
0
17
0
10
0
25
0
20
0
14
0
17
0
31
0
21
0
28
0
33
0
21
0
19
0
19
0
27
0
6
0
9
0
17
0
30
0
13
0
19
0
38
0
32
0
25
0
28
0
34
0
9
0
17
0
48
0
5
0
28
0
23
0
18
0
9
0
12
0
15
0
19
0
15
0
46
0
23
0
30
0
11
0
19
0
35
0
13
0
17
0
14
0
61
0
25
0
25
0
23
0
18
0
15
0
12
0
20
0
14
0
20
0
17
0
23
0
34
0
16
0
1
0
23
0
6
0
19
0
24
0
22
0
23
0
32
0
8
0
6
0
10
0
23
0
37
0
13
0
22
0
34
0
21
0
14
0
9
0
19
0
7
0
19
0
7
0
26
0
40
0
10
0
25
0
19
0
0
0
30
0
35
0
13
0
13
0
12
0
39
0
22
0
24
0
21
0
23
0
16
0
24
0
25
0
9
0
25
0
39
0
36
0
25
0
19
0
26
0
17
0
18
0
5
0
29
0
33
0
18
0
13
0
19
0
14
0
22
0
22
0
20
0
29
0
26
0
35
0
13
0
33
0
23
0
23
0
49
0
22
0
22
0
24
0
18
0
18
0
27
0
18
0
18
0
13
0
21
0
17
0
26
0
40
0
33
0
32
0
17
0
10
0
17
0
4
0
27
0
14
0
15
0
19
0
16
0
26
0
29
0
17
0
9
0
25
0
34
0
26
0
20
0
37
0
11
0
19
0
31
0
46
0
11
0
25
0
14
0
15
0
31
0
15
0
13
0
16
0
10
0
15
0
18
0
29
0
25
0
17
0
19
0
25
0
35
0
17
0
18
0
30
0
32
0
30
0
23
0
14
0
29
0
15
0
30
0
4
0
14
0
14
0
18
0
13
0
36
0
11
0
30
0
13
0
26
0
16
0
20
0
12
0
38
0
17
0
11
0
7
0
30
0
18
0
22
0
31
0
22
0
21
0
15
0
25
0
10
0
23
0
14
0
41
0
13
0
14
0
9
0
10
0
34
0
13
0
39
0
20
0
12
0
18
0
23
0
50
0
344
0
20
0
33
0
25
0
36
0
37
0
17
0
32
0
40
0
15
0
28
0
22
0
15
0
16
0
24
0
27
0
14
0
