0
0
0
0
0
8
0
21
0
13
0
2
0
0
0
0
0
0
0
0
0
19
0
4
0
1
0
0
0
10
0
5
0
0
0
0
0
0
0
1
0
0
0
7
0
29
0
0
0
17
0
0
0
0
0
0
0
0
0
27
0
0
0
10
0
2
0
27
0
5
0
0
0
0
0
25
0
0
0
0
0
2
0
0
0
32
0
0
0
18
0
1
0
0
0
0
0
3
0
6
0
0
0
0
0
0
0
4
0
0
0
0
0
10
0
0
0
2
0
0
0
11
0
0
0
0
0
0
0
0
0
0
0
0
0
12
0
0
0
0
0
4
0
0
0
10
0
0
0
0
0
8
0
0
0
10
0
3
0
0
0
10
0
20
0
11
0
4
0
0
0
0
0
11
0
1
0
0
0
0
0
0
0
0
0
0
0
5
0
9
0
0
0
13
0
4
0
0
0
0
0
0
0
0
0
2
0
19
0
0
0
5
0
0
0
0
0
0
0
0
0
0
0
14
0
0
0
0
0
0
0
0
0
0
0
18
0
0
0
0
0
0
0
0
0
0
0
5
0
7
0
0
0
0
0
6
0
10
0
0
0
0
0
5
0
0
0
0
0
0
0
0
0
0
0
10
0
1
0
6
0
0
0
11
0
0
0
0
0
0
0
0
0
11
0
21
0
0
0
0
0
0
0
0
0
0
0
0
0
1
0
0
0
0
0
0
0
0
0
0
0
11
0
25
0
0
0
0
0
22
0
19
0
4
0
64
0
661
426
933
18
956
682
798
289
509
88
364
0
267
0
91
0
0
0
23
0
14
0
14
0
8
0
0
0
4
0
7
0
8
0
10
0
0
0
33
0
0
0
27
0
0
0
0
0
12
0
0
0
0
0
19
0
0
0
16
0
9
0
0
0
13
0
8
0
0
0
0
0
0
0
0
0
2
0
2
0
57
0
0
0
0
0
0
0
5
0
0
0
5
0
0
0
15
0
14
0
4
0
0
0
5
0
0
0
3
0
0
0
3
0
13
0
0
0
0
0
13
0
0
0
4
0
7
0
0
0
20
0
1
0
15
0
17
0
10
0
31
0
6
0
23
0
0
0
7
0
0
0
4
0
17
0
0
0
0
0
0
0
12
0
0
0
15
0
12
0
0
0
0
0
52
0
0
0
2
0
12
0
2
0
16
0
0
0
16
0
0
0
0
0
23
0
8
0
15
0
0
0
11
0
2
0
1
0
0
0
11
0
5
0
10
0
2
0
0
0
7
0
0
0
0
0
27
0
20
0
0
0
0
0
0
0
0
0
0
0
4
0
19
0
0
0
0
0
22
0
9
0
0
0
6
0
0
0
0
0
11
0
5
0
0
0
0
0
18
0
26
0
0
0
0
0
3
0
0
0
0
0
2
0
37
0
0
0
4
0
0
0
0
0
7
0
0
0
0
0
0
0
0
0
0
0
21
0
0
0
10
0
0
0
0
0
7
0
0
0
1
0
0
0
16
0
27
0
0
0
0
0
0
0
0
0
9
0
11
0
0
0
3
0
0
0
0
0
0
0
0
0
0
0
0
0
2
0
1
0
14
0
0
0
0
0
0
0
49
0
0
0
2
0
1
0
19
0
12
0
0
0
0
0
0
0
11
0
10
0
8
0
0
0
9
0
7
0
47
0
0
0
0
0
24
0
4
0
0
0
0
0
0
0
0
0
0
0
3
0
21
0
0
0
0
0
23
0
8
0
7
0
0
0
9
0
0
0
0
0
15
0
1
0
16
0
22
0
0
0
0
0
18
0
6
0
0
0
0
0
26
0
16
0
0
0
13
0
0
0
1
0
0
0
0
0
12
0
20
0
0
0
1
0
12
0
0
0
13
0
17
0
0
0
0
0
0
0
0
0
0
0
0
0
8
0
0
0
0
0
0
0
0
0
13
0
8
0
0
0
19
0
0
0
7
0
19
0
12
0
2
0
9
0
0
0
0
0
0
0
0
0
0
0
0
0
0
0
0
0
0
0
6
0
0
0
5
0
0
0
9
0
3
0
0
0
8
0
14
0
0
0
11
0
0
0
0
0
9
0
3
0
0
0
0
0
0
0
0
0
11
0
1
0
2
0
15
0
0
0
4
0
0
0
3
0
0
0
47
0
0
0
0
0
33
0
0
0
13
0
7
0
0
0
14
0
0
0
1
0
298
0
0
0
0
0
0
0
0
0
0
0
0
0
12
0
0
0
0
0
2
0
0
0
0
0
29
0
3
0
13
0
0
0
