3338
0
4
0
0
0
8
0
25
0
0
0
0
0
7
0
25
0
0
0
2
0
0
0
0
0
1
0
0
0
0
0
8
0
15
0
0
0
6
0
6
0
0
0
0
0
10
0
0
0
16
0
21
0
0
0
16
0
0
0
21
0
10
0
0
0
0
0
0
0
10
0
21
0
0
0
0
0
0
0
0
0
1
0
20
0
0
0
11
0
0
0
0
0
0
0
0
0
23
0
0
0
0
0
0
0
0
0
7
0
9
0
6
0
14
0
27
0
0
0
5
0
0
0
6
0
0
0
0
0
1
0
0
0
9
0
2
0
0
0
0
0
12
0
28
0
0
0
0
0
2
0
0
0
51
0
0
0
11
0
2
0
0
0
0
0
0
0
0
0
5
0
9
0
3
0
33
0
3
0
0
0
11
0
0
0
13
0
0
0
0
0
17
0
0
0
0
0
0
0
9
0
5
0
8
0
9
0
0
0
0
0
9
0
0
0
0
0
0
0
0
0
0
0
0
0
21
0
30
0
0
0
0
0
18
0
17
0
4
0
0
0
0
0
45
0
33
0
16
0
0
0
14
0
0
0
6
0
0
0
6
0
0
0
26
0
0
0
1
0
3
0
25
0
29
0
8
0
0
0
2
0
0
0
4
0
0
0
0
0
0
0
0
0
20
0
2
0
0
0
19
0
3
0
8
0
0
0
11
0
32
0
0
0
20
0
6
0
1
0
15
0
0
0
36
0
30
0
0
0
0
0
2
0
11
0
0
0
0
0
0
0
0
0
0
0
27
0
0
0
22
0
37
0
8
0
0
0
25
0
33
0
0
0
0
0
11
0
28
0
0
0
0
0
8
0
5
0
18
0
15
0
0
0
0
0
0
0
12
0
9
0
18
0
0
0
0
0
0
0
15
0
0
0
0
0
6
0
25
0
7
0
2
0
0
0
0
0
0
0
28
0
12
0
0
0
0
0
0
0
0
0
1
0
0
0
0
0
12
0
0
0
0
0
6
0
0
0
0
0
0
0
2
0
3
0
0
0
0
0
0
0
22
0
4
0
0
0
0
0
5
0
0
0
20
0
0
0
0
0
24
0
3
0
9
0
4
0
10
0
22
0
16
0
4
0
2
0
17
0
12
0
0
0
5
0
0
0
32
0
19
0
38
0
68
0
84
0
226
0
286
0
203
0
267
31
401
168
579
543
830
787
974
938
1001
982
929
773
849
702
763
700
837
774
882
680
845
345
560
144
373
0
311
0
244
0
159
0
142
0
70
0
39
0
40
0
42
0
88
0
96
0
59
0
35
0
149
0
18
0
23
0
87
0
0
0
19
0
0
0
13
0
15
0
0
0
0
0
0
0
24
0
0
0
10
0
20
0
6
0
0
0
30
0
14
0
0
0
0
0
0
0
0
0
0
0
16
0
0
0
0
0
4
0
0
0
11
0
0
0
0
0
9
0
19
0
13
0
0
0
0
0
0
0
0
0
25
0
0
0
0
0
17
0
4
0
13
0
25
0
0
0
0
0
47
0
1
0
1
0
8
0
20
0
14
0
0
0
15
0
0
0
0
0
0
0
8
0
0
0
0
0
0
0
9
0
0
0
5
0
5
0
6
0
9
0
10
0
16
0
1
0
0
0
0
0
0
0
29
0
20
0
0
0
12
0
2
0
10
0
0
0
19
0
0
0
8
0
0
0
0
0
0
0
7
0
26
0
0
0
0
0
0
0
18
0
0
0
3
0
0
0
0
0
16
0
0
0
0
0
37
0
34
0
0
0
15
0
6
0
0
0
0
0
0
0
2
0
0
0
0
0
0
0
17
0
10
0
0
0
0
0
0
0
0
0
0
0
1
0
0
0
0
0
12
0
0
0
0
0
22
0
0
0
0
0
4
0
23
0
0
0
0
0
0
0
0
0
0
0
10
0
15
0
1
0
0
0
14
0
0
0
0
0
0
0
20
0
2
0
2
0
0
0
19
0
5
0
0
0
4
0
2
0
0
0
0
0
17
0
0
0
7
0
4
0
14
0
0
0
0
0
22
0
0
0
0
0
23
0
0
0
0
0
4
0
0
0
25
0
0
0
0
0
4
0
5
0
6
0
22
0
19
0
0
0
8
0
0
0
0
0
30
0
0
0
0
0
11
0
6
0
0
0
2
0
39
0
9
0
14
0
17
0
25
0
0
0
258
0
0
0
0
0
0
0
0
0
2
0
8
0
18
0
0
0
0
0
1
0
0
0
0
0
7
0
16
0
0
0
4
