0
15
0
20
0
33
0
25
0
13
0
29
0
25
0
17
0
34
0
25
0
39
0
25
0
26
0
32
0
31
0
32
0
26
0
16
0
24
0
14
0
32
0
18
0
38
0
25
0
42
0
48
0
28
0
17
0
35
0
22
0
40
0
14
0
11
0
30
0
15
0
20
0
19
0
22
0
24
0
41
0
9
0
14
0
32
0
25
0
28
0
20
0
38
0
20
0
25
0
17
0
21
0
13
0
14
0
26
0
7
0
17
0
21
0
12
0
22
0
18
0
26
0
19
0
43
0
18
0
7
0
37
0
28
0
25
0
27
0
15
0
26
0
21
0
24
0
14
0
31
0
7
0
26
0
6
0
34
0
18
0
20
0
9
0
1
0
39
0
15
0
51
0
44
0
15
0
33
0
27
0
29
0
23
0
13
0
24
0
30
0
35
0
15
0
36
0
12
0
24
0
14
0
20
0
17
0
43
0
51
0
29
0
6
0
27
0
26
0
23
0
20
0
25
0
31
0
24
0
21
0
24
0
21
0
16
0
22
0
20
0
38
0
17
0
14
0
15
0
19
0
26
0
33
0
11
0
23
0
30
0
21
0
13
0
16
0
45
0
28
0
5
0
14
0
27
0
31
0
27
0
30
0
23
0
23
0
34
0
21
0
30
0
40
0
38
0
19
0
25
0
10
0
23
0
34
0
12
0
12
0
23
0
28
0
27
0
16
0
27
0
11
0
14
0
25
0
24
0
23
0
14
0
25
0
10
0
29
0
13
0
22
0
28
0
23
0
19
0
14
0
26
0
4
0
48
0
10
0
26
0
27
0
19
0
7
0
27
0
22
0
36
0
12
0
22
0
14
0
29
0
31
0
13
0
20
0
38
0
39
0
20
0
18
0
16
0
18
0
20
0
28
0
19
0
35
0
24
0
24
0
18
0
14
0
31
0
116
0
192
37
507
248
512
0
38
0
46
0
20
0
31
0
34
0
15
0
18
0
14
0
29
0
28
0
25
0
31
0
32
0
17
0
25
0
28
0
20
0
18
0
15
0
8
0
29
0
24
0
23
0
14
0
18
0
12
0
12
0
10
0
11
0
40
0
28
0
21
0
9
0
12
0
10
0
20
0
27
0
14
0
24
0
10
0
15
0
20
0
33
0
31
0
21
0
12
0
37
0
28
0
20
0
25
0
15
0
36
0
24
0
15
0
24
0
22
0
39
0
9
0
15
0
17
0
26
0
9
0
22
0
16
0
24
0
10
0
18
0
22
0
27
0
20
0
18
0
31
0
16
0
34
0
11
0
34
0
20
0
18
0
31
0
31
0
30
0
7
0
11
0
17
0
25
0
14
0
7
0
19
0
15
0
31
0
23
0
23
0
58
0
33
0
22
0
15
0
22
0
25
0
24
0
27
0
30
0
6
0
14
0
15
0
25
0
28
0
21
0
51
0
24
0
27
0
21
0
27
0
2
0
17
0
17
0
32
0
18
0
11
0
15
0
23
0
43
0
15
0
23
0
30
0
23
0
16
0
36
0
20
0
25
0
18
0
37
0
11
0
17
0
9
0
22
0
26
0
38
0
27
0
24
0
26
0
9
0
56
0
13
0
29
0
30
0
14
0
31
0
10
0
5
0
20
0
14
0
12
0
26
0
20
0
12
0
33
0
8
0
21
0
56
0
7
0
16
0
28
0
9
0
36
0
20
0
21
0
19
0
14
0
30
0
14
0
11
0
25
0
9
0
19
0
40
0
19
0
18
0
25
0
20
0
27
0
20
0
15
0
13
0
26
0
19
0
13
0
29
0
6
0
7
0
31
0
28
0
17
0
24
0
24
0
25
0
23
0
27
0
19
0
16
0
3
0
36
0
24
0
51
0
30
0
11
0
20
0
19
0
11
0
15
0
47
0
13
0
15
0
23
0
25
0
18
0
26
0
32
0
32
0
15
0
20
0
26
0
25
0
34
0
33
0
5
0
25
0
2
0
18
0
20
0
13
0
21
0
26
0
25
0
8
0
15
0
25
0
30
0
40
0
27
0
12
0
14
0
33
0
28
0
25
0
25
0
17
0
38
0
34
0
23
0
34
0
19
0
37
0
15
0
18
0
23
0
21
0
27
0
36
0
14
0
49
0
21
0
23
0
26
0
11
0
20
0
25
0
22
0
9
0
21
0
30
0
32
0
234
0
30
0
18
0
16
0
20
0
11
0
26
0
26
0
10
0
39
0
19
0
15
0
35
0
24
0
20
0
36
0
15
0
