0
0
0
2
0
0
0
3
0
0
0
0
0
11
0
9
0
0
0
0
0
0
0
0
0
22
0
0
0
2
0
10
0
0
0
0
0
0
0
0
0
10
0
0
0
0
0
33
0
16
0
0
0
0
0
5
0
0
0
3
0
0
0
12
0
13
0
0
0
0
0
11
0
7
0
0
0
3
0
18
0
0
0
217
0
0
0
0
0
0
0
0
0
11
0
1
0
12
0
19
0
0
0
0
0
0
0
10
0
0
0
2
0
0
0
0
0
0
0
0
0
20
0
0
0
0
0
19
0
18
0
42
0
0
0
0
0
0
0
8
0
8
0
19
0
11
0
1
0
3
0
0
0
0
0
0
0
0
0
2
0
21
0
1
0
8
0
0
0
0
0
0
0
0
0
0
0
0
0
0
0
5
0
33
0
0
0
0
0
19
0
22
0
0
0
0
0
36
0
20
0
0
0
12
0
13
0
25
0
0
0
0
0
23
0
0
0
14
0
17
0
0
0
16
0
1
0
6
0
6
0
0
0
0
0
0
0
6
0
0
0
22
0
7
0
24
0
0
0
0
0
16
0
0
0
4
0
0
0
12
0
0
0
21
0
7
0
16
0
20
0
10
0
0
0
0
0
26
0
8
0
0
0
0
0
0
0
0
0
25
0
7
0
14
0
19
0
0
0
1
0
0
0
0
0
0
0
0
0
0
0
0
0
0
0
12
0
8
0
0
0
0
0
23
0
16
0
0
0
0
0
0
0
0
0
1
0
0
0
12
0
0
0
7
0
4
0
29
0
0
0
0
0
0
0
0
0
35
0
0
0
0
0
9
0
29
0
5
0
9
0
46
0
0
0
1
0
18
0
18
0
26
0
19
0
8
0
7
0
0
0
1
0
0
0
9
0
0
0
0
0
0
0
0
0
9
0
1
0
0
0
22
0
0
0
4
0
0
0
13
0
0
0
9
0
43
0
27
0
0
0
0
0
0
0
1
0
4
0
7
0
6
0
0
0
0
0
20
0
17
0
6
0
4
0
4
0
0
0
0
0
0
0
39
0
0
0
2
0
0
0
0
0
18
0
0
0
8
0
16
0
0
0
0
0
8
0
1
0
10
0
13
0
20
0
0
0
0
0
35
0
0
0
0
0
8
0
0
0
0
0
2
0
0
0
12
0
0
0
0
0
0
0
0
0
0
0
10
0
0
0
0
0
0
0
12
0
10
0
19
0
0
0
0
0
0
0
0
0
0
0
0
0
4
0
5
0
0
0
6
0
0
0
1
0
0
0
8
0
0
0
6
0
0
0
0
0
0
0
0
0
19
0
0
0
13
0
12
0
21
0
0
0
43
0
22
0
35
0
0
0
4
0
38
0
0
0
11
0
16
0
0
0
0
0
4
0
0
0
0
0
9
0
23
0
1
0
0
0
0
0
0
0
0
0
5
0
20
0
4
0
2
0
0
0
0
0
0
0
26
0
13
0
0
0
12
0
0
0
0
0
0
0
0
0
26
0
0
0
0
0
18
0
0
0
0
0
0
0
6
0
23
0
0
0
0
0
14
0
0
0
2
0
13
0
19
0
1
0
0
0
0
0
6
0
0
0
13
0
0
0
10
0
19
0
0
0
6
0
0
0
3
0
0
0
4
0
3
0
9
0
0
0
14
0
20
0
0
0
0
0
0
0
10
0
0
0
15
0
0
0
0
0
8
0
0
0
0
0
0
0
8
0
0
0
0
0
8
0
4
0
0
0
0
0
6
0
0
0
1
0
10
0
16
0
0
0
0
0
10
0
17
0
0
0
53
0
0
0
0
0
0
0
4
0
4
0
7
0
0
0
7
0
23
0
3
0
0
0
11
0
13
0
19
0
8
0
0
0
0
0
0
0
7
0
3
0
32
0
38
0
11
0
0
0
0
0
0
0
25
0
0
0
34
0
12
0
0
0
8
0
34
0
5
0
8
0
0
0
14
0
0
0
10
0
1
0
0
0
0
0
10
0
31
0
6
0
0
0
0
0
1
0
50
0
0
0
19
0
0
0
0
0
0
0
0
0
17
0
0
0
22
0
1
0
1
0
13
0
16
0
0
0
0
0
0
0
0
0
0
0
0
0
8
0
15
0
23
0
0
0
0
0
10
0
0
0
0
0
6
0
6
0
25
0
0
0
15
0
4
0
10
0
14
0
0
0
261
0
29
0
0
0
1
0
0
0
14
0
0
0
0
0
0
0
0
0
10
0
23
0
0
0
0
0
0
0
6
0
0
0
