0
37
0
22
0
43
0
19
0
10
0
15
0
22
0
30
0
32
0
25
0
16
0
57
0
23
0
1
0
24
0
34
0
18
0
26
0
24
0
31
0
32
0
6
0
17
0
24
0
20
0
55
0
13
0
42
0
33
0
19
0
53
0
27
0
28
0
11
0
19
0
16
0
29
0
25
0
9
0
24
0
13
0
17
0
43
0
20
0
8
0
19
0
26
0
17
0
15
0
32
0
21
0
6
0
18
0
39
0
29
0
24
0
13
0
11
0
16
0
15
0
42
0
26
0
28
0
26
0
27
0
31
0
16
0
32
0
39
0
28
0
15
0
17
0
5
0
26
0
13
0
26
0
16
0
15
0
9
0
31
0
20
0
20
0
20
0
28
0
34
0
25
0
19
0
34
0
25
0
6
0
20
0
50
0
15
0
10
0
21
0
14
0
18
0
36
0
26
0
31
0
24
0
17
0
26
0
29
0
18
0
24
0
32
0
17
0
24
0
48
0
25
0
20
0
31
0
37
0
17
0
18
0
21
0
32
0
17
0
38
0
23
0
21
0
16
0
24
0
22
0
40
0
22
0
34
0
44
0
12
0
26
0
32
0
11
0
22
0
43
0
30
0
10
0
23
0
18
0
38
0
23
0
16
0
16
0
38
0
13
0
13
0
32
0
25
0
44
0
26
0
27
0
46
0
17
0
18
0
38
0
16
0
28
0
13
0
2
0
16
0
24
0
24
0
40
0
25
0
20
0
41
0
19
0
12
0
13
0
29
0
9
0
7
0
21
0
43
0
17
0
15
0
11
0
11
0
22
0
38
0
50
0
15
0
21
0
24
0
26
0
30
0
36
0
28
0
32
0
27
0
28
0
28
0
49
0
8
0
16
0
28
0
21
0
26
0
13
0
13
0
17
0
27
0
20
0
8
0
3
0
21
0
26
0
21
0
24
0
16
0
4
0
40
0
18
0
18
0
30
0
18
0
33
0
16
0
24
0
24
0
22
0
11
0
22
0
23
0
33
0
14
0
12
0
4
0
15
0
22
0
24
0
47
0
33
0
23
0
24
0
16
0
20
0
21
0
25
0
25
0
16
0
15
0
25
0
32
0
23
0
7
0
15
0
25
0
18
0
36
0
60
0
20
0
19
0
24
0
16
0
18
0
14
0
9
0
7
0
42
0
21
0
24
0
14
0
9
0
20
0
3
0
13
0
32
0
10
0
18
0
32
0
43
0
36
0
54
0
16
0
7
0
25
0
26
0
26
0
6
0
20
0
35
0
33
0
29
0
19
0
57
0
22
0
22
0
11
0
33
0
37
0
12
0
38
0
21
0
17
0
16
0
17
0
28
0
43
0
12
0
27
0
8
0
15
0
18
0
10
0
12
0
22
0
24
0
30
0
17
0
17
0
21
0
26
0
22
0
12
0
24
0
12
0
23
0
16
0
16
0
16
0
24
0
21
0
22
0
33
0
15
0
24
0
42
0
13
0
48
0
19
0
19
0
28
0
30
0
18
0
30
0
21
0
30
0
9
0
8
0
17
0
34
0
30
0
20
0
34
0
33
0
12
0
30
0
31
0
7
0
16
0
21
0
14
0
708
710
710
646
710
541
684
478
632
505
669
573
684
584
685
569
678
510
662
494
648
433
695
643
712
711
711
712
710
657
706
618
694
565
668
462
597
259
534
0
419
0
11
0
22
0
11
0
41
0
27
0
28
0
18
0
18
0
28
0
16
0
22
0
25
0
460
275
457
219
417
86
338
0
250
0
120
0
55
0
21
0
19
0
14
0
27
0
31
0
30
0
35
0
14
0
23
0
28
0
31
0
38
0
30
0
20
0
21
0
25
0
20
0
26
0
6
0
23
0
25
0
17
0
19
0
10
0
17
0
13
0
14
0
26
0
10
0
32
0
14
0
20
0
39
0
24
0
12
0
6
0
26
0
11
0
16
0
11
0
27
0
23
0
20
0
11
0
32
0
26
0
35
0
14
0
14
0
28
0
36
0
3
0
27
0
23
0
33
0
28
0
29
0
15
0
21
0
10
0
18
0
21
0
22
0
30
0
14
0
35
0
27
0
16
0
4
0
9
0
15
0
20
0
22
0
257
0
273
0
15
0
664
0
716
0
29
0
24
0
36
0
65
0
19
0
37
0
4
0
19
0
19
0
11
0
18
0
102
0
274
0
19
0
21
0
35
0
22
0
15
0
14
0
12
0
14
0
28
0
17
0
22
0
16
0
35
0
7
0
13
0
26
0
