0
21
0
29
0
42
0
21
0
13
0
22
0
10
0
22
0
18
0
32
0
30
0
37
0
12
0
26
0
10
0
13
0
36
0
8
0
8
0
23
0
27
0
23
0
25
0
13
0
20
0
19
0
33
0
17
0
16
0
0
0
23
0
23
0
11
0
20
0
11
0
43
0
28
0
26
0
14
0
22
0
22
0
14
0
28
0
28
0
3
0
17
0
7
0
40
0
17
0
29
0
22
0
4
0
25
0
34
0
10
0
21
0
21
0
17
0
37
0
17
0
31
0
13
0
29
0
16
0
29
0
20
0
25
0
40
0
15
0
32
0
5
0
17
0
17
0
13
0
27
0
36
0
15
0
14
0
48
0
22
0
17
0
25
0
18
0
22
0
27
0
28
0
15
0
6
0
0
0
13
0
18
0
24
0
29
0
46
0
20
0
31
0
22
0
12
0
24
0
27
0
35
0
34
0
13
0
22
0
24
0
35
0
26
0
23
0
27
0
24
0
17
0
17
0
17
0
35
0
20
0
12
0
18
0
23
0
18
0
36
0
18
0
27
0
49
0
39
0
25
0
7
0
18
0
19
0
38
0
14
0
14
0
39
0
25
0
28
0
8
0
21
0
22
0
22
0
37
0
26
0
23
0
43
0
14
0
12
0
17
0
27
0
18
0
21
0
24
0
32
0
12
0
42
0
34
0
18
0
30
0
33
0
30
0
14
0
41
0
15
0
26
0
44
0
32
0
43
0
12
0
1
0
24
0
37
0
16
0
22
0
18
0
5
0
15
0
15
0
9
0
31
0
13
0
16
0
2
0
24
0
5
0
28
0
27
0
19
0
26
0
13
0
24
0
29
0
17
0
22
0
35
0
33
0
20
0
22
0
24
0
14
0
33
0
21
0
13
0
14
0
19
0
16
0
9
0
18
0
25
0
9
0
23
0
25
0
36
0
28
0
36
0
34
0
12
0
12
0
29
0
17
0
29
0
29
0
15
0
22
0
28
0
30
0
12
0
16
0
20
0
25
0
30
0
35
0
12
0
40
0
22
0
39
0
20
0
34
0
35
0
24
0
9
0
23
0
19
0
33
0
21
0
16
0
32
0
24
0
35
0
24
0
20
0
8
0
3
0
14
0
21
0
22
0
44
0
20
0
1
0
11
0
38
0
26
0
15
0
21
0
10
0
33
0
21
0
25
0
40
0
22
0
23
0
11
0
34
0
45
0
31
0
14
0
17
0
25
0
20
0
14
0
34
0
27
0
16
0
20
0
21
0
10
0
23
0
29
0
18
0
20
0
19
0
43
0
24
0
25
0
14
0
21
0
22
0
15
0
34
0
22
0
22
0
23
0
8
0
40
0
35
0
26
0
26
0
19
0
15
0
23
0
25
0
32
0
23
0
44
0
10
0
19
0
8
0
16
0
29
0
48
0
40
0
19
0
30
0
24
0
8
0
48
0
45
0
33
0
29
0
29
0
36
0
28
0
9
0
14
0
17
0
21
0
17
0
19
0
26
0
36
0
18
0
20
0
26
0
17
0
21
0
19
0
18
0
45
0
18
0
27
0
43
0
8
0
24
0
20
0
32
0
32
0
11
0
17
0
18
0
30
0
24
0
20
0
28
0
26
0
7
0
29
0
24
0
18
0
44
0
37
0
27
0
21
0
14
0
36
0
42
0
15
0
21
0
24
0
21
0
21
0
15
0
36
0
30
0
17
0
47
0
24
0
30
0
14
0
26
0
32
0
20
0
6
0
27
0
36
0
14
0
18
0
3
0
32
0
3
0
22
0
16
0
42
0
31
0
49
0
33
0
31
0
18
0
34
0
41
0
19
0
24
0
14
0
41
0
23
0
17
0
12
0
34
0
19
0
49
0
43
0
23
0
23
0
17
0
19
0
26
0
26
0
20
0
10
0
31
0
8
0
1
0
28
0
24
0
19
0
28
0
21
0
13
0
14
0
25
0
8
0
21
0
16
0
34
0
20
0
31
0
28
0
25
0
7
0
19
0
18
0
6
0
18
0
27
0
22
0
12
0
33
0
30
0
13
0
22
0
16
0
23
0
19
0
13
0
22
0
19
0
37
0
18
0
15
0
18
0
10
0
28
0
21
0
19
0
25
0
36
0
19
0
27
0
21
0
21
0
41
0
45
0
11
0
18
0
20
0
13
0
13
0
15
0
70
0
26
0
11
0
24
0
32
0
20
0
6
0
29
0
16
0
12
0
26
0
8
0
8
0
16
0
27
0
21
0
38
0
