0
9
0
0
0
0
0
0
0
0
0
19
0
0
0
0
0
20
0
0
0
0
0
1
0
4
0
0
0
0
0
0
0
0
0
35
0
0
0
0
0
0
0
0
0
13
0
48
0
22
0
0
0
4
0
12
0
0
0
14
0
19
0
17
0
0
0
2
0
13
0
5
0
11
0
0
0
0
0
0
0
0
0
2
0
1
0
6
0
0
0
0
0
0
0
0
0
8
0
6
0
14
0
4
0
0
0
10
0
0
0
0
0
0
0
0
0
96
0
16
0
429
9
873
0
0
0
0
0
0
0
11
0
6
0
15
0
9
0
0
0
6
0
0
0
21
0
0
0
0
0
0
0
8
0
0
0
0
0
13
0
6
0
1
0
0
0
7
0
15
0
0
0
0
0
0
0
9
0
10
0
11
0
15
0
5
0
19
0
0
0
0
0
12
0
0
0
22
0
0
0
9
0
0
0
20
0
0
0
6
0
14
0
14
0
20
0
0
0
9
0
13
0
9
0
0
0
0
0
0
0
20
0
0
0
4
0
2
0
0
0
12
0
6
0
8
0
37
0
24
0
4
0
29
0
3
0
20
0
0
0
0
0
0
0
0
0
0
0
0
0
0
0
20
0
0
0
0
0
0
0
4
0
0
0
0
0
32
0
0
0
0
0
7
0
0
0
8
0
20
0
4
0
8
0
9
0
17
0
26
0
0
0
0
0
15
0
0
0
0
0
21
0
0
0
3
0
17
0
8
0
0
0
0
0
13
0
15
0
0
0
0
0
0
0
0
0
0
0
3
0
6
0
4
0
8
0
6
0
18
0
0
0
0
0
0
0
0
0
1
0
9
0
5
0
0
0
0
0
0
0
0
0
1
0
0
0
15
0
0
0
0
0
23
0
6
0
1
0
1
0
32
0
2
0
0
0
0
0
16
0
16
0
0
0
0
0
0
0
0
0
18
0
0
0
0
0
0
0
0
0
0
0
4
0
0
0
0
0
0
0
0
0
8
0
0
0
0
0
3
0
0
0
0
0
0
0
0
0
6
0
0
0
0
0
0
0
0
0
0
0
0
0
0
0
0
0
0
0
0
0
0
0
2
0
32
0
0
0
0
0
0
0
12
0
0
0
0
0
12
0
0
0
2
0
19
0
0
0
0
0
32
0
0
0
0
0
0
0
0
0
18
0
0
0
25
0
0
0
7
0
0
0
0
0
6
0
0
0
0
0
8
0
0
0
2
0
0
0
0
0
0
0
0
0
12
0
0
0
0
0
0
0
0
0
29
0
0
0
0
0
30
0
1
0
16
0
0
0
11
0
0
0
14
0
0
0
0
0
6
0
0
0
4
0
0
0
12
0
0
0
14
0
0
0
0
0
16
0
0
0
12
0
0
0
0
0
0
0
0
0
0
0
40
0
4
0
4
0
17
0
0
0
15
0
10
0
29
0
13
0
0
0
6
0
0
0
25
0
1
0
27
0
28
0
0
0
0
0
10
0
0
0
1
0
12
0
0
0
0
0
0
0
0
0
5
0
0
0
0
0
0
0
0
0
0
0
8
0
14
0
8
0
0
0
0
0
0
0
0
0
0
0
0
0
45
0
0
0
12
0
5
0
4
0
21
0
24
0
0
0
0
0
0
0
9
0
0
0
0
0
0
0
0
0
0
0
11
0
4
0
2
0
7
0
0
0
19
0
10
0
11
0
10
0
3
0
0
0
0
0
0
0
12
0
11
0
16
0
0
0
0
0
0
0
1
0
7
0
12
0
16
0
28
0
0
0
19
0
4
0
0
0
12
0
22
0
0
0
0
0
13
0
0
0
14
0
22
0
14
0
11
0
15
0
3
0
11
0
0
0
10
0
7
0
44
0
6
0
0
0
0
0
14
0
0
0
0
0
0
0
6
0
0
0
22
0
0
0
10
0
18
0
0
0
0
0
0
0
8
0
0
0
5
0
0
0
3
0
2
0
3
0
0
0
6
0
12
0
0
0
0
0
0
0
5
0
35
0
2
0
0
0
0
0
0
0
0
0
0
0
11
0
7
0
13
0
0
0
0
0
4
0
7
0
0
0
0
0
0
0
0
0
0
0
25
0
0
0
6
0
0
0
8
0
17
0
3
0
0
0
8
0
15
0
0
0
12
0
0
0
0
0
19
0
0
0
0
0
19
0
0
0
17
0
0
0
282
0
0
0
0
0
0
0
0
0
15
0
0
0
22
0
8
0
0
0
0
0
11
0
0
0
47
0
11
0
38
0
4
0
