0
18
0
29
0
27
0
17
0
27
0
32
0
45
0
23
0
49
0
25
0
21
0
6
0
12
0
22
0
24
0
28
0
18
0
28
0
5
0
18
0
22
0
25
0
22
0
33
0
44
0
13
0
24
0
12
0
35
0
5
0
25
0
25
0
31
0
16
0
17
0
17
0
33
0
13
0
21
0
10
0
19
0
18
0
13
0
13
0
33
0
29
0
69
0
19
0
36
0
10
0
14
0
13
0
16
0
30
0
24
0
21
0
36
0
8
0
26
0
5
0
7
0
20
0
45
0
16
0
26
0
13
0
27
0
20
0
25
0
24
0
22
0
26
0
27
0
22
0
1
0
31
0
31
0
35
0
8
0
22
0
16
0
23
0
37
0
33
0
10
0
27
0
48
0
26
0
17
0
19
0
25
0
15
0
23
0
21
0
8
0
12
0
13
0
21
0
19
0
19
0
53
0
16
0
18
0
21
0
17
0
19
0
27
0
26
0
29
0
21
0
21
0
23
0
22
0
9
0
11
0
26
0
12
0
25
0
16
0
21
0
43
0
9
0
23
0
17
0
20
0
16
0
14
0
22
0
16
0
25
0
25
0
9
0
11
0
20
0
7
0
12
0
20
0
17
0
26
0
25
0
13
0
22
0
13
0
15
0
17
0
10
0
19
0
29
0
14
0
15
0
33
0
21
0
42
0
9
0
17
0
24
0
17
0
28
0
22
0
19
0
13
0
28
0
15
0
17
0
17
0
8
0
34
0
40
0
18
0
39
0
33
0
18
0
20
0
11
0
21
0
49
0
32
0
17
0
5
0
24
0
21
0
0
0
20
0
27
0
19
0
21
0
24
0
18
0
24
0
20
0
28
0
25
0
34
0
17
0
18
0
19
0
15
0
25
0
16
0
41
0
25
0
24
0
19
0
35
0
26
0
29
0
21
0
23
0
45
0
25
0
19
0
11
0
20
0
10
0
33
0
34
0
33
0
13
0
34
0
22
0
21
0
10
0
16
0
5
0
10
0
7
0
17
0
12
0
27
0
12
0
15
0
17
0
8
0
27
0
15
0
16
0
24
0
21
0
32
0
26
0
28
0
25
0
11
0
27
0
7
0
30
0
23
0
30
0
17
0
16
0
18
0
24
0
35
0
16
0
17
0
22
0
24
0
16
0
19
0
20
0
20
0
16
0
25
0
22
0
20
0
23
0
25
0
17
0
25
0
24
0
25
0
20
0
18
0
15
0
27
0
14
0
8
0
20
0
18
0
30
0
40
0
35
0
10
0
18
0
46
0
23
0
39
0
26
0
7
0
12
0
11
0
10
0
25
0
10
0
15
0
22
0
49
0
13
0
15
0
0
0
22
0
31
0
42
0
24
0
38
0
16
0
23
0
7
0
11
0
28
0
16
0
4
0
21
0
31
0
18
0
24
0
46
0
37
0
16
0
18
0
11
0
35
0
25
0
36
0
14
0
20
0
35
0
13
0
11
0
26
0
25
0
28
0
23
0
14
0
19
0
30
0
47
0
31
0
23
0
11
0
18
0
14
0
11
0
26
0
32
0
2
0
20
0
29
0
24
0
19
0
44
0
24
0
19
0
30
0
19
0
20
0
19
0
44
0
18
0
7
0
28
0
28
0
26
0
31
0
28
0
21
0
54
0
14
0
6
0
31
0
26
0
16
0
16
0
41
0
15
0
21
0
25
0
17
0
20
0
39
0
21
0
18
0
7
0
25
0
23
0
17
0
17
0
26
0
34
0
17
0
25
0
14
0
62
0
10
0
16
0
30
0
21
0
14
0
11
0
39
0
21
0
16
0
36
0
28
0
23
0
21
0
47
0
26
0
16
0
19
0
13
0
20
0
23
0
10
0
32
0
44
0
20
0
22
0
17
0
16
0
35
0
30
0
18
0
18
0
23
0
17
0
47
0
17
0
36
0
12
0
23
0
20
0
30
0
10
0
32
0
43
0
20
0
24
0
33
0
23
0
21
0
18
0
31
0
16
0
30
0
24
0
19
0
24
0
8
0
14
0
19
0
4
0
12
0
22
0
18
0
16
0
14
0
18
0
18
0
22
0
33
0
30
0
30
0
16
0
42
0
24
0
37
0
15
0
32
0
20
0
36
0
18
0
18
0
0
0
10
0
17
0
29
0
24
0
22
0
41
0
30
0
28
0
86
0
91
0
8
0
26
0
29
0
29
0
20
0
31
0
28
0
19
0
24
0
21
0
11
0
21
0
27
0
26
0
25
0
29
0
