0
15
0
26
0
38
0
41
0
18
0
24
0
8
0
34
0
27
0
24
0
24
0
9
0
23
0
12
0
23
0
19
0
37
0
18
0
17
0
12
0
41
0
18
0
21
0
34
0
22
0
19
0
40
0
21
0
21
0
17
0
13
0
22
0
37
0
1
0
33
0
27
0
29
0
29
0
46
0
14
0
23
0
18
0
28
0
14
0
0
0
23
0
41
0
4
0
11
0
19
0
12
0
24
0
15
0
12
0
50
0
9
0
26
0
24
0
19
0
38
0
18
0
8
0
37
0
11
0
21
0
33
0
12
0
38
0
24
0
15
0
29
0
18
0
32
0
23
0
23
0
21
0
8
0
23
0
37
0
25
0
22
0
5
0
22
0
26
0
19
0
16
0
16
0
30
0
7
0
17
0
16
0
34
0
2
0
2
0
27
0
27
0
33
0
18
0
22
0
41
0
33
0
14
0
34
0
22
0
18
0
16
0
35
0
17
0
9
0
26
0
31
0
20
0
17
0
21
0
20
0
13
0
34
0
13
0
38
0
22
0
31
0
15
0
24
0
26
0
22
0
20
0
4
0
30
0
8
0
48
0
11
0
27
0
25
0
32
0
34
0
25
0
14
0
16
0
18
0
13
0
16
0
19
0
17
0
16
0
12
0
12
0
46
0
18
0
34
0
8
0
22
0
15
0
9
0
43
0
30
0
28
0
30
0
23
0
50
0
50
0
23
0
46
0
30
0
26
0
24
0
27
0
26
0
3
0
13
0
14
0
28
0
11
0
28
0
10
0
14
0
29
0
19
0
37
0
124
0
21
0
22
0
54
0
18
0
13
0
18
0
43
0
35
0
56
0
57
0
30
0
43
0
55
0
62
0
147
0
461
0
43
0
29
0
18
0
13
0
28
0
31
0
44
0
29
0
294
0
319
0
390
141
410
155
378
0
25
0
20
0
36
0
35
0
26
0
47
0
23
0
30
0
29
0
12
0
43
0
26
0
27
0
6
0
37
0
50
0
22
0
40
0
12
0
16
0
19
0
33
0
13
0
20
0
18
0
64
0
38
0
13
0
23
0
17
0
32
0
15
0
8
0
14
0
31
0
21
0
45
0
43
0
48
0
23
0
33
0
18
0
37
0
42
0
22
0
18
0
44
0
12
0
23
0
17
0
21
0
22
0
11
0
26
0
31
0
26
0
11
0
22
0
51
0
32
0
27
0
8
0
5
0
34
0
18
0
26
0
4
0
16
0
55
0
9
0
15
0
27
0
17
0
12
0
26
0
33
0
37
0
16
0
19
0
29
0
41
0
38
0
29
0
24
0
28
0
26
0
47
0
23
0
34
0
18
0
19
0
29
0
33
0
15
0
19
0
8
0
11
0
20
0
34
0
13
0
21
0
12
0
30
0
7
0
20
0
19
0
25
0
41
0
30
0
19
0
34
0
22
0
7
0
29
0
28
0
44
0
13
0
14
0
30
0
21
0
31
0
22
0
26
0
37
0
20
0
15
0
22
0
9
0
28
0
19
0
22
0
44
0
25
0
28
0
30
0
33
0
32
0
28
0
12
0
24
0
26
0
7
0
18
0
27
0
34
0
20
0
27
0
23
0
42
0
17
0
18
0
16
0
28
0
14
0
35
0
17
0
22
0
22
0
34
0
16
0
32
0
7
0
20
0
28
0
16
0
8
0
35
0
18
0
26
0
19
0
21
0
35
0
33
0
30
0
23
0
21
0
40
0
5
0
12
0
24
0
18
0
19
0
6
0
24
0
34
0
16
0
17
0
23
0
13
0
30
0
27
0
21
0
4
0
44
0
24
0
15
0
24
0
26
0
36
0
23
0
36
0
20
0
6
0
26
0
17
0
2
0
18
0
29
0
22
0
35
0
12
0
33
0
3
0
1
0
20
0
15
0
29
0
17
0
20
0
20
0
31
0
32
0
31
0
25
0
22
0
4
0
26
0
14
0
17
0
40
0
10
0
26
0
10
0
13
0
4
0
33
0
7
0
19
0
27
0
15
0
22
0
11
0
7
0
14
0
16
0
31
0
8
0
10
0
34
0
17
0
18
0
34
0
32
0
16
0
25
0
21
0
39
0
33
0
45
0
26
0
23
0
33
0
34
0
34
0
30
0
18
0
14
0
20
0
16
0
20
0
27
0
26
0
34
0
165
0
208
0
361
0
29
0
18
0
29
0
22
0
28
0
23
0
14
0
3
0
9
0
28
0
24
0
26
0
24
0
18
0
12
0
20
0
