0
17
0
30
0
32
0
36
0
43
0
24
0
58
0
27
0
33
0
48
0
39
0
54
0
45
0
38
0
33
0
42
0
50
0
45
0
34
0
55
0
41
0
44
0
23
0
51
0
63
0
23
0
31
0
45
0
27
0
50
0
47
0
67
0
45
0
47
0
32
0
43
0
60
0
39
0
28
0
50
0
46
0
44
0
49
0
45
0
35
0
28
0
35
0
38
0
35
0
33
0
32
0
51
0
30
0
32
0
38
0
54
0
38
0
38
0
55
0
37
0
34
0
25
0
49
0
27
0
35
0
74
0
50
0
65
0
35
0
36
0
44
0
44
0
25
0
39
0
50
0
35
0
46
0
33
0
28
0
47
0
29
0
45
0
46
0
37
0
55
0
34
0
73
0
52
0
59
0
38
0
38
0
32
0
48
0
45
0
39
0
60
0
27
0
32
0
42
0
32
0
41
0
27
0
27
0
51
0
31
0
51
0
59
0
36
0
28
0
46
0
57
0
36
0
40
0
56
0
45
0
27
0
28
0
45
0
36
0
30
0
33
0
56
0
45
0
60
0
35
0
45
0
77
0
42
0
67
0
36
0
39
0
35
0
52
0
39
0
34
0
40
0
51
0
43
0
34
0
35
0
36
0
38
0
61
0
47
0
39
0
37
0
41
0
51
0
49
0
40
0
37
0
40
0
45
0
38
0
39
0
64
0
38
0
32
0
32
0
29
0
41
0
47
0
39
0
38
0
40
0
23
0
42
0
65
0
53
0
53
0
40
0
36
0
47
0
39
0
44
0
45
0
32
0
34
0
39
0
38
0
35
0
56
0
42
0
40
0
41
0
40
0
57
0
47
0
40
0
28
0
46
0
39
0
29
0
56
0
47
0
44
0
47
0
31
0
43
0
42
0
39
0
39
0
38
0
40
0
40
0
27
0
25
0
48
0
33
0
36
0
23
0
67
0
42
0
40
0
56
0
19
0
31
0
29
0
32
0
23
0
44
0
58
0
17
0
54
0
41
0
36
0
28
0
53
0
58
0
58
0
46
0
44
0
54
0
49
0
34
0
58
0
49
0
37
0
39
0
44
0
34
0
48
0
24
0
54
0
49
0
54
0
29
0
31
0
24
0
41
0
30
0
33
0
40
0
25
0
47
0
30
0
36
0
60
0
46
0
29
0
25
0
34
0
31
0
37
0
56
0
27
0
39
0
50
0
21
0
41
0
41
0
46
0
47
0
56
0
25
0
41
0
39
0
42
0
57
0
30
0
58
0
54
0
30
0
30
0
46
0
37
0
41
0
59
0
54
0
47
0
28
0
37
0
53
0
30
0
64
0
59
0
40
0
39
0
49
0
42
0
38
0
41
0
36
0
54
0
41
0
56
0
37
0
46
0
43
0
27
0
35
0
22
0
37
0
28
0
44
0
44
0
31
0
44
0
41
0
40
0
52
0
38
0
46
0
46
0
30
0
34
0
39
0
36
0
57
0
52
0
53
0
33
0
36
0
53
0
42
0
23
0
46
0
53
0
21
0
45
0
23
0
47
0
32
0
41
0
33
0
44
0
46
0
43
0
34
0
41
0
58
0
35
0
36
0
41
0
59
0
48
0
30
0
60
0
44
0
41
0
62
0
42
0
52
0
23
0
47
0
32
0
29
0
61
0
29
0
37
0
59
0
64
0
38
0
36
0
34
0
37
0
43
0
45
0
36
0
44
0
58
0
48
0
39
0
38
0
32
0
48
0
51
0
65
0
34
0
22
0
48
0
38
0
31
0
19
0
48
0
43
0
29
0
35
0
42
0
41
0
40
0
38
0
48
0
60
0
60
0
67
0
44
0
38
0
62
0
30
0
36
0
66
0
44
0
32
0
50
0
28
0
44
0
26
0
40
0
42
0
27
0
35
0
13
0
50
0
29
0
51
0
44
0
39
0
28
0
42
0
36
0
40
0
26
0
36
0
37
0
35
0
28
0
40
0
53
0
61
0
44
0
46
0
67
0
30
0
42
0
50
0
62
0
34
0
34
0
38
0
49
0
43
0
36
0
30
0
53
0
41
0
37
0
42
0
30
0
49
0
38
0
34
0
44
0
42
0
44
0
46
0
47
0
29
0
34
0
32
0
58
0
34
0
30
0
57
0
36
0
32
0
36
0
29
0
34
0
32
0
54
0
40
0
58
0
61
0
43
0
43
0
38
0
40
0
34
0
32
0
43
0
32
0
37
0
29
0
58
0
26
0
57
0
59
0
26
0
34
0
