0
70
0
32
0
62
0
63
0
50
0
37
0
58
0
70
0
46
0
35
0
67
0
35
0
56
0
60
0
53
0
52
0
56
0
56
0
26
0
53
0
62
0
57
0
43
0
32
0
54
0
45
0
60
0
69
0
51
0
28
0
73
0
33
0
30
0
26
0
87
0
58
0
39
0
47
0
37
0
38
0
33
0
44
0
44
0
57
0
50
0
65
0
52
0
47
0
30
0
52
0
58
0
51
0
36
0
56
0
50
0
37
0
37
0
49
0
68
0
53
0
49
0
42
0
52
0
25
0
73
0
41
0
40
0
44
0
58
0
67
0
39
0
55
0
56
0
43
0
39
0
40
0
35
0
78
0
49
0
39
0
52
0
49
0
57
0
34
0
43
0
30
0
29
0
59
0
96
0
34
0
64
0
39
0
47
0
73
0
46
0
35
0
26
0
40
0
60
0
55
0
47
0
74
0
28
0
41
0
62
0
45
0
48
0
58
0
14
0
67
0
85
0
64
0
41
0
34
0
42
0
67
0
52
0
66
0
36
0
21
0
35
0
75
0
32
0
56
0
64
0
30
0
30
0
41
0
28
0
70
0
61
0
61
0
41
0
50
0
52
0
44
0
83
0
97
0
81
0
74
0
41
0
46
0
27
0
37
0
81
0
26
0
19
0
43
0
33
0
24
0
49
0
66
0
75
0
65
0
55
0
68
0
22
0
61
0
36
0
39
0
50
0
43
0
56
0
34
0
47
0
51
0
40
0
49
0
21
0
43
0
47
0
61
0
48
0
48
0
35
0
53
0
48
0
59
0
53
0
48
0
47
0
44
0
35
0
40
0
75
0
44
0
63
0
71
0
42
0
72
0
53
0
25
0
38
0
52
0
61
0
46
0
67
0
92
0
84
0
59
0
53
0
97
0
70
0
61
0
43
0
43
0
65
0
24
0
16
0
68
0
46
0
34
0
30
0
58
0
69
0
47
0
49
0
59
0
50
0
41
0
32
0
56
0
58
0
35
0
46
0
60
0
42
0
31
0
50
0
47
0
50
0
82
0
43
0
47
0
43
0
19
0
53
0
54
0
49
0
33
0
57
0
63
0
54
0
49
0
44
0
71
0
48
0
45
0
54
0
27
0
45
0
94
0
44
0
32
0
38
0
28
0
35
0
50
0
46
0
92
0
43
0
59
0
30
0
34
0
49
0
36
0
77
0
33
0
48
0
26
0
51
0
27
0
23
0
63
0
60
0
69
0
90
0
49
0
47
0
68
0
47
0
59
0
47
0
31
0
66
0
61
0
51
0
58
0
45
0
58
0
43
0
37
0
65
0
70
0
65
0
32
0
60
0
63
0
55
0
53
0
78
0
37
0
45
0
57
0
38
0
38
0
43
0
36
0
38
0
71
0
52
0
60
0
20
0
55
0
71
0
64
0
61
0
59
0
22
0
60
0
32
0
44
0
22
0
71
0
64
0
60
0
52
0
59
0
35
0
76
0
61
0
53
0
74
0
24
0
57
0
53
0
25
0
38
0
49
0
27
0
41
0
40
0
37
0
57
0
96
0
38
0
51
0
68
0
45
0
72
0
76
0
63
0
65
0
39
0
51
0
41
0
57
0
32
0
49
0
45
0
55
0
38
0
44
0
38
0
72
0
21
0
77
0
72
0
77
0
41
0
20
0
55
0
52
0
46
0
31
0
51
0
45
0
22
0
50
0
32
0
81
0
39
0
56
0
63
0
43
0
68
0
67
0
66
0
50
0
36
0
42
0
40
0
42
0
30
0
18
0
55
0
49
0
40
0
40
0
37
0
71
0
46
0
45
0
45
0
27
0
60
0
42
0
53
0
41
0
35
0
63
0
45
0
49
0
96
0
43
0
66
0
68
0
52
0
53
0
61
0
43
0
74
0
47
0
75
0
61
0
65
0
58
0
51
0
61
0
34
0
68
0
72
0
54
0
70
0
37
0
37
0
45
0
55
0
29
0
56
0
67
0
28
0
51
0
45
0
48
0
104
0
61
0
66
0
37
0
55
0
76
0
52
0
42
0
49
0
48
0
47
0
20
0
40
0
34
0
23
0
23
0
110
0
45
0
65
0
33
0
55
0
100
0
63
0
41
0
36
0
40
0
64
0
69
0
60
0
42
0
48
0
9
0
72
0
66
0
51
0
79
0
84
0
66
0
42
0
38
0
54
0
40
0
41
0
61
0
55
0
75
0
41
0
52
0
94
0
42
0
50
0
55
0
73
0
50
0
35
0
