0
26
0
6
0
10
0
7
0
7
0
11
0
24
0
21
0
38
0
15
0
15
0
8
0
2
0
10
0
28
0
24
0
14
0
14
0
19
0
20
0
13
0
17
0
17
0
43
0
45
0
9
0
15
0
19
0
12
0
14
0
18
0
17
0
28
0
27
0
25
0
25
0
36
0
27
0
19
0
13
0
15
0
25
0
27
0
27
0
21
0
32
0
25
0
17
0
17
0
4
0
17
0
15
0
17
0
19
0
28
0
6
0
26
0
22
0
18
0
22
0
14
0
23
0
18
0
18
0
35
0
21
0
15
0
21
0
16
0
19
0
8
0
17
0
19
0
36
0
27
0
24
0
21
0
54
0
29
0
13
0
31
0
47
0
23
0
22
0
19
0
21
0
33
0
11
0
9
0
18
0
28
0
12
0
36
0
23
0
22
0
28
0
49
0
23
0
21
0
12
0
21
0
13
0
18
0
22
0
14
0
25
0
14
0
16
0
13
0
16
0
19
0
21
0
19
0
1
0
11
0
14
0
15
0
31
0
8
0
28
0
24
0
22
0
22
0
26
0
12
0
26
0
14
0
39
0
20
0
11
0
1
0
10
0
23
0
22
0
11
0
22
0
28
0
5
0
9
0
20
0
33
0
29
0
36
0
17
0
14
0
18
0
19
0
0
0
38
0
9
0
13
0
5
0
15
0
29
0
18
0
26
0
23
0
31
0
15
0
19
0
12
0
20
0
11
0
15
0
42
0
36
0
30
0
26
0
23
0
26
0
6
0
25
0
10
0
16
0
18
0
32
0
24
0
18
0
14
0
30
0
20
0
33
0
17
0
1
0
11
0
28
0
19
0
19
0
9
0
9
0
19
0
20
0
10
0
24
0
18
0
18
0
17
0
21
0
28
0
20
0
35
0
25
0
19
0
21
0
12
0
24
0
8
0
23
0
18
0
19
0
44
0
30
0
19
0
17
0
6
0
17
0
9
0
12
0
15
0
22
0
18
0
19
0
23
0
5
0
28
0
26
0
21
0
47
0
17
0
7
0
15
0
39
0
23
0
22
0
14
0
22
0
14
0
31
0
14
0
24
0
37
0
12
0
20
0
32
0
34
0
25
0
24
0
32
0
16
0
33
0
23
0
30
0
40
0
24
0
24
0
14
0
30
0
24
0
30
0
33
0
29
0
31
0
13
0
34
0
29
0
28
0
14
0
26
0
11
0
28
0
8
0
17
0
8
0
32
0
22
0
12
0
19
0
29
0
22
0
25
0
19
0
32
0
10
0
7
0
24
0
14
0
29
0
23
0
47
0
15
0
32
0
9
0
31
0
34
0
24
0
28
0
40
0
15
0
18
0
31
0
24
0
29
0
40
0
19
0
8
0
27
0
18
0
23
0
19
0
21
0
22
0
9
0
11
0
22
0
27
0
19
0
30
0
8
0
15
0
22
0
17
0
16
0
15
0
21
0
31
0
26
0
37
0
21
0
17
0
16
0
20
0
19
0
12
0
15
0
39
0
20
0
20
0
19
0
8
0
8
0
31
0
23
0
27
0
18
0
24
0
20
0
36
0
25
0
16
0
56
0
24
0
34
0
22
0
16
0
19
0
10
0
12
0
31
0
36
0
19
0
29
0
18
0
12
0
15
0
25
0
24
0
19
0
16
0
19
0
23
0
21
0
38
0
19
0
30
0
15
0
12
0
21
0
10
0
8
0
32
0
41
0
18
0
14
0
32
0
12
0
31
0
10
0
8
0
14
0
11
0
11
0
29
0
24
0
14
0
41
0
23
0
0
0
26
0
20
0
11
0
38
0
17
0
10
0
11
0
15
0
20
0
40
0
25
0
20
0
37
0
8
0
45
0
17
0
33
0
28
0
22
0
15
0
14
0
31
0
20
0
9
0
23
0
25
0
36
0
14
0
20
0
27
0
11
0
30
0
17
0
32
0
17
0
12
0
25
0
22
0
25
0
30
0
25
0
24
0
16
0
21
0
14
0
15
0
16
0
22
0
18
0
23
0
33
0
13
0
25
0
29
0
0
0
17
0
0
0
6
0
17
0
25
0
12
0
15
0
8
0
24
0
24
0
10
0
34
0
11
0
26
0
8
0
32
0
35
0
17
0
23
0
23
0
33
0
14
0
19
0
21
0
22
0
19
0
16
0
23
0
23
0
5
0
6
0
13
0
42
0
12
0
23
0
17
0
11
0
21
0
21
0
9
0
12
0
16
0
22
0
15
0
20
0
7
0
26
0
11
0
