0
46
0
26
0
42
0
39
0
44
0
50
0
27
0
50
0
28
0
33
0
34
0
37
0
42
0
42
0
53
0
36
0
51
0
53
0
52
0
57
0
34
0
36
0
42
0
33
0
31
0
28
0
42
0
52
0
57
0
33
0
36
0
31
0
50
0
37
0
47
0
23
0
45
0
35
0
40
0
23
0
26
0
37
0
48
0
33
0
18
0
36
0
45
0
30
0
83
0
43
0
37
0
35
0
24
0
53
0
36
0
27
0
40
0
54
0
53
0
31
0
43
0
27
0
21
0
42
0
51
0
20
0
48
0
45
0
30
0
44
0
27
0
37
0
25
0
47
0
33
0
27
0
42
0
49
0
46
0
49
0
33
0
24
0
42
0
49
0
36
0
50
0
46
0
32
0
48
0
37
0
26
0
26
0
61
0
26
0
23
0
37
0
31
0
40
0
60
0
40
0
30
0
23
0
41
0
55
0
50
0
35
0
61
0
19
0
39
0
28
0
31
0
20
0
32
0
35
0
50
0
30
0
35
0
76
0
52
0
34
0
30
0
31
0
51
0
21
0
43
0
54
0
23
0
53
0
38
0
42
0
43
0
27
0
53
0
38
0
33
0
37
0
44
0
27
0
46
0
42
0
55
0
30
0
33
0
24
0
41
0
55
0
38
0
22
0
37
0
54
0
41
0
80
0
61
0
45
0
37
0
42
0
51
0
31
0
46
0
46
0
36
0
51
0
48
0
65
0
57
0
34
0
44
0
40
0
50
0
26
0
49
0
39
0
26
0
67
0
37
0
17
0
32
0
36
0
31
0
31
0
38
0
26
0
47
0
32
0
32
0
27
0
18
0
43
0
35
0
37
0
43
0
35
0
41
0
32
0
42
0
39
0
36
0
40
0
35
0
55
0
52
0
34
0
30
0
26
0
35
0
30
0
34
0
27
0
42
0
46
0
36
0
24
0
15
0
40
0
55
0
37
0
55
0
43
0
43
0
34
0
76
0
37
0
31
0
38
0
24
0
45
0
46
0
32
0
35
0
50
0
42
0
47
0
45
0
34
0
43
0
46
0
53
0
38
0
21
0
40
0
33
0
40
0
49
0
46
0
39
0
47
0
32
0
58
0
51
0
26
0
34
0
44
0
28
0
28
0
37
0
39
0
46
0
37
0
53
0
69
0
60
0
45
0
34
0
42
0
35
0
41
0
29
0
40
0
44
0
34
0
44
0
40
0
28
0
39
0
29
0
45
0
30
0
41
0
46
0
44
0
29
0
35
0
43
0
50
0
38
0
40
0
37
0
29
0
34
0
36
0
40
0
24
0
44
0
38
0
28
0
38
0
38
0
34
0
43
0
36
0
49
0
40
0
45
0
46
0
33
0
44
0
23
0
43
0
52
0
42
0
65
0
20
0
64
0
51
0
36
0
27
0
52
0
32
0
11
0
47
0
52
0
45
0
48
0
44
0
53
0
27
0
35
0
35
0
29
0
31
0
60
0
26
0
34
0
56
0
38
0
38
0
42
0
32
0
31
0
38
0
27
0
57
0
22
0
50
0
66
0
40
0
38
0
50
0
25
0
49
0
19
0
54
0
46
0
49
0
27
0
22
0
35
0
33
0
27
0
33
0
42
0
43
0
20
0
58
0
68
0
59
0
32
0
35
0
59
0
53
0
48
0
29
0
40
0
37
0
36
0
31
0
39
0
27
0
35
0
23
0
40
0
30
0
57
0
43
0
49
0
62
0
39
0
51
0
38
0
32
0
27
0
39
0
36
0
23
0
39
0
38
0
33
0
18
0
48
0
50
0
46
0
31
0
53
0
29
0
29
0
29
0
44
0
36
0
47
0
44
0
30
0
31
0
59
0
54
0
22
0
39
0
42
0
37
0
37
0
35
0
38
0
36
0
34
0
42
0
47
0
39
0
51
0
28
0
36
0
31
0
40
0
46
0
38
0
44
0
44
0
51
0
43
0
32
0
53
0
40
0
54
0
35
0
43
0
29
0
30
0
49
0
37
0
58
0
54
0
27
0
40
0
37
0
40
0
39
0
48
0
20
0
57
0
31
0
59
0
27
0
36
0
39
0
51
0
52
0
38
0
46
0
45
0
36
0
25
0
35
0
62
0
32
0
45
0
68
0
51
0
45
0
53
0
40
0
27
0
18
0
47
0
127
0
113
0
52
0
39
0
44
0
31
0
60
0
62
0
47
0
48
0
33
0
31
0
51
0
50
0
35
0
34
0
36
0
49
0
22
0
