0
42
0
47
0
59
0
28
0
34
0
67
0
40
0
30
0
31
0
27
0
41
0
49
0
44
0
44
0
45
0
37
0
32
0
37
0
37
0
30
0
38
0
31
0
40
0
51
0
54
0
55
0
51
0
45
0
49
0
45
0
45
0
40
0
27
0
46
0
43
0
53
0
29
0
49
0
59
0
28
0
38
0
35
0
45
0
41
0
29
0
32
0
37
0
32
0
39
0
28
0
34
0
44
0
53
0
43
0
42
0
38
0
18
0
38
0
32
0
30
0
39
0
32
0
42
0
44
0
22
0
46
0
33
0
32
0
40
0
21
0
35
0
34
0
32
0
27
0
25
0
39
0
47
0
32
0
50
0
30
0
39
0
42
0
29
0
23
0
32
0
41
0
32
0
42
0
31
0
43
0
28
0
60
0
44
0
39
0
50
0
52
0
32
0
52
0
35
0
25
0
38
0
44
0
42
0
30
0
35
0
29
0
33
0
27
0
36
0
49
0
25
0
41
0
56
0
33
0
48
0
38
0
36
0
80
0
30
0
41
0
33
0
44
0
33
0
44
0
26
0
38
0
45
0
55
0
50
0
45
0
41
0
34
0
18
0
43
0
37
0
54
0
38
0
38
0
36
0
44
0
30
0
30
0
31
0
32
0
53
0
40
0
38
0
46
0
43
0
45
0
46
0
19
0
35
0
45
0
45
0
37
0
37
0
44
0
25
0
53
0
42
0
49
0
41
0
39
0
52
0
29
0
26
0
47
0
17
0
27
0
22
0
43
0
47
0
36
0
40
0
37
0
34
0
38
0
38
0
39
0
30
0
41
0
29
0
57
0
49
0
36
0
37
0
56
0
53
0
51
0
56
0
39
0
43
0
38
0
33
0
48
0
50
0
27
0
32
0
44
0
36
0
23
0
31
0
59
0
35
0
46
0
35
0
60
0
37
0
18
0
55
0
46
0
33
0
42
0
41
0
39
0
36
0
45
0
39
0
55
0
48
0
37
0
41
0
39
0
51
0
32
0
37
0
39
0
55
0
40
0
24
0
36
0
58
0
30
0
40
0
36
0
52
0
36
0
50
0
60
0
47
0
38
0
56
0
64
0
66
0
46
0
48
0
36
0
38
0
39
0
23
0
41
0
40
0
47
0
39
0
34
0
58
0
36
0
45
0
40
0
37
0
52
0
36
0
39
0
32
0
41
0
50
0
53
0
38
0
45
0
36
0
37
0
49
0
31
0
55
0
39
0
45
0
70
0
31
0
69
0
33
0
62
0
32
0
38
0
29
0
27
0
55
0
34
0
29
0
32
0
64
0
36
0
26
0
41
0
37
0
33
0
45
0
48
0
24
0
44
0
33
0
40
0
44
0
71
0
60
0
32
0
26
0
36
0
51
0
36
0
40
0
34
0
24
0
25
0
45
0
35
0
34
0
32
0
24
0
32
0
38
0
30
0
35
0
45
0
38
0
62
0
40
0
43
0
37
0
34
0
32
0
44
0
36
0
45
0
52
0
43
0
48
0
43
0
39
0
21
0
53
0
36
0
41
0
40
0
35
0
36
0
54
0
21
0
25
0
39
0
44
0
34
0
33
0
44
0
61
0
51
0
52
0
32
0
37
0
48
0
29
0
55
0
46
0
29
0
29
0
29
0
60
0
41
0
45
0
35
0
42
0
51
0
40
0
38
0
44
0
38
0
34
0
45
0
31
0
35
0
39
0
50
0
34
0
35
0
39
0
37
0
27
0
35
0
38
0
35
0
31
0
36
0
43
0
54
0
43
0
41
0
52
0
39
0
37
0
28
0
49
0
43
0
36
0
35
0
45
0
59
0
25
0
49
0
30
0
50
0
50
0
36
0
27
0
33
0
59
0
41
0
42
0
35
0
38
0
30
0
68
0
61
0
59
0
38
0
43
0
51
0
35
0
25
0
40
0
46
0
34
0
35
0
35
0
61
0
47
0
36
0
46
0
33
0
41
0
38
0
36
0
30
0
32
0
46
0
35
0
28
0
30
0
40
0
32
0
50
0
34
0
34
0
46
0
35
0
39
0
37
0
21
0
43
0
34
0
35
0
36
0
34
0
46
0
48
0
51
0
35
0
43
0
35
0
33
0
45
0
43
0
45
0
54
0
29
0
55
0
68
0
30
0
51
0
36
0
29
0
38
0
40
0
32
0
31
0
45
0
32
0
41
0
66
0
24
0
28
0
28
0
55
0
51
0
54
0
35
0
43
0
35
0
25
0
27
0
21
0
