0
77
0
31
0
36
0
38
0
67
0
39
0
64
0
48
0
41
0
63
0
38
0
60
0
48
0
29
0
69
0
57
0
52
0
58
0
64
0
56
0
40
0
63
0
59
0
56
0
64
0
36
0
43
0
63
0
73
0
75
0
42
0
77
0
48
0
47
0
70
0
58
0
57
0
34
0
69
0
60
0
38
0
69
0
45
0
31
0
52
0
96
0
15
0
50
0
45
0
48
0
16
0
53
0
27
0
22
0
35
0
44
0
31
0
87
0
61
0
50
0
31
0
21
0
97
0
70
0
50
0
96
0
32
0
46
0
41
0
27
0
59
0
56
0
60
0
48
0
64
0
56
0
60
0
61
0
50
0
38
0
52
0
59
0
39
0
48
0
33
0
69
0
39
0
62
0
87
0
50
0
54
0
55
0
80
0
57
0
73
0
51
0
79
0
55
0
47
0
42
0
68
0
37
0
32
0
32
0
70
0
53
0
22
0
40
0
67
0
80
0
34
0
58
0
67
0
42
0
46
0
72
0
33
0
34
0
40
0
55
0
59
0
20
0
45
0
37
0
29
0
35
0
71
0
46
0
39
0
68
0
44
0
32
0
57
0
53
0
48
0
52
0
55
0
40
0
46
0
76
0
33
0
44
0
59
0
45
0
57
0
34
0
14
0
35
0
39
0
43
0
79
0
44
0
48
0
68
0
33
0
42
0
38
0
17
0
39
0
44
0
64
0
32
0
104
0
56
0
31
0
41
0
28
0
36
0
55
0
37
0
68
0
46
0
35
0
60
0
51
0
36
0
65
0
31
0
72
0
45
0
66
0
37
0
71
0
51
0
38
0
34
0
82
0
71
0
63
0
40
0
53
0
54
0
64
0
67
0
33
0
58
0
31
0
30
0
51
0
88
0
67
0
40
0
62
0
58
0
37
0
54
0
45
0
54
0
35
0
60
0
45
0
78
0
66
0
42
0
75
0
44
0
58
0
97
0
65
0
50
0
61
0
39
0
57
0
46
0
88
0
30
0
33
0
22
0
39
0
66
0
75
0
57
0
58
0
73
0
67
0
28
0
25
0
53
0
33
0
63
0
57
0
72
0
24
0
40
0
37
0
55
0
53
0
61
0
80
0
83
0
35
0
63
0
61
0
30
0
43
0
40
0
56
0
37
0
55
0
72
0
62
0
48
0
42
0
48
0
38
0
38
0
42
0
38
0
45
0
34
0
59
0
54
0
56
0
62
0
45
0
37
0
30
0
49
0
33
0
49
0
52
0
48
0
37
0
52
0
48
0
48
0
62
0
35
0
56
0
47
0
47
0
41
0
40
0
37
0
56
0
34
0
31
0
63
0
50
0
29
0
34
0
74
0
50
0
28
0
84
0
37
0
51
0
52
0
49
0
33
0
39
0
43
0
51
0
37
0
58
0
47
0
31
0
26
0
52
0
63
0
56
0
46
0
47
0
78
0
50
0
70
0
76
0
48
0
50
0
54
0
41
0
66
0
32
0
56
0
51
0
60
0
64
0
39
0
32
0
83
0
53
0
33
0
46
0
50
0
51
0
49
0
54
0
52
0
43
0
43
0
38
0
51
0
72
0
16
0
43
0
53
0
42
0
28
0
43
0
68
0
47
0
43
0
57
0
43
0
78
0
20
0
45
0
46
0
59
0
59
0
45
0
72
0
56
0
49
0
88
0
52
0
51
0
80
0
46
0
46
0
29
0
55
0
48
0
62
0
69
0
35
0
70
0
50
0
43
0
40
0
31
0
29
0
69
0
48
0
35
0
61
0
51
0
64
0
47
0
45
0
24
0
35
0
40
0
23
0
59
0
49
0
64
0
64
0
54
0
40
0
69
0
52
0
37
0
60
0
36
0
66
0
41
0
26
0
79
0
51
0
33
0
71
0
29
0
86
0
55
0
60
0
65
0
28
0
52
0
16
0
67
0
36
0
56
0
35
0
51
0
42
0
34
0
63
0
36
0
50
0
45
0
49
0
59
0
59
0
56
0
44
0
57
0
27
0
67
0
31
0
70
0
68
0
40
0
37
0
58
0
36
0
43
0
40
0
41
0
55
0
64
0
49
0
56
0
34
0
53
0
48
0
45
0
48
0
53
0
57
0
63
0
45
0
71
0
60
0
53
0
66
0
38
0
65
0
50
0
60
0
42
0
36
0
82
0
66
0
74
0
53
0
63
0
40
0
22
0
91
0
63
0
60
0
43
0
53
0
43
0
72
0
56
0
62
0
43
0
32
0
