0
45
0
41
0
35
0
52
0
61
0
41
0
44
0
64
0
63
0
22
0
50
0
59
0
56
0
52
0
58
0
47
0
68
0
28
0
29
0
73
0
51
0
51
0
38
0
67
0
46
0
43
0
60
0
69
0
48
0
53
0
62
0
51
0
49
0
49
0
62
0
44
0
46
0
43
0
40
0
72
0
47
0
57
0
46
0
39
0
38
0
39
0
77
0
38
0
42
0
45
0
59
0
76
0
34
0
60
0
50
0
53
0
21
0
67
0
43
0
44
0
49
0
53
0
56
0
24
0
61
0
48
0
50
0
58
0
57
0
60
0
38
0
50
0
49
0
35
0
55
0
41
0
35
0
77
0
48
0
65
0
56
0
35
0
83
0
67
0
55
0
76
0
25
0
26
0
63
0
103
0
76
0
49
0
70
0
49
0
28
0
37
0
38
0
81
0
57
0
57
0
36
0
59
0
58
0
33
0
41
0
43
0
76
0
42
0
41
0
34
0
29
0
52
0
47
0
52
0
43
0
80
0
75
0
50
0
30
0
78
0
48
0
56
0
28
0
53
0
43
0
40
0
24
0
44
0
22
0
66
0
70
0
53
0
28
0
52
0
31
0
63
0
47
0
47
0
33
0
47
0
49
0
62
0
42
0
77
0
31
0
69
0
63
0
78
0
43
0
57
0
42
0
42
0
78
0
18
0
36
0
58
0
78
0
44
0
75
0
45
0
59
0
62
0
46
0
38
0
41
0
32
0
83
0
68
0
57
0
63
0
38
0
52
0
36
0
26
0
73
0
30
0
39
0
52
0
62
0
37
0
65
0
37
0
44
0
38
0
45
0
27
0
51
0
60
0
43
0
52
0
32
0
49
0
49
0
87
0
64
0
48
0
47
0
43
0
59
0
30
0
60
0
59
0
62
0
51
0
64
0
101
0
54
0
50
0
86
0
75
0
34
0
76
0
38
0
48
0
51
0
17
0
43
0
24
0
50
0
53
0
80
0
52
0
42
0
64
0
73
0
30
0
55
0
66
0
31
0
58
0
53
0
66
0
35
0
19
0
58
0
58
0
84
0
24
0
49
0
49
0
36
0
38
0
33
0
38
0
32
0
59
0
46
0
38
0
35
0
54
0
26
0
77
0
21
0
66
0
40
0
35
0
72
0
40
0
50
0
52
0
74
0
50
0
68
0
44
0
38
0
48
0
57
0
88
0
76
0
30
0
40
0
44
0
51
0
62
0
49
0
42
0
93
0
81
0
71
0
59
0
50
0
29
0
19
0
52
0
33
0
60
0
35
0
65
0
28
0
51
0
96
0
48
0
52
0
36
0
45
0
41
0
27
0
69
0
58
0
30
0
32
0
45
0
79
0
43
0
45
0
68
0
46
0
72
0
44
0
66
0
69
0
48
0
43
0
60
0
36
0
75
0
40
0
42
0
44
0
67
0
47
0
36
0
46
0
57
0
36
0
35
0
65
0
65
0
39
0
73
0
31
0
41
0
55
0
53
0
60
0
44
0
33
0
79
0
49
0
62
0
35
0
25
0
32
0
43
0
55
0
59
0
22
0
51
0
39
0
92
0
73
0
49
0
42
0
38
0
48
0
44
0
60
0
39
0
61
0
43
0
40
0
56
0
85
0
69
0
67
0
62
0
53
0
26
0
40
0
29
0
56
0
63
0
23
0
27
0
58
0
84
0
54
0
40
0
39
0
48
0
47
0
48
0
47
0
21
0
53
0
96
0
49
0
79
0
23
0
93
0
56
0
63
0
80
0
32
0
68
0
91
0
70
0
77
0
54
0
71
0
71
0
34
0
50
0
64
0
38
0
33
0
43
0
78
0
47
0
66
0
38
0
71
0
77
0
46
0
46
0
29
0
64
0
79
0
52
0
56
0
50
0
38
0
61
0
33
0
53
0
55
0
67
0
67
0
38
0
41
0
66
0
60
0
39
0
41
0
64
0
82
0
29
0
75
0
45
0
34
0
32
0
52
0
74
0
49
0
54
0
85
0
40
0
77
0
53
0
62
0
58
0
50
0
54
0
106
0
60
0
36
0
59
0
49
0
90
0
65
0
36
0
56
0
66
0
66
0
33
0
24
0
53
0
43
0
30
0
61
0
73
0
92
0
53
0
49
0
55
0
47
0
59
0
19
0
60
0
55
0
28
0
72
0
75
0
76
0
60
0
35
0
44
0
81
0
55
0
49
0
26
0
51
0
42
0
45
0
33
0
49
0
40
0
59
0
38
0
52
0
