0
41
0
51
0
24
0
25
0
57
0
42
0
29
0
43
0
38
0
35
0
26
0
63
0
42
0
34
0
39
0
40
0
28
0
36
0
37
0
39
0
56
0
35
0
32
0
50
0
40
0
32
0
44
0
35
0
45
0
51
0
36
0
20
0
43
0
49
0
26
0
55
0
39
0
42
0
21
0
69
0
33
0
34
0
30
0
54
0
23
0
55
0
39
0
43
0
19
0
40
0
14
0
53
0
38
0
52
0
50
0
48
0
39
0
54
0
39
0
42
0
40
0
45
0
53
0
31
0
34
0
49
0
26
0
33
0
80
0
54
0
56
0
36
0
35
0
45
0
23
0
30
0
52
0
29
0
30
0
39
0
61
0
39
0
49
0
51
0
38
0
37
0
30
0
38
0
56
0
48
0
33
0
56
0
32
0
27
0
63
0
53
0
62
0
52
0
33
0
40
0
21
0
45
0
47
0
58
0
54
0
47
0
33
0
26
0
39
0
38
0
44
0
30
0
26
0
47
0
35
0
27
0
42
0
42
0
34
0
24
0
43
0
38
0
40
0
46
0
34
0
35
0
35
0
36
0
49
0
36
0
44
0
47
0
57
0
39
0
34
0
49
0
42
0
43
0
33
0
29
0
42
0
30
0
30
0
33
0
30
0
32
0
64
0
27
0
36
0
37
0
47
0
43
0
45
0
50
0
36
0
29
0
50
0
48
0
34
0
38
0
31
0
56
0
31
0
58
0
30
0
46
0
30
0
42
0
30
0
41
0
31
0
37
0
51
0
53
0
40
0
42
0
28
0
33
0
38
0
32
0
32
0
16
0
28
0
40
0
59
0
33
0
57
0
42
0
31
0
24
0
49
0
34
0
28
0
44
0
42
0
51
0
45
0
46
0
36
0
31
0
36
0
41
0
35
0
32
0
30
0
24
0
51
0
59
0
26
0
32
0
34
0
44
0
34
0
49
0
24
0
41
0
40
0
49
0
28
0
25
0
24
0
41
0
19
0
43
0
27
0
56
0
25
0
31
0
56
0
32
0
29
0
40
0
79
0
56
0
32
0
37
0
43
0
46
0
41
0
43
0
45
0
43
0
42
0
45
0
32
0
40
0
42
0
43
0
51
0
60
0
29
0
42
0
33
0
37
0
39
0
46
0
41
0
32
0
65
0
40
0
46
0
40
0
25
0
37
0
16
0
43
0
28
0
32
0
54
0
31
0
37
0
54
0
31
0
32
0
42
0
52
0
44
0
35
0
28
0
44
0
35
0
18
0
44
0
30
0
58
0
53
0
32
0
37
0
45
0
44
0
46
0
46
0
50
0
48
0
50
0
35
0
71
0
38
0
46
0
41
0
34
0
37
0
58
0
68
0
59
0
29
0
41
0
43
0
55
0
35
0
31
0
24
0
20
0
46
0
31
0
43
0
46
0
59
0
54
0
39
0
18
0
36
0
40
0
47
0
39
0
37
0
47
0
36
0
37
0
27
0
55
0
47
0
38
0
41
0
27
0
41
0
18
0
44
0
33
0
37
0
52
0
30
0
45
0
27
0
47
0
42
0
38
0
31
0
21
0
42
0
37
0
36
0
25
0
39
0
36
0
30
0
25
0
44
0
22
0
41
0
37
0
33
0
41
0
51
0
31
0
33
0
48
0
19
0
46
0
44
0
48
0
35
0
35
0
33
0
49
0
25
0
30
0
28
0
36
0
45
0
32
0
38
0
45
0
40
0
50
0
22
0
39
0
62
0
56
0
36
0
54
0
36
0
24
0
40
0
40
0
46
0
29
0
20
0
35
0
30
0
27
0
40
0
26
0
29
0
36
0
35
0
22
0
46
0
20
0
42
0
32
0
36
0
49
0
45
0
30
0
38
0
42
0
25
0
35
0
26
0
40
0
26
0
37
0
34
0
48
0
21
0
31
0
20
0
26
0
45
0
33
0
52
0
47
0
28
0
39
0
44
0
44
0
25
0
47
0
32
0
25
0
26
0
30
0
34
0
40
0
28
0
41
0
40
0
42
0
39
0
21
0
31
0
34
0
38
0
58
0
39
0
34
0
41
0
34
0
35
0
29
0
29
0
32
0
26
0
42
0
40
0
42
0
41
0
28
0
51
0
58
0
54
0
50
0
24
0
29
0
41
0
53
0
23
0
22
0
36
0
39
0
51
0
33
0
47
0
50
0
36
0
33
0
35
0
35
0
43
0
30
0
32
0
31
0
36
0
34
0
26
0
42
0
43
0
26
0
43
0
