0
72
0
54
0
42
0
51
0
67
0
48
0
47
0
48
0
46
0
44
0
45
0
69
0
44
0
53
0
47
0
78
0
46
0
88
0
53
0
43
0
63
0
49
0
43
0
38
0
50
0
61
0
45
0
54
0
43
0
58
0
67
0
47
0
67
0
59
0
46
0
27
0
72
0
63
0
60
0
46
0
46
0
53
0
52
0
58
0
74
0
51
0
45
0
55
0
59
0
53
0
48
0
32
0
57
0
54
0
60
0
47
0
62
0
64
0
53
0
49
0
39
0
47
0
39
0
64
0
47
0
57
0
63
0
37
0
48
0
59
0
51
0
65
0
60
0
55
0
71
0
45
0
60
0
49
0
67
0
46
0
46
0
39
0
54
0
56
0
47
0
46
0
59
0
59
0
45
0
43
0
56
0
51
0
35
0
54
0
46
0
57
0
63
0
45
0
25
0
49
0
58
0
56
0
38
0
54
0
55
0
64
0
34
0
50
0
81
0
49
0
71
0
45
0
43
0
64
0
50
0
44
0
60
0
52
0
61
0
63
0
38
0
62
0
36
0
44
0
66
0
67
0
62
0
56
0
61
0
56
0
60
0
41
0
45
0
51
0
34
0
52
0
39
0
41
0
40
0
86
0
64
0
47
0
51
0
50
0
62
0
47
0
43
0
66
0
47
0
61
0
70
0
58
0
58
0
57
0
66
0
48
0
42
0
47
0
62
0
51
0
58
0
38
0
59
0
74
0
55
0
62
0
78
0
62
0
50
0
56
0
52
0
62
0
43
0
45
0
45
0
46
0
58
0
67
0
60
0
42
0
54
0
38
0
59
0
58
0
48
0
32
0
46
0
50
0
58
0
52
0
58
0
47
0
47
0
65
0
63
0
56
0
69
0
32
0
43
0
55
0
59
0
72
0
44
0
38
0
49
0
28
0
52
0
56
0
50
0
61
0
56
0
53
0
49
0
48
0
44
0
64
0
54
0
51
0
64
0
46
0
40
0
48
0
59
0
59
0
36
0
48
0
37
0
44
0
50
0
48
0
66
0
45
0
60
0
59
0
47
0
42
0
43
0
50
0
38
0
42
0
77
0
53
0
40
0
56
0
50
0
57
0
56
0
47
0
52
0
54
0
42
0
35
0
62
0
61
0
48
0
44
0
50
0
55
0
65
0
57
0
58
0
55
0
47
0
51
0
47
0
47
0
63
0
62
0
47
0
45
0
44
0
40
0
48
0
57
0
77
0
60
0
65
0
47
0
62
0
53
0
48
0
51
0
48
0
73
0
59
0
56
0
47
0
37
0
42
0
56
0
48
0
67
0
56
0
33
0
44
0
30
0
44
0
53
0
54
0
50
0
56
0
63
0
63
0
43
0
50
0
37
0
60
0
41
0
66
0
63
0
43
0
53
0
64
0
50
0
45
0
60
0
52
0
60
0
40
0
71
0
56
0
47
0
60
0
48
0
62
0
47
0
64
0
49
0
50
0
54
0
67
0
61
0
40
0
64
0
52
0
54
0
41
0
37
0
60
0
49
0
58
0
39
0
69
0
51
0
50
0
55
0
56
0
57
0
54
0
46
0
63
0
53
0
46
0
44
0
31
0
57
0
48
0
45
0
62
0
47
0
49
0
57
0
30
0
33
0
54
0
56
0
49
0
45
0
46
0
58
0
44
0
75
0
53
0
33
0
66
0
53
0
61
0
67
0
63
0
58
0
52
0
53
0
80
0
63
0
52
0
78
0
55
0
48
0
62
0
56
0
50
0
45
0
48
0
49
0
63
0
45
0
47
0
62
0
56
0
52
0
37
0
41
0
50
0
65
0
55
0
45
0
54
0
35
0
67
0
40
0
64
0
49
0
45
0
51
0
66
0
40
0
47
0
60
0
54
0
51
0
47
0
41
0
53
0
46
0
62
0
60
0
57
0
47
0
46
0
38
0
54
0
55
0
57
0
68
0
55
0
42
0
54
0
45
0
81
0
33
0
52
0
51
0
51
0
54
0
70
0
93
0
50
0
43
0
39
0
40
0
44
0
53
0
58
0
55
0
44
0
64
0
65
0
48
0
84
0
46
0
33
0
62
0
46
0
56
0
68
0
70
0
32
0
58
0
54
0
43
0
61
0
46
0
67
0
64
0
75
0
67
0
36
0
68
0
40
0
52
0
63
0
48
0
47
0
59
0
54
0
45
0
47
0
60
0
57
0
62
0
36
0
50
0
45
0
61
0
41
0
48
0
65
0
47
0
70
0
57
0
