0
73
0
60
0
49
0
53
0
12
0
98
0
56
0
28
0
62
0
59
0
25
0
50
0
36
0
55
0
61
0
55
0
63
0
27
0
55
0
37
0
71
0
105
0
72
0
50
0
44
0
59
0
60
0
38
0
62
0
65
0
39
0
42
0
58
0
45
0
55
0
50
0
68
0
63
0
96
0
49
0
77
0
61
0
43
0
59
0
8
0
48
0
27
0
66
0
46
0
67
0
44
0
33
0
50
0
42
0
47
0
39
0
82
0
71
0
64
0
49
0
38
0
35
0
44
0
72
0
47
0
39
0
37
0
33
0
53
0
31
0
22
0
52
0
39
0
44
0
73
0
57
0
56
0
67
0
67
0
71
0
54
0
47
0
33
0
58
0
31
0
69
0
56
0
42
0
28
0
62
0
73
0
67
0
41
0
34
0
43
0
70
0
53
0
46
0
62
0
33
0
33
0
35
0
68
0
45
0
43
0
52
0
56
0
83
0
69
0
46
0
52
0
42
0
44
0
47
0
73
0
31
0
40
0
62
0
50
0
60
0
58
0
51
0
19
0
28
0
76
0
47
0
61
0
60
0
79
0
74
0
44
0
37
0
59
0
53
0
32
0
52
0
50
0
73
0
56
0
53
0
44
0
76
0
44
0
69
0
73
0
50
0
61
0
63
0
64
0
61
0
44
0
44
0
87
0
20
0
60
0
42
0
24
0
41
0
48
0
33
0
35
0
44
0
43
0
33
0
74
0
63
0
63
0
54
0
50
0
23
0
56
0
50
0
53
0
52
0
69
0
57
0
32
0
48
0
66
0
56
0
48
0
56
0
68
0
46
0
72
0
50
0
57
0
66
0
58
0
65
0
66
0
53
0
44
0
77
0
81
0
72
0
45
0
31
0
34
0
67
0
33
0
36
0
28
0
35
0
54
0
62
0
59
0
59
0
57
0
50
0
58
0
40
0
47
0
43
0
37
0
25
0
76
0
63
0
44
0
62
0
47
0
38
0
35
0
52
0
82
0
67
0
49
0
69
0
69
0
60
0
28
0
60
0
34
0
50
0
70
0
29
0
37
0
69
0
60
0
32
0
64
0
53
0
45
0
70
0
52
0
79
0
63
0
76
0
54
0
61
0
68
0
69
0
46
0
37
0
64
0
48
0
47
0
34
0
48
0
48
0
74
0
82
0
69
0
41
0
26
0
41
0
72
0
38
0
25
0
60
0
36
0
65
0
65
0
41
0
79
0
45
0
69
0
72
0
33
0
56
0
40
0
33
0
40
0
61
0
40
0
59
0
48
0
35
0
44
0
54
0
25
0
28
0
47
0
72
0
47
0
62
0
55
0
41
0
35
0
74
0
40
0
32
0
44
0
37
0
42
0
77
0
27
0
62
0
33
0
59
0
74
0
42
0
45
0
42
0
54
0
66
0
52
0
79
0
92
0
52
0
28
0
32
0
65
0
41
0
27
0
34
0
55
0
63
0
45
0
53
0
24
0
42
0
63
0
54
0
56
0
45
0
68
0
56
0
38
0
49
0
48
0
79
0
51
0
68
0
44
0
30
0
37
0
43
0
52
0
45
0
78
0
63
0
44
0
42
0
24
0
32
0
40
0
67
0
39
0
40
0
46
0
50
0
69
0
46
0
24
0
64
0
53
0
66
0
53
0
40
0
75
0
112
0
54
0
62
0
52
0
26
0
69
0
57
0
70
0
58
0
80
0
20
0
46
0
51
0
53
0
29
0
51
0
70
0
78
0
37
0
49
0
51
0
35
0
88
0
20
0
40
0
42
0
66
0
97
0
58
0
55
0
64
0
57
0
42
0
42
0
66
0
75
0
71
0
67
0
35
0
38
0
68
0
50
0
37
0
35
0
66
0
45
0
48
0
29
0
62
0
74
0
75
0
90
0
69
0
64
0
43
0
43
0
31
0
75
0
107
0
74
0
42
0
49
0
47
0
25
0
62
0
52
0
60
0
76
0
35
0
30
0
68
0
21
0
45
0
41
0
38
0
44
0
36
0
69
0
66
0
35
0
93
0
53
0
66
0
72
0
64
0
43
0
41
0
52
0
95
0
31
0
41
0
32
0
38
0
59
0
56
0
68
0
47
0
35
0
44
0
51
0
51
0
32
0
55
0
37
0
62
0
32
0
95
0
57
0
3
0
58
0
66
0
52
0
36
0
34
0
31
0
76
0
75
0
41
0
52
0
58
0
43
0
56
0
80
0
25
0
29
0
40
0
79
0
36
0
38
0
