0
68
0
41
0
24
0
38
0
71
0
49
0
66
0
38
0
24
0
41
0
49
0
75
0
53
0
46
0
37
0
95
0
46
0
41
0
45
0
23
0
52
0
66
0
43
0
67
0
53
0
77
0
45
0
34
0
56
0
64
0
37
0
35
0
43
0
47
0
34
0
47
0
51
0
45
0
32
0
90
0
38
0
55
0
57
0
38
0
67
0
41
0
42
0
54
0
44
0
50
0
52
0
54
0
40
0
70
0
53
0
50
0
39
0
52
0
48
0
73
0
29
0
58
0
37
0
46
0
38
0
16
0
34
0
40
0
39
0
61
0
84
0
33
0
48
0
35
0
47
0
62
0
49
0
44
0
36
0
51
0
30
0
47
0
36
0
62
0
54
0
70
0
40
0
69
0
49
0
37
0
55
0
59
0
32
0
58
0
37
0
68
0
23
0
50
0
55
0
78
0
31
0
41
0
58
0
37
0
76
0
57
0
42
0
57
0
44
0
47
0
40
0
57
0
50
0
36
0
74
0
39
0
29
0
36
0
72
0
91
0
29
0
48
0
77
0
28
0
40
0
40
0
82
0
55
0
27
0
49
0
56
0
42
0
54
0
48
0
38
0
63
0
47
0
73
0
64
0
42
0
58
0
83
0
62
0
88
0
48
0
34
0
11
0
68
0
39
0
39
0
45
0
45
0
40
0
81
0
44
0
44
0
68
0
50
0
45
0
56
0
50
0
18
0
51
0
48
0
40
0
46
0
38
0
68
0
42
0
25
0
26
0
37
0
39
0
34
0
38
0
39
0
63
0
66
0
77
0
57
0
38
0
61
0
37
0
44
0
26
0
54
0
57
0
38
0
54
0
70
0
41
0
55
0
55
0
49
0
52
0
47
0
58
0
29
0
41
0
34
0
45
0
66
0
51
0
58
0
69
0
42
0
73
0
81
0
39
0
69
0
64
0
63
0
56
0
64
0
44
0
48
0
34
0
65
0
47
0
68
0
46
0
54
0
42
0
49
0
45
0
59
0
65
0
69
0
70
0
24
0
48
0
45
0
20
0
54
0
43
0
35
0
36
0
68
0
57
0
37
0
79
0
51
0
57
0
58
0
51
0
45
0
92
0
59
0
38
0
45
0
53
0
53
0
78
0
65
0
50
0
29
0
27
0
64
0
63
0
43
0
34
0
58
0
58
0
72
0
17
0
73
0
41
0
45
0
53
0
45
0
48
0
42
0
50
0
31
0
34
0
59
0
41
0
76
0
92
0
49
0
42
0
50
0
46
0
24
0
34
0
46
0
40
0
42
0
62
0
36
0
37
0
50
0
56
0
42
0
21
0
74
0
56
0
63
0
42
0
50
0
41
0
50
0
84
0
56
0
88
0
11
0
45
0
52
0
77
0
66
0
66
0
34
0
25
0
56
0
25
0
50
0
40
0
68
0
47
0
74
0
86
0
54
0
46
0
54
0
56
0
58
0
8
0
56
0
31
0
34
0
52
0
37
0
41
0
64
0
61
0
89
0
72
0
37
0
47
0
28
0
77
0
50
0
65
0
19
0
44
0
20
0
47
0
48
0
42
0
36
0
32
0
50
0
63
0
39
0
37
0
90
0
49
0
28
0
74
0
46
0
38
0
112
0
29
0
56
0
28
0
54
0
42
0
37
0
43
0
49
0
61
0
36
0
24
0
51
0
44
0
50
0
63
0
69
0
66
0
54
0
51
0
47
0
65
0
68
0
49
0
66
0
47
0
48
0
49
0
83
0
29
0
18
0
31
0
50
0
38
0
22
0
27
0
52
0
45
0
54
0
40
0
37
0
76
0
65
0
45
0
82
0
38
0
75
0
29
0
33
0
37
0
51
0
44
0
27
0
64
0
54
0
23
0
48
0
22
0
55
0
60
0
42
0
75
0
49
0
46
0
47
0
57
0
47
0
13
0
40
0
55
0
38
0
26
0
49
0
36
0
73
0
46
0
56
0
42
0
41
0
66
0
55
0
54
0
39
0
86
0
58
0
24
0
58
0
57
0
60
0
58
0
56
0
53
0
41
0
61
0
43
0
48
0
77
0
50
0
47
0
49
0
65
0
45
0
71
0
57
0
66
0
36
0
30
0
55
0
25
0
49
0
67
0
59
0
46
0
23
0
37
0
53
0
54
0
61
0
60
0
52
0
59
0
20
0
71
0
39
0
55
0
48
0
35
0
73
0
37
0
28
0
89
0
45
0
56
0
33
0
56
0
32
0
33
0
42
0
45
0
