0
52
0
59
0
51
0
61
0
71
0
41
0
44
0
48
0
55
0
73
0
52
0
106
0
49
0
29
0
60
0
40
0
70
0
84
0
45
0
46
0
59
0
49
0
41
0
42
0
33
0
46
0
41
0
68
0
54
0
59
0
44
0
62
0
52
0
56
0
38
0
43
0
61
0
43
0
46
0
55
0
70
0
31
0
38
0
54
0
54
0
40
0
44
0
47
0
66
0
57
0
57
0
60
0
62
0
36
0
78
0
50
0
68
0
59
0
54
0
79
0
59
0
58
0
83
0
55
0
52
0
31
0
67
0
57
0
60
0
25
0
50
0
61
0
49
0
51
0
52
0
45
0
47
0
62
0
88
0
60
0
60
0
51
0
24
0
64
0
60
0
61
0
65
0
65
0
59
0
49
0
66
0
58
0
68
0
40
0
43
0
25
0
29
0
29
0
80
0
55
0
38
0
63
0
25
0
58
0
35
0
37
0
56
0
51
0
70
0
53
0
60
0
46
0
43
0
74
0
62
0
59
0
48
0
39
0
69
0
62
0
78
0
40
0
44
0
44
0
58
0
81
0
66
0
46
0
38
0
73
0
51
0
51
0
81
0
53
0
48
0
42
0
70
0
28
0
48
0
40
0
71
0
53
0
49
0
41
0
42
0
33
0
50
0
48
0
46
0
42
0
61
0
39
0
51
0
60
0
64
0
45
0
71
0
47
0
50
0
48
0
55
0
42
0
51
0
32
0
79
0
37
0
44
0
34
0
44
0
81
0
44
0
44
0
51
0
62
0
32
0
78
0
50
0
87
0
49
0
30
0
58
0
65
0
50
0
72
0
69
0
37
0
53
0
51
0
62
0
41
0
64
0
35
0
49
0
41
0
51
0
49
0
74
0
43
0
53
0
41
0
48
0
55
0
42
0
45
0
59
0
31
0
63
0
46
0
75
0
68
0
49
0
29
0
50
0
79
0
87
0
66
0
24
0
46
0
56
0
31
0
68
0
67
0
52
0
69
0
67
0
57
0
23
0
40
0
34
0
56
0
39
0
56
0
34
0
40
0
21
0
46
0
50
0
46
0
22
0
46
0
51
0
41
0
29
0
37
0
64
0
68
0
65
0
60
0
80
0
24
0
40
0
56
0
46
0
50
0
44
0
64
0
45
0
62
0
52
0
93
0
54
0
60
0
52
0
86
0
62
0
57
0
78
0
32
0
41
0
50
0
46
0
58
0
38
0
45
0
51
0
53
0
32
0
75
0
30
0
36
0
54
0
42
0
17
0
50
0
32
0
51
0
40
0
66
0
93
0
44
0
61
0
30
0
18
0
70
0
39
0
62
0
62
0
46
0
40
0
40
0
47
0
58
0
42
0
75
0
67
0
57
0
33
0
52
0
70
0
51
0
12
0
60
0
34
0
47
0
64
0
27
0
44
0
71
0
78
0
41
0
61
0
54
0
47
0
34
0
44
0
36
0
34
0
66
0
43
0
34
0
58
0
59
0
74
0
26
0
60
0
39
0
65
0
79
0
44
0
40
0
37
0
66
0
25
0
69
0
28
0
51
0
70
0
51
0
83
0
44
0
74
0
66
0
73
0
44
0
92
0
48
0
81
0
44
0
3
0
33
0
78
0
37
0
65
0
45
0
57
0
26
0
39
0
13
0
58
0
30
0
51
0
71
0
42
0
49
0
57
0
31
0
33
0
41
0
44
0
53
0
49
0
85
0
27
0
38
0
27
0
67
0
64
0
117
0
58
0
60
0
88
0
47
0
66
0
43
0
35
0
29
0
49
0
32
0
53
0
66
0
79
0
66
0
50
0
62
0
48
0
86
0
63
0
53
0
76
0
47
0
52
0
70
0
53
0
52
0
48
0
58
0
36
0
41
0
54
0
54
0
52
0
62
0
55
0
36
0
27
0
65
0
60
0
38
0
52
0
59
0
71
0
55
0
44
0
32
0
71
0
37
0
43
0
47
0
60
0
53
0
46
0
70
0
69
0
49
0
37
0
68
0
73
0
57
0
81
0
44
0
72
0
70
0
25
0
57
0
29
0
37
0
31
0
49
0
59
0
38
0
68
0
61
0
36
0
44
0
40
0
98
0
44
0
59
0
27
0
67
0
56
0
32
0
44
0
47
0
49
0
64
0
40
0
40
0
68
0
28
0
73
0
35
0
58
0
67
0
53
0
62
0
76
0
58
0
54
0
69
0
43
0
22
0
60
0
49
0
63
0
65
0
40
0
58
0
49
0
49
0
