0
14
0
26
0
37
0
29
0
15
0
15
0
26
0
28
0
18
0
21
0
12
0
7
0
32
0
11
0
39
0
19
0
53
0
25
0
12
0
15
0
33
0
17
0
29
0
35
0
27
0
6
0
9
0
4
0
43
0
17
0
17
0
27
0
9
0
30
0
16
0
9
0
17
0
24
0
13
0
24
0
17
0
18
0
26
0
40
0
20
0
27
0
3
0
16
0
7
0
19
0
14
0
9
0
32
0
8
0
12
0
18
0
8
0
28
0
3
0
14
0
11
0
10
0
24
0
21
0
7
0
0
0
12
0
16
0
12
0
22
0
13
0
22
0
15
0
9
0
33
0
23
0
30
0
16
0
22
0
19
0
15
0
0
0
31
0
11
0
12
0
16
0
7
0
9
0
46
0
10
0
8
0
17
0
23
0
20
0
11
0
15
0
41
0
9
0
27
0
13
0
29
0
29
0
24
0
23
0
24
0
22
0
9
0
13
0
15
0
14
0
8
0
19
0
40
0
22
0
27
0
19
0
15
0
22
0
13
0
10
0
14
0
15
0
10
0
17
0
14
0
14
0
30
0
14
0
21
0
17
0
9
0
15
0
8
0
34
0
19
0
11
0
16
0
23
0
20
0
2
0
7
0
7
0
34
0
21
0
18
0
30
0
17
0
14
0
10
0
14
0
16
0
11
0
0
0
11
0
10
0
20
0
10
0
20
0
19
0
20
0
8
0
11
0
22
0
16
0
12
0
14
0
19
0
28
0
20
0
11
0
14
0
16
0
20
0
6
0
25
0
16
0
10
0
21
0
26
0
16
0
69
0
19
0
16
0
26
0
11
0
12
0
18
0
20
0
28
0
21
0
32
0
26
0
19
0
9
0
30
0
41
0
28
0
11
0
16
0
18
0
27
0
25
0
14
0
18
0
16
0
11
0
23
0
25
0
8
0
36
0
14
0
3
0
9
0
14
0
8
0
11
0
16
0
31
0
6
0
37
0
22
0
20
0
27
0
25
0
5
0
26
0
21
0
28
0
25
0
24
0
22
0
26
0
25
0
17
0
7
0
30
0
43
0
22
0
23
0
19
0
15
0
8
0
12
0
21
0
17
0
28
0
23
0
24
0
18
0
24
0
15
0
11
0
15
0
34
0
9
0
19
0
5
0
9
0
21
0
16
0
30
0
11
0
8
0
17
0
15
0
11
0
17
0
23
0
21
0
30
0
9
0
26
0
26
0
18
0
28
0
19
0
27
0
19
0
10
0
14
0
9
0
15
0
19
0
11
0
19
0
12
0
21
0
16
0
11
0
34
0
24
0
31
0
35
0
14
0
22
0
17
0
24
0
7
0
24
0
30
0
17
0
13
0
18
0
18
0
40
0
26
0
19
0
24
0
31
0
20
0
34
0
31
0
20
0
21
0
6
0
31
0
17
0
13
0
18
0
17
0
24
0
5
0
20
0
16
0
19
0
26
0
13
0
13
0
18
0
31
0
26
0
17
0
44
0
23
0
15
0
16
0
25
0
14
0
22
0
17
0
8
0
19
0
21
0
15
0
32
0
7
0
27
0
17
0
7
0
10
0
14
0
9
0
33
0
17
0
5
0
16
0
21
0
42
0
14
0
12
0
7
0
25
0
17
0
18
0
34
0
23
0
30
0
22
0
16
0
44
0
17
0
22
0
16
0
40
0
15
0
30
0
18
0
8
0
9
0
18
0
20
0
16
0
20
0
36
0
5
0
8
0
12
0
20
0
16
0
38
0
22
0
12
0
19
0
9
0
21
0
17
0
15
0
8
0
18
0
6
0
10
0
17
0
18
0
14
0
30
0
33
0
29
0
16
0
17
0
12
0
40
0
31
0
8
0
16
0
9
0
23
0
19
0
7
0
2
0
18
0
5
0
13
0
23
0
21
0
17
0
25
0
12
0
29
0
7
0
15
0
18
0
52
0
2
0
16
0
0
0
25
0
15
0
24
0
24
0
15
0
26
0
11
0
16
0
9
0
22
0
18
0
24
0
17
0
17
0
10
0
42
0
16
0
32
0
26
0
21
0
9
0
20
0
26
0
26
0
19
0
23
0
17
0
16
0
11
0
18
0
22
0
18
0
11
0
18
0
9
0
16
0
14
0
17
0
12
0
11
0
8
0
13
0
27
0
26
0
19
0
26
0
25
0
55
0
66
0
23
0
11
0
28
0
30
0
39
0
15
0
12
0
20
0
19
0
16
0
27
0
10
0
8
0
1
0
30
0
25
0
