0
78
0
34
0
66
0
54
0
40
0
33
0
51
0
44
0
50
0
22
0
43
0
41
0
59
0
32
0
18
0
29
0
73
0
45
0
53
0
63
0
44
0
52
0
46
0
53
0
64
0
52
0
22
0
70
0
50
0
46
0
75
0
67
0
16
0
62
0
49
0
40
0
45
0
58
0
97
0
28
0
36
0
75
0
44
0
57
0
37
0
50
0
83
0
47
0
59
0
40
0
44
0
47
0
49
0
88
0
48
0
62
0
64
0
46
0
77
0
62
0
50
0
71
0
58
0
52
0
52
0
39
0
36
0
49
0
38
0
57
0
76
0
68
0
63
0
45
0
67
0
24
0
53
0
60
0
73
0
50
0
76
0
93
0
45
0
50
0
25
0
81
0
33
0
33
0
48
0
58
0
45
0
79
0
49
0
34
0
35
0
35
0
76
0
35
0
65
0
49
0
66
0
63
0
41
0
38
0
51
0
66
0
64
0
62
0
64
0
63
0
38
0
41
0
58
0
53
0
50
0
40
0
39
0
33
0
22
0
70
0
55
0
51
0
48
0
88
0
59
0
45
0
49
0
19
0
95
0
36
0
37
0
24
0
31
0
45
0
73
0
56
0
106
0
27
0
38
0
45
0
41
0
55
0
31
0
76
0
53
0
76
0
59
0
40
0
44
0
34
0
34
0
72
0
76
0
71
0
62
0
54
0
61
0
54
0
24
0
48
0
52
0
38
0
28
0
26
0
75
0
83
0
59
0
65
0
79
0
31
0
58
0
38
0
23
0
24
0
29
0
44
0
64
0
63
0
49
0
33
0
48
0
85
0
52
0
71
0
41
0
49
0
7
0
45
0
57
0
32
0
39
0
70
0
68
0
37
0
50
0
72
0
52
0
43
0
48
0
56
0
98
0
61
0
59
0
86
0
46
0
28
0
29
0
57
0
38
0
63
0
42
0
29
0
82
0
22
0
42
0
43
0
58
0
26
0
25
0
44
0
42
0
48
0
49
0
54
0
62
0
37
0
42
0
47
0
52
0
44
0
52
0
66
0
35
0
52
0
54
0
42
0
48
0
66
0
47
0
56
0
58
0
66
0
39
0
46
0
36
0
46
0
72
0
62
0
35
0
39
0
48
0
58
0
75
0
56
0
50
0
29
0
49
0
61
0
82
0
40
0
57
0
36
0
44
0
43
0
69
0
52
0
32
0
16
0
34
0
43
0
28
0
38
0
41
0
49
0
47
0
55
0
50
0
51
0
53
0
83
0
42
0
39
0
51
0
41
0
23
0
36
0
56
0
69
0
51
0
61
0
65
0
43
0
24
0
43
0
19
0
40
0
76
0
49
0
58
0
62
0
37
0
35
0
60
0
55
0
43
0
70
0
36
0
63
0
44
0
68
0
43
0
32
0
34
0
71
0
17
0
81
0
55
0
61
0
38
0
51
0
52
0
56
0
45
0
65
0
30
0
35
0
61
0
38
0
49
0
42
0
37
0
58
0
59
0
66
0
37
0
54
0
75
0
92
0
51
0
40
0
34
0
71
0
69
0
33
0
46
0
51
0
30
0
44
0
49
0
42
0
43
0
34
0
58
0
45
0
42
0
51
0
41
0
48
0
44
0
33
0
56
0
65
0
34
0
67
0
14
0
42
0
67
0
46
0
71
0
39
0
68
0
45
0
81
0
62
0
51
0
44
0
63
0
17
0
46
0
60
0
25
0
51
0
76
0
62
0
53
0
71
0
78
0
75
0
64
0
45
0
63
0
17
0
62
0
43
0
41
0
43
0
33
0
38
0
59
0
72
0
31
0
82
0
42
0
30
0
31
0
60
0
34
0
61
0
60
0
42
0
68
0
20
0
84
0
41
0
61
0
36
0
41
0
17
0
28
0
39
0
82
0
88
0
50
0
15
0
58
0
81
0
58
0
44
0
50
0
64
0
54
0
72
0
37
0
40
0
75
0
88
0
20
0
68
0
38
0
43
0
31
0
36
0
41
0
57
0
45
0
47
0
24
0
31
0
62
0
35
0
39
0
61
0
54
0
45
0
44
0
30
0
73
0
42
0
45
0
38
0
60
0
42
0
43
0
33
0
48
0
83
0
48
0
36
0
51
0
86
0
56
0
42
0
27
0
14
0
45
0
64
0
34
0
47
0
55
0
64
0
90
0
48
0
35
0
73
0
74
0
25
0
51
0
45
0
64
0
34
0
39
0
77
0
31
0
47
0
48
0
50
0
33
0
38
0
50
0
56
0
