0
15
0
22
0
16
0
24
0
16
0
24
0
10
0
18
0
26
0
20
0
11
0
10
0
11
0
19
0
21
0
6
0
7
0
21
0
7
0
15
0
8
0
26
0
15
0
7
0
14
0
27
0
23
0
27
0
15
0
9
0
14
0
18
0
16
0
7
0
12
0
15
0
26
0
12
0
8
0
26
0
16
0
25
0
18
0
17
0
18
0
22
0
22
0
11
0
12
0
6
0
11
0
12
0
21
0
7
0
9
0
11
0
13
0
7
0
13
0
17
0
32
0
19
0
13
0
13
0
22
0
22
0
12
0
8
0
9
0
25
0
26
0
15
0
6
0
22
0
23
0
18
0
28
0
33
0
17
0
20
0
17
0
18
0
7
0
19
0
21
0
10
0
7
0
8
0
19
0
18
0
17
0
13
0
27
0
26
0
22
0
14
0
12
0
26
0
13
0
14
0
23
0
15
0
13
0
10
0
19
0
14
0
9
0
12
0
14
0
20
0
17
0
2
0
5
0
15
0
10
0
12
0
19
0
13
0
9
0
17
0
14
0
23
0
18
0
15
0
11
0
10
0
13
0
17
0
12
0
23
0
18
0
17
0
10
0
16
0
10
0
27
0
12
0
13
0
10
0
12
0
18
0
21
0
13
0
12
0
12
0
15
0
9
0
10
0
25
0
25
0
23
0
14
0
14
0
9
0
23
0
24
0
19
0
14
0
11
0
22
0
8
0
14
0
11
0
13
0
10
0
15
0
11
0
16
0
13
0
22
0
28
0
22
0
15
0
12
0
18
0
19
0
17
0
14
0
6
0
9
0
16
0
21
0
26
0
40
0
17
0
9
0
7
0
11
0
7
0
22
0
9
0
12
0
26
0
14
0
25
0
5
0
17
0
15
0
11
0
4
0
22
0
18
0
9
0
13
0
12
0
23
0
20
0
23
0
17
0
22
0
4
0
15
0
15
0
22
0
21
0
33
0
14
0
18
0
15
0
23
0
18
0
13
0
11
0
14
0
5
0
6
0
12
0
17
0
23
0
22
0
18
0
18
0
24
0
16
0
17
0
10
0
11
0
20
0
5
0
27
0
42
0
23
0
26
0
7
0
11
0
5
0
12
0
12
0
7
0
10
0
20
0
8
0
8
0
25
0
23
0
10
0
17
0
10
0
9
0
18
0
11
0
17
0
10
0
17
0
13
0
34
0
8
0
7
0
29
0
10
0
13
0
20
0
14
0
12
0
12
0
16
0
19
0
22
0
11
0
12
0
10
0
12
0
19
0
14
0
12
0
12
0
14
0
13
0
24
0
9
0
8
0
21
0
30
0
29
0
18
0
23
0
28
0
12
0
30
0
26
0
24
0
32
0
21
0
12
0
9
0
17
0
18
0
14
0
14
0
3
0
12
0
16
0
14
0
19
0
9
0
13
0
16
0
12
0
12
0
15
0
13
0
10
0
19
0
11
0
19
0
16
0
4
0
11
0
11
0
11
0
12
0
32
0
9
0
6
0
19
0
5
0
7
0
30
0
16
0
26
0
9
0
18
0
7
0
22
0
15
0
6
0
25
0
18
0
8
0
33
0
8
0
13
0
17
0
8
0
13
0
18
0
12
0
23
0
11
0
16
0
18
0
22
0
11
0
29
0
10
0
8
0
8
0
8
0
12
0
16
0
20
0
27
0
13
0
7
0
14
0
12
0
24
0
13
0
18
0
13
0
17
0
15
0
15
0
7
0
13
0
10
0
16
0
11
0
10
0
19
0
6
0
28
0
10
0
22
0
20
0
15
0
16
0
17
0
17
0
10
0
13
0
25
0
20
0
15
0
10
0
9
0
12
0
11
0
16
0
14
0
2
0
18
0
8
0
9
0
14
0
10
0
26
0
30
0
17
0
12
0
23
0
18
0
12
0
8
0
9
0
5
0
17
0
24
0
8
0
17
0
14
0
14
0
21
0
8
0
20
0
3
0
14
0
7
0
21
0
16
0
15
0
8
0
11
0
31
0
8
0
23
0
19
0
36
0
16
0
8
0
21
0
9
0
14
0
9
0
11
0
5
0
24
0
19
0
18
0
11
0
21
0
11
0
7
0
3
0
12
0
6
0
20
0
13
0
21
0
23
0
17
0
13
0
19
0
16
0
6
0
6
0
17
0
22
0
8
0
24
0
25
0
13
0
10
0
29
0
11
0
23
0
25
0
17
0
10
0
10
0
21
0
16
0
14
0
6
0
11
0
10
0
15
0
12
0
18
0
39
0
