0
80
0
85
0
30
0
104
0
69
0
57
0
51
0
32
0
42
0
53
0
60
0
74
0
35
0
74
0
50
0
71
0
35
0
60
0
70
0
57
0
60
0
79
0
41
0
41
0
38
0
54
0
37
0
65
0
77
0
53
0
43
0
39
0
26
0
41
0
24
0
41
0
58
0
69
0
51
0
46
0
25
0
43
0
69
0
84
0
39
0
49
0
12
0
53
0
45
0
50
0
76
0
60
0
78
0
82
0
49
0
74
0
30
0
43
0
52
0
60
0
74
0
23
0
59
0
39
0
36
0
49
0
49
0
68
0
99
0
37
0
67
0
62
0
86
0
41
0
40
0
60
0
22
0
46
0
43
0
30
0
45
0
51
0
56
0
32
0
24
0
55
0
33
0
71
0
83
0
83
0
73
0
44
0
42
0
85
0
45
0
63
0
48
0
53
0
54
0
49
0
53
0
50
0
55
0
63
0
72
0
83
0
55
0
37
0
74
0
48
0
36
0
64
0
36
0
81
0
70
0
42
0
50
0
45
0
92
0
68
0
37
0
49
0
26
0
42
0
57
0
57
0
45
0
65
0
41
0
42
0
61
0
44
0
54
0
64
0
68
0
55
0
78
0
68
0
24
0
88
0
44
0
40
0
42
0
22
0
55
0
34
0
77
0
45
0
56
0
72
0
24
0
36
0
55
0
64
0
59
0
24
0
71
0
28
0
58
0
43
0
52
0
40
0
35
0
47
0
87
0
73
0
46
0
74
0
72
0
61
0
29
0
59
0
59
0
54
0
47
0
67
0
71
0
67
0
61
0
44
0
45
0
53
0
23
0
76
0
75
0
45
0
47
0
26
0
30
0
40
0
62
0
58
0
58
0
72
0
63
0
69
0
81
0
60
0
64
0
44
0
43
0
32
0
34
0
79
0
32
0
53
0
66
0
40
0
34
0
49
0
57
0
42
0
62
0
68
0
45
0
56
0
56
0
57
0
36
0
42
0
52
0
66
0
58
0
37
0
52
0
58
0
34
0
59
0
64
0
54
0
40
0
66
0
92
0
39
0
32
0
36
0
36
0
40
0
82
0
48
0
29
0
43
0
37
0
34
0
64
0
53
0
46
0
34
0
58
0
56
0
16
0
52
0
41
0
54
0
56
0
69
0
37
0
59
0
86
0
54
0
35
0
58
0
53
0
42
0
40
0
40
0
60
0
35
0
27
0
93
0
49
0
42
0
65
0
77
0
60
0
39
0
44
0
46
0
46
0
27
0
43
0
62
0
45
0
76
0
73
0
58
0
57
0
32
0
43
0
67
0
52
0
49
0
39
0
52
0
40
0
54
0
78
0
58
0
46
0
48
0
59
0
37
0
55
0
29
0
57
0
51
0
41
0
57
0
43
0
43
0
82
0
67
0
60
0
50
0
25
0
74
0
44
0
63
0
23
0
51
0
48
0
58
0
42
0
40
0
40
0
35
0
57
0
65
0
44
0
53
0
45
0
76
0
57
0
43
0
84
0
89
0
44
0
38
0
18
0
46
0
91
0
37
0
35
0
21
0
27
0
52
0
51
0
46
0
42
0
42
0
46
0
55
0
54
0
55
0
46
0
52
0
38
0
39
0
56
0
21
0
45
0
35
0
25
0
40
0
59
0
79
0
79
0
56
0
47
0
64
0
42
0
95
0
40
0
51
0
50
0
47
0
70
0
67
0
57
0
85
0
46
0
24
0
42
0
58
0
47
0
31
0
72
0
31
0
57
0
94
0
67
0
48
0
62
0
61
0
48
0
55
0
73
0
60
0
50
0
62
0
48
0
62
0
77
0
31
0
44
0
60
0
36
0
74
0
54
0
49
0
64
0
48
0
52
0
37
0
53
0
41
0
77
0
50
0
73
0
34
0
33
0
39
0
23
0
46
0
52
0
56
0
49
0
39
0
33
0
27
0
35
0
61
0
56
0
55
0
57
0
61
0
35
0
64
0
37
0
46
0
90
0
41
0
43
0
26
0
61
0
55
0
39
0
60
0
41
0
82
0
38
0
55
0
64
0
55
0
62
0
44
0
55
0
42
0
45
0
42
0
52
0
54
0
33
0
39
0
47
0
100
0
64
0
30
0
65
0
24
0
28
0
46
0
36
0
77
0
36
0
60
0
51
0
47
0
23
0
54
0
53
0
36
0
41
0
87
0
34
0
45
0
52
0
55
0
19
0
58
0
53
0
64
0
42
0
70
0
18
0
36
0
48
0
50
0
48
0
20
0
