0
19
0
30
0
34
0
19
0
24
0
13
0
13
0
30
0
3
0
25
0
24
0
26
0
17
0
10
0
2
0
17
0
19
0
21
0
18
0
20
0
25
0
10
0
16
0
11
0
12
0
31
0
11
0
21
0
23
0
14
0
8
0
28
0
30
0
14
0
29
0
11
0
16
0
16
0
36
0
11
0
20
0
15
0
21
0
8
0
32
0
31
0
11
0
25
0
13
0
18
0
16
0
20
0
26
0
19
0
12
0
9
0
18
0
38
0
21
0
18
0
8
0
15
0
29
0
20
0
19
0
13
0
10
0
16
0
17
0
22
0
10
0
16
0
7
0
2
0
31
0
24
0
16
0
20
0
23
0
10
0
26
0
22
0
18
0
8
0
14
0
17
0
21
0
19
0
9
0
34
0
26
0
22
0
28
0
6
0
6
0
12
0
32
0
23
0
24
0
22
0
32
0
21
0
25
0
30
0
19
0
27
0
22
0
15
0
17
0
8
0
16
0
11
0
12
0
14
0
16
0
22
0
33
0
16
0
38
0
19
0
20
0
7
0
17
0
23
0
10
0
22
0
16
0
8
0
35
0
24
0
15
0
17
0
11
0
10
0
22
0
35
0
10
0
11
0
10
0
2
0
9
0
22
0
22
0
21
0
16
0
13
0
6
0
18
0
31
0
14
0
26
0
17
0
14
0
15
0
10
0
19
0
30
0
16
0
10
0
5
0
26
0
16
0
21
0
16
0
6
0
8
0
27
0
17
0
3
0
12
0
9
0
19
0
23
0
33
0
6
0
18
0
23
0
27
0
24
0
24
0
9
0
15
0
22
0
14
0
22
0
26
0
32
0
15
0
14
0
27
0
22
0
23
0
19
0
7
0
13
0
34
0
32
0
21
0
12
0
13
0
35
0
18
0
17
0
16
0
19
0
18
0
9
0
18
0
17
0
12
0
19
0
11
0
8
0
13
0
9
0
14
0
12
0
10
0
17
0
4
0
12
0
32
0
16
0
14
0
15
0
19
0
12
0
11
0
7
0
23
0
22
0
23
0
9
0
23
0
18
0
16
0
42
0
26
0
40
0
0
0
11
0
21
0
25
0
13
0
9
0
15
0
34
0
19
0
7
0
22
0
12
0
22
0
16
0
24
0
20
0
6
0
12
0
5
0
16
0
12
0
30
0
35
0
11
0
21
0
7
0
32
0
14
0
30
0
14
0
25
0
16
0
25
0
21
0
23
0
33
0
12
0
8
0
25
0
16
0
18
0
42
0
22
0
20
0
13
0
9
0
30
0
11
0
24
0
28
0
20
0
9
0
7
0
32
0
15
0
12
0
21
0
6
0
20
0
34
0
14
0
8
0
26
0
17
0
23
0
10
0
16
0
9
0
20
0
19
0
14
0
12
0
13
0
18
0
19
0
14
0
23
0
28
0
29
0
18
0
18
0
22
0
9
0
23
0
19
0
17
0
17
0
7
0
11
0
37
0
12
0
3
0
28
0
22
0
23
0
12
0
24
0
17
0
28
0
10
0
15
0
31
0
11
0
26
0
16
0
34
0
5
0
22
0
10
0
13
0
15
0
16
0
6
0
9
0
13
0
12
0
25
0
26
0
15
0
2
0
19
0
17
0
22
0
2
0
3
0
20
0
23
0
44
0
16
0
19
0
12
0
14
0
23
0
8
0
16
0
22
0
15
0
18
0
9
0
22
0
13
0
13
0
15
0
18
0
12
0
16
0
34
0
16
0
13
0
21
0
16
0
23
0
23
0
10
0
23
0
17
0
27
0
12
0
18
0
4
0
7
0
4
0
14
0
32
0
32
0
11
0
29
0
30
0
10
0
37
0
11
0
21
0
10
0
11
0
16
0
22
0
34
0
19
0
22
0
52
0
19
0
30
0
21
0
21
0
20
0
14
0
19
0
32
0
18
0
26
0
20
0
10
0
25
0
26
0
5
0
44
0
21
0
25
0
8
0
23
0
20
0
12
0
11
0
37
0
36
0
21
0
31
0
21
0
18
0
41
0
29
0
16
0
16
0
25
0
28
0
14
0
20
0
16
0
10
0
13
0
9
0
23
0
24
0
16
0
36
0
14
0
17
0
12
0
43
0
20
0
16
0
14
0
16
0
26
0
19
0
25
0
15
0
31
0
11
0
15
0
23
0
12
0
13
0
14
0
135
0
22
0
14
0
18
0
0
0
23
0
30
0
11
0
9
0
11
0
17
0
12
0
39
0
9
0
22
0
21
0
17
0
