0
19
0
7
0
12
0
12
0
24
0
10
0
10
0
10
0
10
0
12
0
16
0
8
0
15
0
28
0
15
0
15
0
9
0
11
0
22
0
15
0
4
0
21
0
6
0
13
0
12
0
13
0
17
0
12
0
22
0
18
0
23
0
14
0
11
0
21
0
16
0
21
0
15
0
12
0
19
0
11
0
26
0
21
0
29
0
34
0
17
0
19
0
16
0
12
0
20
0
20
0
19
0
15
0
14
0
16
0
6
0
22
0
14
0
21
0
20
0
11
0
19
0
6
0
11
0
13
0
5
0
18
0
19
0
17
0
17
0
25
0
8
0
14
0
13
0
19
0
7
0
22
0
15
0
28
0
17
0
11
0
12
0
14
0
9
0
27
0
10
0
12
0
13
0
13
0
6
0
13
0
13
0
20
0
29
0
17
0
6
0
16
0
14
0
20
0
20
0
19
0
9
0
21
0
5
0
21
0
17
0
10
0
17
0
34
0
8
0
20
0
15
0
5
0
18
0
18
0
8
0
17
0
14
0
15
0
4
0
19
0
17
0
6
0
24
0
11
0
32
0
18
0
19
0
14
0
11
0
21
0
24
0
19
0
17
0
10
0
24
0
28
0
5
0
21
0
20
0
22
0
22
0
16
0
21
0
12
0
19
0
5
0
14
0
10
0
18
0
10
0
33
0
11
0
19
0
21
0
4
0
16
0
5
0
28
0
14
0
11
0
16
0
26
0
8
0
16
0
32
0
19
0
15
0
16
0
14
0
13
0
12
0
9
0
13
0
11
0
22
0
13
0
12
0
9
0
11
0
14
0
13
0
16
0
16
0
8
0
17
0
8
0
28
0
15
0
1
0
8
0
15
0
9
0
16
0
31
0
17
0
14
0
19
0
10
0
7
0
22
0
7
0
9
0
17
0
16
0
13
0
7
0
7
0
7
0
13
0
6
0
28
0
20
0
2
0
29
0
8
0
11
0
13
0
12
0
9
0
16
0
7
0
12
0
11
0
14
0
9
0
25
0
11
0
6
0
22
0
12
0
11
0
23
0
15
0
11
0
14
0
21
0
20
0
7
0
42
0
13
0
10
0
18
0
18
0
17
0
8
0
24
0
16
0
21
0
13
0
15
0
8
0
13
0
14
0
17
0
14
0
10
0
17
0
14
0
8
0
15
0
24
0
9
0
22
0
14
0
25
0
20
0
10
0
29
0
22
0
12
0
22
0
35
0
16
0
9
0
15
0
3
0
24
0
6
0
22
0
13
0
18
0
4
0
35
0
20
0
16
0
11
0
14
0
24
0
16
0
5
0
19
0
23
0
5
0
20
0
14
0
15
0
8
0
20
0
5
0
3
0
9
0
15
0
17
0
13
0
11
0
18
0
11
0
17
0
30
0
11
0
11
0
16
0
21
0
14
0
16
0
10
0
9
0
8
0
16
0
14
0
9
0
12
0
9
0
9
0
40
0
15
0
15
0
18
0
16
0
12
0
13
0
19
0
14
0
3
0
20
0
8
0
14
0
27
0
21
0
17
0
19
0
11
0
20
0
21
0
15
0
11
0
22
0
8
0
26
0
10
0
19
0
11
0
43
0
10
0
15
0
20
0
11
0
19
0
15
0
12
0
12
0
10
0
22
0
10
0
13
0
16
0
12
0
13
0
33
0
12
0
17
0
12
0
8
0
22
0
9
0
15
0
18
0
13
0
17
0
9
0
11
0
4
0
10
0
16
0
14
0
26
0
10
0
11
0
23
0
21
0
14
0
14
0
18
0
14
0
14
0
16
0
12
0
13
0
16
0
14
0
16
0
20
0
8
0
8
0
12
0
9
0
17
0
6
0
11
0
12
0
36
0
13
0
31
0
9
0
4
0
13
0
14
0
8
0
13
0
6
0
8
0
25
0
19
0
17
0
10
0
9
0
9
0
35
0
9
0
16
0
9
0
8
0
12
0
12
0
17
0
34
0
18
0
5
0
16
0
8
0
22
0
13
0
8
0
23
0
12
0
10
0
29
0
17
0
13
0
15
0
11
0
11
0
13
0
24
0
13
0
16
0
26
0
9
0
12
0
6
0
13
0
13
0
12
0
7
0
11
0
8
0
10
0
13
0
5
0
4
0
22
0
21
0
16
0
9
0
16
0
18
0
8
0
19
0
17
0
15
0
21
0
16
0
4
0
594
0
16
0
20
0
21
0
24
0
16
0
16
0
22
0
12
0
9
0
23
0
4
0
21
0
10
0
17
0
16
0
25
0
