0
35
0
42
0
43
0
52
0
55
0
55
0
45
0
57
0
48
0
51
0
48
0
46
0
58
0
48
0
64
0
48
0
47
0
63
0
49
0
53
0
49
0
65
0
64
0
60
0
47
0
67
0
62
0
30
0
51
0
34
0
54
0
66
0
46
0
38
0
66
0
43
0
55
0
47
0
49
0
37
0
49
0
46
0
64
0
55
0
37
0
36
0
50
0
62
0
42
0
40
0
38
0
44
0
57
0
39
0
56
0
74
0
45
0
57
0
37
0
50
0
61
0
40
0
63
0
39
0
42
0
51
0
54
0
46
0
61
0
64
0
49
0
48
0
50
0
47
0
51
0
47
0
58
0
58
0
51
0
60
0
54
0
59
0
57
0
34
0
60
0
52
0
39
0
62
0
62
0
41
0
62
0
63
0
49
0
61
0
69
0
46
0
44
0
55
0
72
0
41
0
58
0
56
0
43
0
40
0
52
0
48
0
56
0
56
0
50
0
56
0
53
0
65
0
47
0
47
0
68
0
36
0
48
0
34
0
85
0
70
0
60
0
45
0
46
0
58
0
43
0
64
0
59
0
36
0
70
0
46
0
40
0
62
0
51
0
52
0
36
0
56
0
44
0
45
0
51
0
51
0
39
0
61
0
63
0
55
0
64
0
56
0
49
0
53
0
58
0
43
0
66
0
56
0
76
0
60
0
56
0
59
0
36
0
48
0
52
0
51
0
72
0
44
0
49
0
81
0
43
0
53
0
46
0
38
0
52
0
50
0
50
0
46
0
66
0
50
0
80
0
71
0
58
0
45
0
54
0
51
0
54
0
49
0
79
0
47
0
66
0
64
0
50
0
46
0
45
0
58
0
46
0
74
0
50
0
51
0
68
0
34
0
51
0
72
0
56
0
87
0
33
0
45
0
54
0
63
0
62
0
52
0
43
0
61
0
46
0
62
0
55
0
46
0
45
0
50
0
54
0
35
0
42
0
59
0
52
0
67
0
57
0
73
0
59
0
37
0
47
0
58
0
60
0
68
0
46
0
54
0
64
0
44
0
44
0
43
0
63
0
50
0
62
0
55
0
59
0
50
0
43
0
54
0
41
0
49
0
45
0
60
0
73
0
60
0
49
0
58
0
65
0
69
0
40
0
57
0
43
0
53
0
40
0
38
0
74
0
59
0
39
0
46
0
49
0
62
0
57
0
60
0
36
0
48
0
55
0
61
0
76
0
76
0
87
0
56
0
55
0
66
0
51
0
68
0
44
0
51
0
62
0
63
0
52
0
44
0
34
0
36
0
63
0
50
0
46
0
53
0
54
0
45
0
41
0
47
0
49
0
63
0
62
0
68
0
64
0
53
0
43
0
42
0
40
0
38
0
66
0
44
0
53
0
65
0
57
0
42
0
47
0
50
0
86
0
42
0
46
0
40
0
46
0
47
0
88
0
62
0
59
0
54
0
54
0
54
0
72
0
59
0
51
0
33
0
62
0
57
0
51
0
56
0
50
0
65
0
51
0
53
0
69
0
71
0
72
0
52
0
66
0
62
0
54
0
60
0
48
0
79
0
43
0
42
0
50
0
69
0
50
0
63
0
73
0
48
0
46
0
66
0
52
0
54
0
50
0
67
0
63
0
44
0
45
0
58
0
64
0
48
0
56
0
48
0
57
0
50
0
70
0
60
0
36
0
60
0
56
0
40
0
57
0
48
0
58
0
45
0
55
0
63
0
46
0
42
0
44
0
70
0
52
0
49
0
47
0
42
0
65
0
50
0
62
0
55
0
50
0
43
0
60
0
43
0
90
0
61
0
49
0
62
0
46
0
33
0
48
0
48
0
66
0
66
0
51
0
47
0
46
0
47
0
54
0
30
0
40
0
41
0
55
0
45
0
65
0
53
0
45
0
39
0
40
0
44
0
53
0
66
0
40
0
55
0
48
0
55
0
58
0
45
0
72
0
41
0
51
0
55
0
48
0
57
0
41
0
62
0
38
0
35
0
56
0
36
0
55
0
62
0
59
0
73
0
62
0
62
0
57
0
47
0
51
0
46
0
71
0
49
0
45
0
57
0
63
0
54
0
57
0
49
0
43
0
59
0
38
0
65
0
35
0
50
0
62
0
49
0
60
0
42
0
45
0
64
0
49
0
64
0
55
0
36
0
62
0
50
0
48
0
71
0
58
0
59
0
51
0
46
0
70
0
38
0
47
0
57
0
42
0
64
0
38
0
59
0
44
0
43
0
40
0
56
0
45
0
52
0
