3338
0
14
0
19
0
27
0
22
0
16
0
12
0
26
0
10
0
33
0
49
0
20
0
28
0
8
0
9
0
32
0
22
0
17
0
18
0
10
0
36
0
23
0
34
0
11
0
35
0
25
0
49
0
19
0
14
0
24
0
10
0
33
0
13
0
21
0
7
0
26
0
8
0
14
0
12
0
37
0
26
0
22
0
26
0
25
0
26
0
18
0
22
0
36
0
11
0
31
0
24
0
13
0
25
0
25
0
16
0
27
0
18
0
29
0
21
0
18
0
28
0
24
0
33
0
19
0
26
0
18
0
33
0
19
0
17
0
40
0
5
0
19
0
17
0
25
0
22
0
15
0
28
0
13
0
13
0
6
0
6
0
22
0
12
0
15
0
37
0
25
0
13
0
11
0
29
0
29
0
16
0
48
0
12
0
21
0
14
0
21
0
14
0
33
0
42
0
48
0
13
0
21
0
26
0
14
0
29
0
22
0
13
0
40
0
30
0
20
0
21
0
40
0
35
0
12
0
48
0
23
0
19
0
17
0
13
0
5
0
17
0
17
0
17
0
13
0
28
0
34
0
25
0
14
0
39
0
12
0
36
0
23
0
40
0
18
0
11
0
34
0
7
0
8
0
33
0
21
0
15
0
11
0
30
0
12
0
13
0
12
0
6
0
14
0
21
0
32
0
31
0
16
0
22
0
21
0
18
0
22
0
30
0
26
0
19
0
15
0
31
0
18
0
29
0
12
0
33
0
18
0
19
0
26
0
17
0
22
0
19
0
30
0
15
0
22
0
21
0
8
0
30
0
15
0
30
0
21
0
37
0
17
0
15
0
12
0
22
0
18
0
33
0
16
0
10
0
29
0
36
0
23
0
24
0
39
0
9
0
33
0
16
0
12
0
7
0
29
0
19
0
14
0
18
0
37
0
7
0
10
0
31
0
17
0
20
0
37
0
18
0
21
0
16
0
20
0
22
0
18
0
23
0
39
0
35
0
15
0
10
0
14
0
29
0
18
0
28
0
22
0
33
0
15
0
15
0
4
0
18
0
43
0
7
0
11
0
1
0
28
0
36
0
20
0
22
0
15
0
19
0
26
0
21
0
12
0
24
0
26
0
9
0
39
0
31
0
21
0
25
0
15
0
37
0
16
0
18
0
23
0
5
0
24
0
27
0
34
0
23
0
20
0
24
0
0
0
22
0
27
0
27
0
18
0
18
0
15
0
27
0
14
0
11
0
16
0
19
0
19
0
20
0
16
0
38
0
33
0
12
0
11
0
18
0
12
0
4
0
14
0
27
0
20
0
30
0
37
0
27
0
38
0
26
0
42
0
11
0
24
0
10
0
19
0
18
0
19
0
41
0
17
0
24
0
15
0
40
0
23
0
9
0
26
0
7
0
16
0
17
0
28
0
5
0
9
0
21
0
21
0
14
0
43
0
28
0
27
0
13
0
30
0
17
0
10
0
25
0
18
0
17
0
22
0
18
0
42
0
11
0
9
0
33
0
43
0
15
0
12
0
21
0
25
0
11
0
20
0
22
0
13
0
22
0
14
0
15
0
26
0
43
0
41
0
22
0
15
0
27
0
16
0
22
0
31
0
27
0
37
0
13
0
7
0
30
0
26
0
31
0
26
0
10
0
4
0
23
0
18
0
3
0
21
0
12
0
15
0
29
0
9
0
9
0
27
0
25
0
10
0
17
0
4
0
21
0
22
0
18
0
22
0
28
0
28
0
18
0
3
0
20
0
36
0
23
0
29
0
11
0
51
0
18
0
14
0
11
0
18
0
34
0
17
0
17
0
30
0
22
0
34
0
8
0
38
0
26
0
16
0
16
0
17
0
8
0
29
0
26
0
33
0
16
0
30
0
35
0
21
0
24
0
23
0
18
0
10
0
25
0
30
0
37
0
22
0
23
0
26
0
34
0
38
0
6
0
26
0
3
0
17
0
22
0
10
0
18
0
17
0
22
0
3
0
7
0
26
0
14
0
39
0
7
0
22
0
13
0
5
0
20
0
16
0
40
0
8
0
15
0
25
0
11
0
22
0
12
0
17
0
43
0
17
0
27
0
32
0
0
0
32
0
40
0
20
0
6
0
39
0
7
0
11
0
26
0
20
0
29
0
10
0
15
0
18
0
18
0
6
0
49
0
12
0
21
0
15
0
14
0
14
0
17
0
22
0
17
0
15
0
48
0
12
0
17
0
7
0
15
0
21
0
14
0
26
0
17
0
23
0
15
0
22
0
51
0
26
0
16
