0
15
0
23
0
25
0
14
0
7
0
37
0
29
0
18
0
13
0
27
0
19
0
3
0
14
0
22
0
5
0
11
0
9
0
15
0
17
0
0
0
14
0
10
0
20
0
29
0
11
0
37
0
23
0
18
0
14
0
21
0
13
0
42
0
13
0
9
0
20
0
33
0
24
0
19
0
19
0
16
0
20
0
17
0
22
0
20
0
23
0
16
0
12
0
21
0
33
0
14
0
5
0
13
0
11
0
21
0
0
0
19
0
31
0
10
0
20
0
19
0
40
0
10
0
13
0
12
0
40
0
17
0
10
0
27
0
16
0
17
0
16
0
22
0
20
0
11
0
12
0
33
0
36
0
15
0
16
0
42
0
26
0
7
0
34
0
26
0
20
0
22
0
6
0
29
0
25
0
11
0
23
0
27
0
10
0
46
0
10
0
18
0
28
0
20
0
11
0
27
0
41
0
29
0
21
0
14
0
53
0
20
0
10
0
15
0
19
0
23
0
21
0
16
0
50
0
32
0
14
0
28
0
5
0
14
0
16
0
13
0
27
0
18
0
12
0
22
0
6
0
9
0
15
0
18
0
10
0
27
0
1
0
28
0
31
0
24
0
22
0
9
0
15
0
9
0
14
0
15
0
4
0
20
0
10
0
20
0
9
0
14
0
14
0
13
0
12
0
21
0
31
0
10
0
16
0
27
0
22
0
11
0
34
0
18
0
28
0
20
0
21
0
33
0
18
0
12
0
15
0
24
0
22
0
11
0
16
0
22
0
27
0
37
0
14
0
14
0
14
0
10
0
15
0
13
0
10
0
18
0
16
0
34
0
3
0
18
0
14
0
14
0
22
0
15
0
26
0
11
0
11
0
13
0
25
0
20
0
29
0
5
0
14
0
11
0
28
0
26
0
17
0
23
0
29
0
13
0
17
0
18
0
10
0
18
0
26
0
19
0
4
0
18
0
23
0
34
0
16
0
5
0
12
0
15
0
32
0
35
0
5
0
28
0
15
0
30
0
23
0
14
0
22
0
9
0
19
0
21
0
11
0
4
0
7
0
10
0
16
0
18
0
24
0
11
0
12
0
21
0
38
0
16
0
14
0
13
0
9
0
17
0
15
0
33
0
11
0
20
0
9
0
23
0
19
0
13
0
17
0
37
0
18
0
20
0
32
0
32
0
10
0
20
0
25
0
16
0
20
0
31
0
2
0
15
0
24
0
19
0
33
0
32
0
15
0
15
0
12
0
19
0
25
0
13
0
33
0
2
0
22
0
28
0
13
0
17
0
23
0
12
0
35
0
14
0
23
0
8
0
22
0
24
0
0
0
13
0
40
0
24
0
37
0
22
0
21
0
13
0
26
0
33
0
30
0
35
0
9
0
27
0
21
0
24
0
13
0
14
0
29
0
19
0
15
0
28
0
14
0
27
0
8
0
13
0
3
0
16
0
5
0
26
0
2
0
23
0
16
0
30
0
24
0
38
0
9
0
24
0
14
0
15
0
23
0
9
0
30
0
31
0
4
0
14
0
16
0
21
0
25
0
13
0
22
0
12
0
21
0
17
0
29
0
37
0
19
0
11
0
18
0
24
0
27
0
28
0
21
0
27
0
17
0
15
0
34
0
10
0
20
0
15
0
17
0
13
0
18
0
25
0
21
0
36
0
29
0
20
0
12
0
21
0
17
0
14
0
24
0
11
0
36
0
48
0
10
0
17
0
35
0
11
0
24
0
11
0
20
0
22
0
17
0
11
0
22
0
28
0
16
0
22
0
10
0
12
0
23
0
30
0
28
0
13
0
8
0
29
0
13
0
22
0
26
0
14
0
20
0
24
0
13
0
18
0
14
0
33
0
12
0
12
0
17
0
39
0
19
0
17
0
30
0
10
0
6
0
29
0
16
0
13
0
23
0
38
0
8
0
12
0
33
0
13
0
20
0
13
0
32
0
20
0
27
0
27
0
25
0
7
0
11
0
17
0
14
0
16
0
15
0
27
0
14
0
10
0
16
0
21
0
16
0
19
0
19
0
12
0
19
0
13
0
27
0
2
0
37
0
15
0
25
0
18
0
33
0
37
0
12
0
10
0
23
0
30
0
38
0
9
0
21
0
23
0
20
0
20
0
18
0
11
0
37
0
20
0
12
0
13
0
13
0
8
0
10
0
12
0
13
0
12
0
207
0
35
0
19
0
13
0
17
0
13
0
18
0
22
0
3
0
17
0
8
0
26
0
18
0
25
0
15
0
14
0
29
0
21
0
