0
55
0
36
0
55
0
30
0
38
0
70
0
55
0
55
0
49
0
30
0
32
0
40
0
58
0
31
0
38
0
50
0
46
0
44
0
50
0
39
0
39
0
52
0
30
0
22
0
55
0
29
0
37
0
41
0
50
0
41
0
38
0
28
0
30
0
45
0
35
0
45
0
38
0
38
0
43
0
39
0
38
0
24
0
52
0
44
0
31
0
28
0
37
0
36
0
37
0
58
0
49
0
46
0
63
0
48
0
48
0
36
0
35
0
42
0
52
0
45
0
46
0
40
0
46
0
43
0
32
0
34
0
48
0
32
0
27
0
33
0
36
0
68
0
35
0
30
0
42
0
47
0
45
0
42
0
57
0
60
0
42
0
35
0
42
0
41
0
60
0
36
0
33
0
45
0
34
0
45
0
31
0
53
0
44
0
31
0
54
0
45
0
39
0
27
0
43
0
45
0
23
0
41
0
53
0
20
0
28
0
51
0
30
0
35
0
39
0
49
0
35
0
53
0
38
0
31
0
40
0
51
0
49
0
25
0
46
0
34
0
45
0
30
0
25
0
25
0
38
0
38
0
38
0
34
0
40
0
55
0
37
0
42
0
66
0
27
0
33
0
18
0
33
0
18
0
34
0
30
0
38
0
45
0
53
0
19
0
28
0
46
0
31
0
39
0
43
0
46
0
36
0
45
0
67
0
44
0
50
0
34
0
66
0
38
0
38
0
35
0
53
0
29
0
42
0
35
0
33
0
39
0
26
0
33
0
33
0
28
0
52
0
53
0
44
0
55
0
43
0
47
0
30
0
43
0
24
0
63
0
58
0
44
0
43
0
33
0
36
0
53
0
36
0
29
0
30
0
49
0
41
0
51
0
32
0
49
0
15
0
46
0
72
0
37
0
36
0
36
0
53
0
30
0
52
0
38
0
38
0
29
0
23
0
39
0
34
0
36
0
42
0
30
0
41
0
21
0
45
0
34
0
53
0
39
0
37
0
30
0
18
0
54
0
40
0
37
0
59
0
24
0
42
0
36
0
68
0
46
0
58
0
46
0
35
0
43
0
40
0
55
0
28
0
33
0
28
0
43
0
38
0
47
0
26
0
42
0
29
0
54
0
50
0
47
0
41
0
23
0
25
0
67
0
41
0
47
0
37
0
41
0
42
0
59
0
29
0
38
0
30
0
42
0
56
0
37
0
57
0
33
0
36
0
31
0
49
0
53
0
31
0
35
0
26
0
42
0
38
0
35
0
23
0
48
0
45
0
38
0
24
0
36
0
35
0
38
0
56
0
31
0
39
0
28
0
37
0
39
0
37
0
72
0
43
0
28
0
22
0
52
0
43
0
46
0
34
0
39
0
28
0
28
0
39
0
40
0
33
0
44
0
49
0
61
0
43
0
38
0
35
0
25
0
48
0
30
0
27
0
30
0
27
0
55
0
31
0
25
0
47
0
33
0
41
0
50
0
37
0
60
0
39
0
36
0
50
0
30
0
28
0
48
0
46
0
44
0
53
0
35
0
30
0
34
0
50
0
45
0
21
0
27
0
36
0
55
0
32
0
31
0
23
0
29
0
55
0
29
0
39
0
24
0
57
0
45
0
44
0
39
0
25
0
38
0
33
0
43
0
45
0
53
0
36
0
47
0
59
0
41
0
48
0
32
0
33
0
67
0
39
0
32
0
35
0
34
0
44
0
44
0
51
0
35
0
33
0
57
0
43
0
31
0
31
0
38
0
36
0
40
0
49
0
35
0
28
0
46
0
55
0
24
0
55
0
23
0
30
0
23
0
41
0
47
0
24
0
35
0
27
0
33
0
38
0
30
0
31
0
44
0
36
0
39
0
42
0
45
0
33
0
77
0
45
0
65
0
33
0
57
0
34
0
43
0
58
0
41
0
30
0
35
0
32
0
38
0
45
0
42
0
36
0
47
0
50
0
40
0
25
0
35
0
34
0
58
0
45
0
38
0
44
0
50
0
42
0
58
0
36
0
35
0
25
0
39
0
24
0
50
0
49
0
23
0
59
0
34
0
41
0
42
0
52
0
69
0
62
0
41
0
37
0
26
0
41
0
41
0
51
0
44
0
35
0
33
0
29
0
26
0
30
0
36
0
36
0
45
0
49
0
43
0
42
0
26
0
69
0
47
0
65
0
54
0
53
0
48
0
51
0
31
0
57
0
40
0
26
0
56
0
35
0
46
0
68
0
34
0
38
0
25
0
29
0
43
0
41
0
32
0
56
0
35
0
35
0
59
0
