0
28
0
53
0
51
0
67
0
58
0
42
0
82
0
77
0
50
0
47
0
69
0
49
0
31
0
63
0
38
0
36
0
45
0
48
0
15
0
48
0
73
0
62
0
29
0
36
0
56
0
37
0
64
0
44
0
37
0
81
0
38
0
36
0
66
0
14
0
70
0
44
0
32
0
53
0
30
0
34
0
21
0
19
0
41
0
56
0
66
0
45
0
49
0
58
0
48
0
62
0
72
0
58
0
47
0
50
0
69
0
52
0
52
0
76
0
37
0
41
0
45
0
61
0
64
0
30
0
56
0
44
0
69
0
73
0
52
0
42
0
26
0
41
0
77
0
89
0
55
0
61
0
40
0
75
0
104
0
56
0
71
0
52
0
69
0
39
0
44
0
52
0
57
0
45
0
29
0
56
0
48
0
86
0
22
0
76
0
59
0
57
0
47
0
82
0
53
0
58
0
55
0
49
0
75
0
47
0
46
0
70
0
45
0
60
0
36
0
23
0
42
0
52
0
38
0
56
0
37
0
65
0
26
0
47
0
45
0
34
0
47
0
46
0
45
0
52
0
82
0
58
0
69
0
53
0
21
0
57
0
28
0
22
0
59
0
41
0
83
0
60
0
43
0
44
0
62
0
57
0
56
0
25
0
43
0
47
0
49
0
44
0
34
0
40
0
82
0
48
0
30
0
31
0
47
0
53
0
56
0
30
0
59
0
16
0
28
0
58
0
47
0
35
0
37
0
48
0
37
0
52
0
49
0
29
0
55
0
60
0
50
0
25
0
56
0
43
0
46
0
46
0
76
0
55
0
39
0
44
0
26
0
70
0
30
0
45
0
24
0
43
0
48
0
52
0
36
0
25
0
52
0
61
0
59
0
55
0
75
0
38
0
25
0
62
0
53
0
50
0
34
0
37
0
63
0
53
0
32
0
82
0
48
0
54
0
25
0
57
0
33
0
58
0
55
0
46
0
79
0
76
0
25
0
32
0
28
0
44
0
58
0
28
0
54
0
24
0
71
0
53
0
31
0
46
0
44
0
47
0
70
0
23
0
64
0
60
0
70
0
53
0
31
0
30
0
57
0
58
0
70
0
29
0
25
0
31
0
53
0
46
0
73
0
46
0
47
0
46
0
49
0
74
0
47
0
30
0
61
0
26
0
44
0
44
0
39
0
13
0
27
0
30
0
92
0
68
0
38
0
45
0
54
0
16
0
45
0
48
0
54
0
56
0
37
0
64
0
75
0
58
0
73
0
78
0
38
0
48
0
45
0
88
0
36
0
38
0
26
0
48
0
60
0
61
0
77
0
54
0
77
0
39
0
58
0
64
0
44
0
74
0
58
0
28
0
72
0
53
0
67
0
62
0
61
0
52
0
51
0
35
0
20
0
42
0
48
0
37
0
65
0
38
0
46
0
54
0
58
0
47
0
68
0
37
0
51
0
81
0
60
0
56
0
52
0
52
0
62
0
48
0
38
0
79
0
36
0
36
0
46
0
47
0
77
0
46
0
60
0
54
0
30
0
34
0
64
0
18
0
18
0
71
0
32
0
40
0
55
0
23
0
64
0
38
0
42
0
43
0
59
0
35
0
60
0
34
0
21
0
40
0
36
0
45
0
38
0
44
0
33
0
51
0
58
0
58
0
50
0
34
0
55
0
102
0
54
0
40
0
54
0
41
0
40
0
48
0
31
0
38
0
72
0
49
0
39
0
57
0
76
0
37
0
29
0
41
0
40
0
21
0
32
0
29
0
50
0
80
0
104
0
34
0
51
0
60
0
35
0
46
0
40
0
84
0
51
0
56
0
75
0
74
0
48
0
65
0
64
0
35
0
36
0
45
0
41
0
32
0
46
0
28
0
62
0
38
0
46
0
39
0
38
0
54
0
66
0
54
0
38
0
39
0
51
0
68
0
50
0
30
0
58
0
32
0
49
0
47
0
45
0
33
0
54
0
50
0
32
0
43
0
52
0
74
0
65
0
43
0
37
0
47
0
48
0
30
0
51
0
32
0
57
0
53
0
47
0
40
0
25
0
46
0
51
0
44
0
53
0
52
0
46
0
56
0
64
0
29
0
50
0
21
0
50
0
46
0
88
0
44
0
43
0
57
0
57
0
31
0
47
0
32
0
32
0
35
0
44
0
36
0
37
0
51
0
35
0
43
0
63
0
42
0
42
0
65
0
41
0
40
0
32
0
47
0
48
0
27
0
33
0
55
0
68
0
38
0
49
0
36
0
90
0
88
0
43
0
75
0
