0
17
0
13
0
23
0
21
0
5
0
14
0
15
0
22
0
11
0
14
0
22
0
34
0
31
0
11
0
0
0
30
0
7
0
16
0
8
0
20
0
22
0
2
0
15
0
26
0
22
0
10
0
31
0
63
0
19
0
11
0
20
0
15
0
15
0
8
0
13
0
12
0
16
0
9
0
16
0
34
0
19
0
25
0
20
0
16
0
14
0
25
0
33
0
9
0
25
0
20
0
22
0
31
0
24
0
20
0
26
0
18
0
30
0
27
0
16
0
40
0
6
0
25
0
13
0
13
0
30
0
20
0
25
0
11
0
24
0
17
0
5
0
34
0
31
0
20
0
13
0
23
0
22
0
18
0
28
0
41
0
18
0
22
0
15
0
15
0
22
0
30
0
24
0
11
0
5
0
23
0
25
0
21
0
9
0
30
0
35
0
11
0
34
0
19
0
21
0
23
0
36
0
11
0
10
0
6
0
30
0
41
0
17
0
6
0
44
0
28
0
22
0
11
0
18
0
11
0
29
0
32
0
28
0
14
0
16
0
19
0
28
0
17
0
24
0
14
0
8
0
12
0
21
0
32
0
5
0
10
0
24
0
31
0
17
0
13
0
0
0
22
0
33
0
17
0
16
0
12
0
26
0
8
0
33
0
13
0
33
0
10
0
16
0
29
0
15
0
30
0
24
0
46
0
21
0
28
0
15
0
15
0
17
0
20
0
36
0
18
0
29
0
24
0
26
0
18
0
19
0
8
0
24
0
20
0
28
0
14
0
13
0
20
0
16
0
19
0
34
0
21
0
24
0
19
0
20
0
0
0
12
0
6
0
12
0
20
0
12
0
17
0
13
0
8
0
16
0
29
0
17
0
27
0
24
0
27
0
34
0
12
0
14
0
20
0
20
0
21
0
20
0
31
0
19
0
20
0
26
0
32
0
41
0
13
0
32
0
35
0
7
0
28
0
32
0
35
0
17
0
16
0
18
0
18
0
19
0
3
0
28
0
23
0
38
0
12
0
24
0
26
0
14
0
19
0
38
0
22
0
24
0
28
0
20
0
18
0
12
0
21
0
24
0
23
0
11
0
13
0
23
0
4
0
33
0
28
0
19
0
2
0
9
0
36
0
17
0
27
0
18
0
23
0
23
0
22
0
18
0
31
0
21
0
31
0
15
0
17
0
10
0
20
0
23
0
18
0
4
0
27
0
22
0
25
0
32
0
23
0
42
0
16
0
20
0
5
0
32
0
11
0
18
0
27
0
17
0
18
0
20
0
8
0
25
0
38
0
25
0
35
0
7
0
11
0
31
0
28
0
20
0
16
0
18
0
14
0
14
0
35
0
48
0
9
0
24
0
17
0
8
0
24
0
47
0
19
0
32
0
12
0
10
0
7
0
11
0
23
0
24
0
24
0
20
0
21
0
22
0
21
0
10
0
21
0
15
0
9
0
18
0
16
0
18
0
34
0
43
0
22
0
21
0
23
0
21
0
15
0
16
0
14
0
20
0
39
0
23
0
27
0
24
0
9
0
10
0
15
0
18
0
22
0
15
0
19
0
14
0
18
0
17
0
16
0
11
0
7
0
28
0
26
0
18
0
45
0
15
0
14
0
24
0
33
0
19
0
17
0
37
0
19
0
13
0
25
0
14
0
18
0
12
0
5
0
16
0
39
0
17
0
16
0
16
0
13
0
46
0
46
0
26
0
26
0
15
0
35
0
22
0
16
0
23
0
13
0
23
0
21
0
11
0
21
0
16
0
23
0
26
0
10
0
20
0
21
0
20
0
18
0
5
0
29
0
22
0
10
0
10
0
13
0
4
0
22
0
19
0
37
0
31
0
27
0
12
0
30
0
25
0
16
0
2
0
22
0
36
0
11
0
16
0
11
0
14
0
19
0
8
0
35
0
9
0
47
0
28
0
21
0
28
0
25
0
22
0
6
0
26
0
12
0
23
0
20
0
33
0
7
0
14
0
32
0
17
0
32
0
23
0
23
0
19
0
6
0
22
0
23
0
20
0
6
0
13
0
22
0
17
0
9
0
13
0
19
0
0
0
3
0
16
0
16
0
20
0
20
0
15
0
16
0
20
0
17
0
4
0
21
0
18
0
16
0
11
0
17
0
24
0
17
0
13
0
28
0
33
0
2
0
18
0
8
0
20
0
16
0
11
0
15
0
22
0
16
0
20
0
8
0
24
0
12
0
31
0
11
0
15
0
15
0
10
0
34
0
20
0
5
0
16
0
17
0
36
0
17
0
