0
34
0
47
0
41
0
31
0
62
0
74
0
68
0
68
0
52
0
69
0
34
0
51
0
63
0
35
0
58
0
60
0
44
0
80
0
56
0
56
0
92
0
51
0
62
0
76
0
62
0
49
0
36
0
50
0
34
0
46
0
60
0
71
0
44
0
51
0
39
0
47
0
51
0
54
0
52
0
58
0
68
0
44
0
94
0
24
0
63
0
39
0
43
0
27
0
70
0
46
0
44
0
48
0
19
0
44
0
56
0
49
0
71
0
53
0
42
0
57
0
46
0
49
0
62
0
43
0
33
0
103
0
84
0
53
0
55
0
42
0
92
0
32
0
31
0
91
0
51
0
46
0
56
0
52
0
56
0
49
0
37
0
35
0
48
0
42
0
52
0
46
0
47
0
32
0
40
0
46
0
41
0
51
0
49
0
46
0
44
0
45
0
52
0
59
0
64
0
36
0
54
0
68
0
32
0
52
0
67
0
37
0
50
0
61
0
21
0
52
0
75
0
40
0
18
0
38
0
67
0
72
0
31
0
45
0
51
0
59
0
87
0
57
0
62
0
80
0
64
0
34
0
52
0
64
0
34
0
47
0
48
0
51
0
29
0
37
0
70
0
50
0
80
0
48
0
64
0
73
0
21
0
42
0
50
0
34
0
31
0
57
0
33
0
59
0
44
0
62
0
74
0
39
0
80
0
48
0
64
0
58
0
53
0
52
0
49
0
23
0
57
0
48
0
61
0
51
0
39
0
36
0
24
0
46
0
25
0
56
0
36
0
53
0
33
0
45
0
64
0
55
0
88
0
45
0
43
0
31
0
22
0
55
0
44
0
56
0
37
0
61
0
44
0
49
0
69
0
41
0
39
0
51
0
47
0
92
0
48
0
49
0
62
0
40
0
43
0
40
0
35
0
78
0
56
0
61
0
71
0
36
0
36
0
47
0
41
0
58
0
52
0
22
0
48
0
31
0
45
0
98
0
55
0
49
0
76
0
60
0
54
0
60
0
83
0
40
0
54
0
57
0
70
0
50
0
38
0
32
0
77
0
80
0
39
0
82
0
59
0
42
0
57
0
29
0
33
0
36
0
71
0
34
0
64
0
64
0
66
0
50
0
32
0
62
0
42
0
54
0
42
0
65
0
50
0
43
0
81
0
64
0
33
0
62
0
73
0
41
0
28
0
44
0
68
0
56
0
44
0
61
0
35
0
57
0
68
0
48
0
48
0
58
0
55
0
56
0
53
0
56
0
53
0
85
0
34
0
56
0
52
0
42
0
32
0
39
0
43
0
65
0
61
0
49
0
28
0
52
0
28
0
39
0
85
0
37
0
42
0
64
0
40
0
51
0
47
0
44
0
59
0
70
0
61
0
70
0
38
0
45
0
25
0
38
0
94
0
58
0
77
0
43
0
34
0
71
0
56
0
28
0
59
0
40
0
102
0
47
0
59
0
24
0
26
0
63
0
58
0
62
0
35
0
40
0
57
0
100
0
50
0
34
0
53
0
55
0
31
0
50
0
34
0
25
0
50
0
47
0
39
0
27
0
55
0
53
0
53
0
49
0
62
0
58
0
57
0
55
0
68
0
39
0
38
0
44
0
86
0
64
0
60
0
37
0
38
0
79
0
66
0
58
0
45
0
56
0
50
0
62
0
23
0
70
0
79
0
46
0
55
0
48
0
43
0
59
0
40
0
102
0
73
0
42
0
75
0
51
0
99
0
60
0
28
0
60
0
60
0
49
0
53
0
39
0
37
0
41
0
77
0
77
0
39
0
101
0
31
0
72
0
58
0
59
0
54
0
37
0
52
0
44
0
57
0
30
0
34
0
57
0
73
0
49
0
49
0
86
0
62
0
33
0
60
0
60
0
58
0
62
0
17
0
44
0
51
0
57
0
49
0
38
0
63
0
71
0
72
0
47
0
40
0
64
0
78
0
58
0
49
0
85
0
48
0
50
0
43
0
52
0
64
0
57
0
68
0
77
0
79
0
67
0
83
0
51
0
61
0
45
0
57
0
56
0
49
0
73
0
54
0
45
0
77
0
41
0
47
0
65
0
65
0
64
0
50
0
50
0
65
0
52
0
22
0
32
0
47
0
40
0
33
0
55
0
57
0
33
0
59
0
57
0
40
0
53
0
35
0
59
0
29
0
32
0
38
0
73
0
43
0
50
0
103
0
66
0
46
0
78
0
73
0
60
0
32
0
49
0
62
0
59
0
63
0
28
0
59
0
51
0
40
0
42
0
51
0
41
0
