0
29
0
39
0
27
0
28
0
28
0
61
0
48
0
40
0
60
0
33
0
52
0
33
0
31
0
34
0
32
0
36
0
34
0
36
0
30
0
38
0
37
0
43
0
49
0
28
0
35
0
30
0
25
0
51
0
28
0
24
0
33
0
21
0
72
0
34
0
43
0
55
0
37
0
36
0
59
0
44
0
35
0
41
0
74
0
37
0
48
0
23
0
45
0
50
0
34
0
54
0
40
0
44
0
21
0
30
0
41
0
35
0
30
0
38
0
37
0
46
0
37
0
48
0
38
0
54
0
26
0
26
0
36
0
43
0
42
0
39
0
38
0
58
0
44
0
47
0
32
0
27
0
52
0
24
0
30
0
43
0
32
0
35
0
57
0
42
0
35
0
52
0
33
0
57
0
40
0
68
0
40
0
49
0
50
0
52
0
33
0
34
0
43
0
55
0
36
0
44
0
36
0
27
0
55
0
27
0
43
0
49
0
33
0
40
0
38
0
48
0
39
0
43
0
26
0
48
0
32
0
39
0
44
0
33
0
37
0
42
0
31
0
39
0
38
0
32
0
44
0
67
0
31
0
28
0
48
0
34
0
26
0
53
0
34
0
56
0
33
0
34
0
26
0
45
0
39
0
31
0
28
0
49
0
44
0
25
0
65
0
38
0
33
0
42
0
48
0
45
0
46
0
40
0
43
0
43
0
34
0
43
0
44
0
40
0
52
0
40
0
25
0
60
0
58
0
32
0
43
0
62
0
40
0
35
0
38
0
28
0
34
0
52
0
33
0
25
0
44
0
42
0
56
0
39
0
34
0
50
0
34
0
30
0
35
0
56
0
25
0
45
0
42
0
42
0
43
0
50
0
48
0
69
0
40
0
27
0
48
0
29
0
54
0
38
0
29
0
59
0
27
0
40
0
35
0
59
0
28
0
33
0
34
0
53
0
32
0
36
0
38
0
38
0
30
0
53
0
45
0
38
0
45
0
28
0
38
0
33
0
36
0
45
0
29
0
43
0
27
0
40
0
24
0
26
0
70
0
48
0
65
0
26
0
38
0
32
0
20
0
58
0
49
0
42
0
21
0
50
0
28
0
40
0
32
0
47
0
32
0
56
0
41
0
48
0
54
0
36
0
47
0
31
0
30
0
33
0
28
0
51
0
41
0
27
0
37
0
42
0
31
0
63
0
38
0
22
0
54
0
42
0
43
0
25
0
32
0
53
0
28
0
35
0
28
0
33
0
25
0
26
0
32
0
53
0
46
0
20
0
43
0
44
0
41
0
38
0
43
0
32
0
36
0
50
0
57
0
46
0
32
0
43
0
46
0
46
0
42
0
36
0
33
0
30
0
64
0
31
0
40
0
35
0
55
0
46
0
29
0
51
0
39
0
55
0
34
0
31
0
60
0
42
0
37
0
40
0
33
0
35
0
32
0
36
0
41
0
51
0
32
0
45
0
34
0
41
0
31
0
24
0
36
0
41
0
42
0
36
0
32
0
44
0
52
0
31
0
37
0
32
0
41
0
27
0
41
0
31
0
42
0
62
0
33
0
44
0
37
0
29
0
24
0
32
0
34
0
50
0
37
0
60
0
42
0
39
0
30
0
47
0
52
0
54
0
32
0
51
0
24
0
41
0
39
0
39
0
32
0
36
0
34
0
43
0
49
0
40
0
38
0
49
0
38
0
31
0
37
0
48
0
52
0
41
0
37
0
47
0
70
0
44
0
31
0
25
0
61
0
35
0
55
0
23
0
47
0
24
0
32
0
46
0
42
0
34
0
46
0
51
0
42
0
33
0
25
0
40
0
26
0
32
0
12
0
49
0
28
0
44
0
25
0
42
0
37
0
36
0
34
0
43
0
54
0
37
0
62
0
45
0
49
0
32
0
37
0
32
0
38
0
67
0
42
0
61
0
41
0
28
0
62
0
43
0
33
0
31
0
44
0
42
0
33
0
64
0
36
0
34
0
41
0
44
0
22
0
46
0
30
0
40
0
39
0
48
0
56
0
38
0
29
0
40
0
50
0
35
0
51
0
46
0
59
0
40
0
35
0
36
0
35
0
24
0
29
0
73
0
46
0
32
0
44
0
37
0
39
0
66
0
49
0
38
0
32
0
23
0
63
0
43
0
38
0
58
0
41
0
50
0
41
0
53
0
40
0
33
0
50
0
31
0
41
0
30
0
46
0
39
0
31
0
29
0
40
0
29
0
54
0
47
0
33
0
49
0
45
0
54
0
44
0
34
0
26
0
35
0
