0
50
0
63
0
76
0
42
0
61
0
52
0
46
0
40
0
43
0
56
0
57
0
41
0
51
0
41
0
45
0
56
0
80
0
45
0
48
0
42
0
63
0
45
0
55
0
95
0
24
0
42
0
59
0
77
0
60
0
41
0
47
0
61
0
39
0
67
0
44
0
59
0
50
0
30
0
62
0
28
0
34
0
76
0
54
0
41
0
28
0
48
0
50
0
64
0
41
0
62
0
63
0
45
0
28
0
23
0
19
0
48
0
36
0
19
0
44
0
76
0
68
0
52
0
29
0
53
0
48
0
62
0
56
0
40
0
72
0
72
0
47
0
30
0
53
0
41
0
53
0
35
0
46
0
62
0
30
0
43
0
25
0
40
0
69
0
64
0
67
0
32
0
55
0
57
0
65
0
28
0
62
0
73
0
44
0
41
0
55
0
23
0
50
0
55
0
48
0
39
0
54
0
42
0
39
0
47
0
67
0
79
0
74
0
17
0
46
0
32
0
65
0
48
0
49
0
55
0
48
0
62
0
38
0
37
0
78
0
49
0
39
0
65
0
36
0
52
0
47
0
33
0
40
0
54
0
51
0
45
0
57
0
35
0
55
0
66
0
63
0
48
0
42
0
38
0
44
0
60
0
46
0
41
0
58
0
56
0
109
0
40
0
65
0
48
0
56
0
50
0
42
0
67
0
21
0
32
0
80
0
81
0
13
0
30
0
23
0
52
0
46
0
54
0
51
0
73
0
52
0
43
0
52
0
17
0
58
0
60
0
62
0
62
0
36
0
51
0
44
0
44
0
55
0
27
0
46
0
54
0
42
0
65
0
41
0
72
0
31
0
61
0
58
0
61
0
40
0
38
0
22
0
44
0
93
0
36
0
47
0
55
0
45
0
42
0
41
0
73
0
57
0
37
0
53
0
34
0
74
0
58
0
57
0
54
0
70
0
54
0
45
0
50
0
79
0
47
0
49
0
62
0
31
0
42
0
50
0
58
0
41
0
41
0
56
0
46
0
32
0
38
0
67
0
52
0
51
0
66
0
41
0
87
0
69
0
53
0
73
0
87
0
58
0
42
0
49
0
43
0
68
0
54
0
54
0
42
0
49
0
57
0
50
0
56
0
46
0
78
0
45
0
69
0
45
0
47
0
43
0
45
0
77
0
57
0
64
0
43
0
66
0
59
0
69
0
68
0
27
0
55
0
17
0
47
0
73
0
42
0
65
0
65
0
47
0
72
0
41
0
59
0
53
0
42
0
51
0
43
0
25
0
40
0
52
0
58
0
34
0
35
0
38
0
47
0
36
0
55
0
61
0
45
0
69
0
57
0
67
0
50
0
30
0
89
0
50
0
29
0
54
0
55
0
47
0
42
0
72
0
35
0
51
0
32
0
57
0
26
0
62
0
14
0
119
0
31
0
81
0
28
0
66
0
30
0
23
0
78
0
64
0
44
0
30
0
35
0
51
0
43
0
46
0
52
0
61
0
44
0
74
0
61
0
27
0
70
0
52
0
81
0
36
0
37
0
77
0
61
0
55
0
71
0
43
0
27
0
46
0
53
0
37
0
61
0
81
0
53
0
64
0
50
0
49
0
46
0
56
0
56
0
34
0
57
0
52
0
48
0
30
0
44
0
66
0
54
0
50
0
38
0
32
0
83
0
35
0
47
0
50
0
51
0
60
0
53
0
51
0
33
0
46
0
49
0
48
0
46
0
40
0
34
0
40
0
46
0
59
0
46
0
38
0
30
0
62
0
83
0
74
0
41
0
46
0
24
0
58
0
42
0
33
0
52
0
51
0
40
0
36
0
68
0
59
0
101
0
59
0
54
0
55
0
59
0
34
0
63
0
49
0
59
0
71
0
63
0
38
0
73
0
64
0
40
0
50
0
25
0
59
0
68
0
46
0
96
0
35
0
80
0
67
0
48
0
25
0
51
0
34
0
31
0
74
0
42
0
66
0
19
0
54
0
50
0
54
0
61
0
42
0
51
0
57
0
67
0
45
0
91
0
54
0
29
0
57
0
39
0
41
0
40
0
29
0
31
0
35
0
82
0
75
0
49
0
39
0
48
0
53
0
44
0
23
0
19
0
50
0
48
0
49
0
45
0
48
0
12
0
58
0
39
0
48
0
64
0
39
0
41
0
96
0
71
0
66
0
32
0
66
0
36
0
45
0
41
0
58
0
59
0
54
0
76
0
63
0
50
0
51
0
53
0
38
0
17
0
37
0
64
0
37
0
32
0
41
0
39
0
