0
41
0
34
0
34
0
35
0
55
0
45
0
55
0
32
0
49
0
41
0
43
0
28
0
38
0
42
0
42
0
28
0
24
0
47
0
39
0
58
0
50
0
35
0
36
0
41
0
55
0
38
0
36
0
30
0
36
0
24
0
41
0
29
0
20
0
46
0
42
0
30
0
33
0
38
0
51
0
42
0
48
0
32
0
37
0
44
0
63
0
36
0
35
0
30
0
41
0
41
0
42
0
26
0
35
0
41
0
25
0
30
0
30
0
35
0
41
0
33
0
38
0
39
0
38
0
35
0
49
0
44
0
31
0
42
0
30
0
62
0
30
0
18
0
47
0
41
0
33
0
39
0
41
0
54
0
56
0
55
0
28
0
31
0
32
0
43
0
29
0
37
0
68
0
46
0
36
0
42
0
37
0
32
0
39
0
55
0
34
0
44
0
53
0
58
0
38
0
32
0
32
0
38
0
31
0
21
0
32
0
40
0
33
0
26
0
33
0
26
0
33
0
35
0
35
0
32
0
28
0
66
0
21
0
40
0
58
0
54
0
46
0
35
0
49
0
57
0
41
0
39
0
34
0
45
0
27
0
66
0
28
0
44
0
42
0
39
0
56
0
29
0
34
0
51
0
60
0
36
0
29
0
40
0
49
0
32
0
46
0
38
0
46
0
36
0
30
0
32
0
42
0
36
0
39
0
44
0
62
0
30
0
56
0
28
0
29
0
42
0
42
0
52
0
48
0
30
0
41
0
28
0
34
0
38
0
39
0
30
0
33
0
39
0
46
0
33
0
28
0
45
0
40
0
49
0
35
0
30
0
48
0
37
0
54
0
20
0
28
0
55
0
26
0
63
0
21
0
24
0
50
0
28
0
34
0
38
0
38
0
42
0
41
0
29
0
35
0
44
0
37
0
27
0
32
0
33
0
42
0
23
0
57
0
42
0
55
0
30
0
26
0
35
0
40
0
29
0
43
0
38
0
30
0
28
0
20
0
30
0
53
0
36
0
58
0
35
0
44
0
41
0
33
0
52
0
38
0
47
0
28
0
34
0
34
0
30
0
42
0
33
0
40
0
25
0
46
0
35
0
16
0
62
0
44
0
49
0
42
0
49
0
36
0
48
0
22
0
26
0
43
0
43
0
43
0
37
0
22
0
65
0
39
0
44
0
37
0
41
0
28
0
25
0
38
0
28
0
37
0
21
0
33
0
32
0
38
0
47
0
63
0
22
0
30
0
33
0
48
0
53
0
37
0
41
0
21
0
36
0
40
0
32
0
51
0
40
0
53
0
66
0
36
0
38
0
49
0
48
0
46
0
29
0
24
0
40
0
44
0
61
0
39
0
45
0
26
0
41
0
37
0
37
0
78
0
38
0
29
0
36
0
39
0
43
0
53
0
38
0
35
0
42
0
46
0
49
0
38
0
33
0
49
0
35
0
26
0
40
0
33
0
48
0
40
0
42
0
50
0
52
0
50
0
26
0
40
0
42
0
51
0
29
0
30
0
49
0
39
0
45
0
27
0
70
0
42
0
45
0
33
0
28
0
46
0
45
0
25
0
30
0
77
0
30
0
39
0
37
0
55
0
59
0
33
0
36
0
36
0
55
0
53
0
42
0
32
0
44
0
49
0
38
0
44
0
29
0
34
0
35
0
33
0
50
0
50
0
43
0
45
0
29
0
30
0
37
0
41
0
42
0
40
0
22
0
69
0
42
0
41
0
34
0
40
0
40
0
23
0
48
0
30
0
38
0
25
0
34
0
34
0
40
0
33
0
47
0
46
0
45
0
52
0
59
0
49
0
26
0
25
0
40
0
40
0
38
0
38
0
37
0
38
0
24
0
20
0
43
0
31
0
37
0
35
0
26
0
34
0
35
0
28
0
38
0
45
0
37
0
63
0
40
0
72
0
46
0
44
0
58
0
44
0
29
0
35
0
55
0
30
0
22
0
52
0
46
0
42
0
30
0
26
0
23
0
41
0
30
0
60
0
45
0
32
0
45
0
58
0
42
0
28
0
35
0
46
0
35
0
51
0
35
0
38
0
39
0
46
0
52
0
32
0
26
0
48
0
41
0
28
0
27
0
34
0
27
0
55
0
30
0
49
0
47
0
42
0
42
0
40
0
33
0
42
0
54
0
64
0
40
0
61
0
45
0
26
0
42
0
26
0
45
0
37
0
52
0
48
0
38
0
43
0
44
0
42
0
33
0
33
0
40
0
27
0
36
0
63
0
28
0
59
0
24
0
44
0
49
0
