0
48
0
54
0
47
0
55
0
39
0
55
0
46
0
45
0
41
0
55
0
67
0
51
0
56
0
47
0
54
0
52
0
56
0
35
0
46
0
54
0
41
0
66
0
48
0
50
0
48
0
49
0
40
0
67
0
54
0
77
0
57
0
40
0
54
0
60
0
60
0
63
0
65
0
58
0
43
0
32
0
49
0
51
0
42
0
45
0
69
0
37
0
45
0
55
0
61
0
51
0
38
0
45
0
62
0
48
0
49
0
60
0
51
0
35
0
49
0
44
0
64
0
66
0
72
0
59
0
63
0
60
0
65
0
48
0
35
0
58
0
45
0
106
0
78
0
69
0
58
0
48
0
46
0
29
0
58
0
58
0
45
0
60
0
65
0
47
0
57
0
59
0
70
0
42
0
54
0
31
0
60
0
56
0
58
0
57
0
65
0
74
0
45
0
37
0
54
0
52
0
56
0
49
0
66
0
58
0
45
0
43
0
42
0
87
0
49
0
37
0
69
0
68
0
44
0
76
0
54
0
67
0
64
0
76
0
49
0
56
0
68
0
39
0
54
0
82
0
64
0
49
0
46
0
45
0
57
0
47
0
69
0
62
0
39
0
36
0
41
0
51
0
56
0
51
0
51
0
52
0
64
0
53
0
51
0
56
0
69
0
72
0
65
0
58
0
54
0
73
0
61
0
59
0
52
0
68
0
50
0
47
0
66
0
56
0
45
0
62
0
47
0
50
0
38
0
47
0
51
0
67
0
62
0
77
0
53
0
69
0
49
0
64
0
64
0
54
0
63
0
45
0
60
0
57
0
61
0
30
0
70
0
48
0
47
0
70
0
36
0
45
0
54
0
57
0
48
0
54
0
45
0
49
0
51
0
53
0
48
0
48
0
59
0
60
0
45
0
62
0
51
0
40
0
65
0
39
0
68
0
55
0
44
0
45
0
66
0
52
0
53
0
43
0
55
0
63
0
50
0
53
0
46
0
38
0
30
0
48
0
43
0
57
0
52
0
67
0
62
0
60
0
46
0
29
0
51
0
54
0
64
0
66
0
78
0
42
0
47
0
57
0
43
0
60
0
49
0
66
0
43
0
67
0
46
0
69
0
47
0
53
0
44
0
50
0
52
0
48
0
49
0
53
0
59
0
54
0
62
0
61
0
56
0
40
0
51
0
48
0
62
0
49
0
51
0
60
0
59
0
59
0
43
0
39
0
51
0
33
0
44
0
38
0
31
0
45
0
59
0
54
0
50
0
44
0
37
0
65
0
62
0
58
0
68
0
40
0
47
0
51
0
66
0
58
0
64
0
72
0
54
0
54
0
50
0
67
0
51
0
54
0
60
0
60
0
51
0
65
0
56
0
56
0
50
0
78
0
72
0
46
0
35
0
51
0
58
0
51
0
36
0
69
0
63
0
47
0
38
0
59
0
51
0
54
0
47
0
41
0
40
0
66
0
64
0
55
0
53
0
58
0
54
0
51
0
65
0
51
0
53
0
67
0
46
0
36
0
49
0
62
0
52
0
36
0
41
0
42
0
54
0
45
0
64
0
80
0
51
0
67
0
56
0
60
0
65
0
34
0
36
0
55
0
55
0
56
0
61
0
55
0
80
0
50
0
52
0
38
0
78
0
49
0
48
0
52
0
53
0
44
0
45
0
51
0
50
0
53
0
49
0
45
0
52
0
38
0
46
0
69
0
53
0
41
0
40
0
73
0
45
0
53
0
36
0
71
0
60
0
47
0
52
0
67
0
52
0
60
0
44
0
45
0
52
0
55
0
54
0
47
0
54
0
45
0
50
0
64
0
52
0
47
0
59
0
52
0
46
0
54
0
55
0
54
0
44
0
59
0
41
0
69
0
50
0
52
0
33
0
42
0
54
0
56
0
45
0
52
0
72
0
75
0
53
0
56
0
62
0
55
0
53
0
54
0
47
0
59
0
51
0
38
0
39
0
66
0
55
0
40
0
64
0
63
0
49
0
60
0
49
0
57
0
50
0
50
0
50
0
34
0
63
0
32
0
62
0
42
0
57
0
64
0
52
0
65
0
42
0
37
0
53
0
29
0
57
0
47
0
41
0
64
0
48
0
53
0
43
0
55
0
35
0
48
0
76
0
50
0
47
0
39
0
48
0
48
0
53
0
90
0
51
0
48
0
43
0
49
0
38
0
57
0
179
0
56
0
58
0
50
0
67
0
61
0
76
0
54
0
49
0
64
0
60
0
55
0
45
0
63
0
52
0
46
0
55
0
66
0
