0
63
0
32
0
59
0
57
0
62
0
80
0
55
0
52
0
28
0
54
0
60
0
44
0
38
0
54
0
30
0
30
0
57
0
42
0
42
0
45
0
54
0
51
0
54
0
39
0
43
0
32
0
32
0
59
0
48
0
31
0
69
0
63
0
44
0
74
0
46
0
22
0
101
0
51
0
19
0
72
0
39
0
58
0
54
0
67
0
35
0
66
0
50
0
34
0
60
0
74
0
70
0
71
0
40
0
57
0
40
0
37
0
61
0
53
0
38
0
104
0
64
0
51
0
50
0
64
0
89
0
63
0
59
0
46
0
81
0
39
0
70
0
69
0
37
0
61
0
40
0
50
0
48
0
49
0
47
0
30
0
42
0
52
0
39
0
57
0
105
0
54
0
57
0
66
0
33
0
37
0
30
0
56
0
49
0
48
0
63
0
68
0
78
0
40
0
66
0
43
0
44
0
77
0
15
0
46
0
52
0
77
0
99
0
24
0
56
0
57
0
75
0
55
0
88
0
44
0
53
0
74
0
25
0
26
0
37
0
72
0
29
0
47
0
49
0
27
0
30
0
17
0
71
0
66
0
44
0
66
0
37
0
56
0
47
0
33
0
61
0
43
0
62
0
46
0
40
0
63
0
53
0
41
0
60
0
52
0
56
0
46
0
49
0
37
0
47
0
35
0
83
0
32
0
74
0
36
0
47
0
45
0
25
0
30
0
47
0
53
0
56
0
52
0
68
0
69
0
70
0
63
0
46
0
50
0
46
0
42
0
50
0
47
0
33
0
36
0
58
0
48
0
50
0
52
0
84
0
66
0
88
0
46
0
42
0
37
0
45
0
57
0
48
0
22
0
30
0
50
0
65
0
79
0
43
0
45
0
31
0
28
0
48
0
72
0
96
0
33
0
50
0
104
0
45
0
70
0
77
0
49
0
64
0
55
0
53
0
85
0
61
0
71
0
55
0
86
0
53
0
79
0
45
0
44
0
49
0
67
0
43
0
76
0
50
0
47
0
61
0
61
0
31
0
44
0
42
0
45
0
37
0
24
0
46
0
39
0
67
0
24
0
56
0
47
0
84
0
60
0
52
0
41
0
48
0
86
0
58
0
43
0
49
0
69
0
66
0
51
0
61
0
52
0
50
0
51
0
55
0
42
0
57
0
62
0
30
0
51
0
39
0
42
0
68
0
67
0
35
0
36
0
32
0
43
0
63
0
27
0
68
0
62
0
55
0
29
0
54
0
74
0
25
0
48
0
34
0
29
0
36
0
79
0
42
0
59
0
51
0
49
0
56
0
45
0
52
0
72
0
23
0
68
0
52
0
83
0
62
0
64
0
49
0
37
0
48
0
62
0
71
0
75
0
73
0
57
0
41
0
77
0
67
0
59
0
58
0
57
0
35
0
41
0
22
0
52
0
68
0
55
0
34
0
69
0
58
0
30
0
55
0
56
0
48
0
63
0
42
0
58
0
72
0
53
0
57
0
57
0
50
0
52
0
26
0
42
0
58
0
46
0
51
0
28
0
30
0
51
0
48
0
56
0
46
0
38
0
21
0
71
0
45
0
43
0
27
0
40
0
39
0
84
0
88
0
61
0
61
0
55
0
43
0
68
0
65
0
44
0
80
0
69
0
48
0
64
0
65
0
36
0
90
0
62
0
39
0
43
0
47
0
40
0
48
0
47
0
72
0
43
0
27
0
71
0
30
0
50
0
71
0
50
0
54
0
58
0
49
0
79
0
20
0
43
0
40
0
70
0
37
0
50
0
47
0
45
0
29
0
82
0
46
0
47
0
43
0
65
0
63
0
71
0
58
0
29
0
44
0
46
0
62
0
36
0
61
0
46
0
72
0
57
0
41
0
38
0
46
0
27
0
31
0
55
0
54
0
76
0
72
0
63
0
68
0
80
0
72
0
48
0
40
0
57
0
59
0
39
0
47
0
46
0
78
0
43
0
90
0
77
0
53
0
61
0
69
0
72
0
44
0
53
0
53
0
78
0
76
0
77
0
46
0
67
0
44
0
55
0
62
0
44
0
53
0
69
0
47
0
48
0
26
0
47
0
36
0
37
0
42
0
57
0
42
0
78
0
36
0
54
0
35
0
61
0
41
0
41
0
66
0
52
0
46
0
65
0
51
0
23
0
37
0
57
0
56
0
43
0
57
0
53
0
45
0
66
0
57
0
64
0
42
0
33
0
42
0
72
0
44
0
46
0
39
0
73
0
58
0
35
0
59
0
69
0
59
0
43
0
