0
11
0
11
0
11
0
16
0
20
0
16
0
13
0
23
0
17
0
19
0
7
0
15
0
8
0
41
0
6
0
8
0
17
0
8
0
14
0
10
0
12
0
26
0
14
0
19
0
14
0
8
0
14
0
8
0
8
0
17
0
8
0
27
0
10
0
8
0
19
0
28
0
14
0
19
0
19
0
28
0
6
0
16
0
18
0
5
0
9
0
15
0
12
0
16
0
13
0
7
0
14
0
21
0
20
0
21
0
5
0
3
0
11
0
13
0
3
0
20
0
7
0
14
0
12
0
4
0
8
0
35
0
23
0
20
0
9
0
10
0
18
0
8
0
9
0
12
0
11
0
15
0
3
0
11
0
8
0
20
0
16
0
32
0
16
0
22
0
14
0
18
0
18
0
11
0
3
0
20
0
15
0
13
0
21
0
20
0
7
0
23
0
21
0
9
0
11
0
24
0
18
0
24
0
8
0
14
0
12
0
14
0
9
0
18
0
23
0
23
0
13
0
12
0
22
0
8
0
15
0
16
0
21
0
10
0
15
0
21
0
14
0
15
0
11
0
25
0
16
0
9
0
19
0
12
0
20
0
16
0
20
0
15
0
13
0
8
0
23
0
14
0
12
0
7
0
8
0
5
0
10
0
24
0
11
0
18
0
14
0
6
0
29
0
22
0
22
0
32
0
18
0
10
0
16
0
20
0
18
0
15
0
13
0
7
0
10
0
20
0
15
0
18
0
15
0
15
0
7
0
20
0
15
0
16
0
10
0
13
0
18
0
6
0
13
0
16
0
25
0
12
0
20
0
20
0
17
0
20
0
18
0
20
0
7
0
18
0
20
0
5
0
10
0
15
0
14
0
16
0
12
0
5
0
25
0
8
0
19
0
8
0
10
0
2
0
15
0
11
0
16
0
8
0
21
0
14
0
8
0
10
0
16
0
9
0
11
0
17
0
30
0
26
0
24
0
17
0
13
0
15
0
10
0
20
0
32
0
9
0
13
0
11
0
18
0
11
0
7
0
9
0
14
0
11
0
24
0
10
0
18
0
2
0
18
0
9
0
21
0
9
0
26
0
14
0
11
0
10
0
23
0
16
0
31
0
13
0
24
0
28
0
17
0
10
0
20
0
14
0
19
0
29
0
14
0
25
0
16
0
11
0
22
0
27
0
36
0
20
0
10
0
7
0
12
0
6
0
13
0
35
0
17
0
15
0
6
0
24
0
12
0
28
0
16
0
19
0
31
0
16
0
15
0
16
0
5
0
17
0
17
0
16
0
22
0
11
0
21
0
10
0
25
0
33
0
17
0
11
0
26
0
20
0
38
0
8
0
15
0
19
0
21
0
20
0
18
0
28
0
22
0
16
0
24
0
16
0
23
0
9
0
18
0
16
0
12
0
11
0
12
0
11
0
7
0
16
0
10
0
15
0
10
0
10
0
14
0
20
0
7
0
5
0
10
0
26
0
16
0
25
0
24
0
20
0
16
0
12
0
21
0
11
0
14
0
22
0
24
0
20
0
26
0
12
0
20
0
11
0
19
0
10
0
11
0
21
0
18
0
14
0
21
0
20
0
11
0
7
0
3
0
10
0
33
0
20
0
24
0
21
0
12
0
9
0
16
0
18
0
18
0
10
0
15
0
13
0
19
0
13
0
12
0
21
0
11
0
22
0
12
0
18
0
16
0
12
0
19
0
22
0
24
0
5
0
13
0
13
0
20
0
20
0
11
0
19
0
4
0
15
0
14
0
9
0
19
0
15
0
16
0
13
0
18
0
10
0
9
0
16
0
21
0
12
0
8
0
29
0
17
0
15
0
15
0
6
0
25
0
19
0
9
0
10
0
27
0
13
0
6
0
18
0
14
0
20
0
11
0
14
0
0
0
10
0
11
0
16
0
21
0
17
0
26
0
5
0
8
0
16
0
20
0
9
0
9
0
11
0
15
0
20
0
23
0
13
0
19
0
25
0
17
0
17
0
29
0
13
0
16
0
11
0
10
0
10
0
8
0
18
0
10
0
14
0
13
0
20
0
18
0
21
0
9
0
8
0
18
0
16
0
7
0
11
0
10
0
5
0
18
0
13
0
9
0
13
0
15
0
21
0
24
0
17
0
6
0
11
0
16
0
19
0
18
0
26
0
5
0
21
0
6
0
18
0
16
0
12
0
271
0
146
0
13
0
4
0
19
0
11
0
15
0
10
0
33
0
38
0
14
0
10
0
14
0
6
0
27
0
14
0
20
0
22
0
17
0
26
0
