0
30
0
42
0
30
0
55
0
56
0
50
0
17
0
70
0
70
0
73
0
36
0
54
0
34
0
70
0
56
0
47
0
36
0
59
0
56
0
40
0
64
0
39
0
45
0
68
0
29
0
72
0
53
0
69
0
55
0
59
0
56
0
51
0
57
0
20
0
39
0
39
0
62
0
48
0
39
0
25
0
46
0
17
0
42
0
70
0
46
0
57
0
73
0
37
0
53
0
36
0
42
0
46
0
52
0
70
0
95
0
59
0
39
0
10
0
54
0
40
0
35
0
76
0
39
0
41
0
42
0
24
0
33
0
38
0
68
0
59
0
67
0
51
0
50
0
37
0
45
0
73
0
42
0
110
0
54
0
78
0
67
0
37
0
54
0
19
0
59
0
93
0
34
0
66
0
68
0
64
0
60
0
26
0
58
0
80
0
37
0
40
0
42
0
27
0
36
0
51
0
50
0
44
0
50
0
85
0
29
0
75
0
47
0
20
0
40
0
27
0
44
0
50
0
41
0
48
0
47
0
31
0
41
0
45
0
50
0
70
0
77
0
20
0
35
0
36
0
77
0
27
0
36
0
71
0
42
0
55
0
45
0
54
0
41
0
59
0
39
0
55
0
57
0
46
0
40
0
63
0
67
0
30
0
55
0
56
0
57
0
60
0
54
0
52
0
69
0
67
0
57
0
51
0
37
0
77
0
60
0
47
0
58
0
81
0
53
0
50
0
38
0
42
0
49
0
39
0
44
0
64
0
61
0
51
0
52
0
34
0
77
0
31
0
18
0
42
0
61
0
24
0
49
0
61
0
67
0
65
0
35
0
49
0
57
0
56
0
39
0
62
0
60
0
76
0
78
0
26
0
42
0
64
0
52
0
74
0
62
0
48
0
31
0
53
0
78
0
64
0
55
0
65
0
62
0
21
0
24
0
58
0
45
0
32
0
60
0
38
0
44
0
59
0
75
0
53
0
52
0
84
0
46
0
19
0
44
0
54
0
47
0
87
0
91
0
31
0
39
0
29
0
41
0
57
0
51
0
59
0
55
0
45
0
28
0
53
0
81
0
78
0
53
0
28
0
45
0
44
0
76
0
43
0
46
0
66
0
47
0
47
0
38
0
42
0
60
0
75
0
91
0
53
0
52
0
92
0
58
0
55
0
39
0
45
0
64
0
64
0
35
0
52
0
24
0
54
0
51
0
69
0
68
0
66
0
57
0
59
0
61
0
63
0
72
0
48
0
37
0
57
0
54
0
36
0
68
0
85
0
60
0
56
0
63
0
45
0
66
0
45
0
42
0
64
0
64
0
79
0
35
0
39
0
75
0
58
0
63
0
62
0
53
0
56
0
46
0
104
0
81
0
29
0
48
0
48
0
27
0
20
0
44
0
24
0
49
0
23
0
77
0
46
0
60
0
51
0
42
0
55
0
73
0
25
0
54
0
36
0
40
0
49
0
48
0
63
0
30
0
37
0
69
0
32
0
62
0
75
0
47
0
49
0
61
0
48
0
36
0
35
0
60
0
74
0
58
0
41
0
72
0
34
0
44
0
56
0
35
0
48
0
30
0
51
0
52
0
37
0
52
0
56
0
37
0
60
0
33
0
57
0
56
0
51
0
87
0
30
0
35
0
44
0
104
0
26
0
49
0
66
0
41
0
65
0
70
0
35
0
60
0
57
0
40
0
18
0
28
0
67
0
70
0
48
0
48
0
72
0
66
0
64
0
42
0
35
0
77
0
85
0
83
0
52
0
55
0
47
0
47
0
52
0
46
0
55
0
52
0
74
0
43
0
55
0
63
0
76
0
35
0
60
0
59
0
16
0
41
0
49
0
53
0
41
0
49
0
37
0
54
0
33
0
70
0
59
0
66
0
36
0
43
0
69
0
63
0
43
0
36
0
58
0
39
0
46
0
39
0
67
0
66
0
30
0
64
0
44
0
41
0
64
0
51
0
42
0
75
0
42
0
64
0
48
0
55
0
67
0
53
0
53
0
57
0
62
0
71
0
35
0
45
0
49
0
55
0
39
0
58
0
54
0
60
0
69
0
72
0
63
0
41
0
39
0
39
0
46
0
67
0
90
0
49
0
39
0
68
0
65
0
64
0
42
0
30
0
39
0
29
0
63
0
70
0
46
0
47
0
61
0
56
0
51
0
29
0
53
0
34
0
35
0
129
0
126
0
53
0
42
0
29
0
60
0
41
0
66
0
49
0
38
0
24
0
31
0
48
0
29
0
43
0
34
0
34
0
43
0
