0
42
0
51
0
38
0
34
0
70
0
58
0
39
0
39
0
66
0
39
0
43
0
52
0
32
0
48
0
39
0
48
0
55
0
43
0
57
0
35
0
32
0
39
0
38
0
49
0
43
0
23
0
49
0
29
0
75
0
30
0
37
0
32
0
42
0
49
0
52
0
25
0
51
0
25
0
36
0
73
0
34
0
51
0
40
0
38
0
52
0
31
0
44
0
37
0
34
0
62
0
42
0
35
0
33
0
39
0
35
0
42
0
45
0
40
0
83
0
31
0
32
0
40
0
28
0
38
0
42
0
29
0
40
0
41
0
27
0
45
0
41
0
60
0
37
0
42
0
26
0
64
0
42
0
30
0
27
0
31
0
27
0
43
0
40
0
35
0
49
0
47
0
39
0
18
0
29
0
23
0
32
0
35
0
55
0
42
0
52
0
45
0
33
0
34
0
37
0
41
0
39
0
29
0
24
0
44
0
57
0
44
0
35
0
50
0
38
0
62
0
42
0
56
0
45
0
20
0
37
0
39
0
48
0
39
0
43
0
48
0
52
0
36
0
35
0
43
0
28
0
46
0
40
0
41
0
39
0
72
0
30
0
42
0
52
0
29
0
57
0
39
0
43
0
38
0
48
0
34
0
44
0
28
0
61
0
32
0
23
0
30
0
64
0
30
0
35
0
36
0
39
0
64
0
36
0
43
0
29
0
26
0
31
0
50
0
40
0
40
0
34
0
39
0
39
0
39
0
53
0
47
0
38
0
41
0
54
0
36
0
33
0
27
0
42
0
55
0
26
0
44
0
30
0
50
0
24
0
45
0
34
0
52
0
33
0
32
0
58
0
32
0
54
0
57
0
43
0
47
0
31
0
43
0
36
0
45
0
29
0
19
0
38
0
26
0
29
0
39
0
30
0
51
0
42
0
33
0
23
0
42
0
31
0
42
0
44
0
42
0
56
0
68
0
48
0
54
0
30
0
47
0
37
0
19
0
36
0
60
0
69
0
26
0
24
0
31
0
34
0
32
0
37
0
35
0
32
0
36
0
32
0
37
0
58
0
44
0
47
0
46
0
56
0
43
0
42
0
36
0
33
0
38
0
44
0
66
0
45
0
34
0
35
0
35
0
23
0
53
0
38
0
40
0
23
0
40
0
39
0
48
0
46
0
34
0
39
0
46
0
49
0
26
0
33
0
27
0
26
0
42
0
45
0
50
0
37
0
32
0
59
0
34
0
37
0
41
0
34
0
25
0
65
0
43
0
60
0
34
0
30
0
40
0
27
0
27
0
56
0
46
0
47
0
39
0
45
0
29
0
35
0
37
0
36
0
48
0
26
0
39
0
44
0
65
0
63
0
35
0
47
0
55
0
38
0
47
0
39
0
27
0
48
0
41
0
33
0
48
0
38
0
67
0
43
0
49
0
42
0
48
0
35
0
42
0
52
0
35
0
70
0
32
0
29
0
46
0
46
0
57
0
63
0
26
0
41
0
45
0
38
0
27
0
39
0
33
0
40
0
63
0
43
0
35
0
28
0
44
0
40
0
50
0
65
0
55
0
36
0
22
0
46
0
33
0
39
0
61
0
48
0
22
0
36
0
42
0
22
0
28
0
41
0
36
0
60
0
67
0
48
0
81
0
34
0
56
0
44
0
44
0
40
0
33
0
32
0
28
0
35
0
37
0
28
0
27
0
54
0
39
0
46
0
34
0
12
0
26
0
53
0
43
0
73
0
23
0
23
0
36
0
35
0
39
0
31
0
51
0
35
0
32
0
26
0
29
0
31
0
25
0
34
0
38
0
48
0
37
0
25
0
45
0
34
0
25
0
35
0
50
0
43
0
54
0
48
0
53
0
51
0
39
0
56
0
38
0
50
0
25
0
60
0
36
0
45
0
34
0
30
0
47
0
41
0
61
0
33
0
35
0
23
0
71
0
53
0
38
0
43
0
22
0
45
0
40
0
38
0
44
0
42
0
38
0
32
0
51
0
36
0
42
0
45
0
40
0
20
0
34
0
32
0
57
0
34
0
33
0
71
0
52
0
70
0
43
0
42
0
37
0
24
0
45
0
29
0
53
0
30
0
43
0
30
0
30
0
34
0
32
0
37
0
36
0
46
0
28
0
47
0
49
0
32
0
44
0
62
0
38
0
63
0
27
0
43
0
35
0
58
0
43
0
52
0
64
0
33
0
34
0
75
0
47
0
47
0
30
0
52
0
21
0
50
0
30
0
32
0
42
0
42
0
24
0
42
0
39
0
