0
54
0
45
0
55
0
48
0
46
0
45
0
59
0
31
0
66
0
37
0
58
0
52
0
58
0
76
0
41
0
21
0
45
0
24
0
45
0
52
0
53
0
43
0
39
0
31
0
48
0
44
0
38
0
53
0
99
0
27
0
51
0
93
0
42
0
66
0
46
0
46
0
64
0
61
0
34
0
74
0
50
0
57
0
21
0
56
0
23
0
33
0
56
0
68
0
40
0
66
0
50
0
55
0
37
0
62
0
66
0
48
0
81
0
26
0
78
0
42
0
23
0
40
0
54
0
46
0
58
0
51
0
48
0
39
0
64
0
39
0
50
0
56
0
34
0
45
0
56
0
31
0
50
0
40
0
42
0
25
0
39
0
47
0
45
0
44
0
58
0
45
0
69
0
33
0
70
0
27
0
30
0
22
0
52
0
48
0
69
0
39
0
64
0
46
0
32
0
49
0
46
0
55
0
85
0
71
0
52
0
42
0
41
0
78
0
70
0
36
0
60
0
44
0
26
0
66
0
74
0
27
0
35
0
73
0
45
0
40
0
35
0
42
0
49
0
51
0
64
0
76
0
45
0
81
0
20
0
38
0
12
0
33
0
76
0
53
0
62
0
54
0
55
0
21
0
35
0
70
0
46
0
28
0
58
0
48
0
69
0
29
0
28
0
42
0
69
0
29
0
64
0
43
0
54
0
45
0
37
0
44
0
59
0
58
0
56
0
47
0
53
0
56
0
74
0
37
0
60
0
49
0
53
0
56
0
81
0
59
0
49
0
53
0
47
0
70
0
47
0
30
0
59
0
37
0
55
0
47
0
86
0
69
0
70
0
59
0
17
0
40
0
41
0
43
0
41
0
67
0
56
0
33
0
52
0
51
0
41
0
53
0
71
0
42
0
62
0
39
0
29
0
95
0
84
0
70
0
46
0
77
0
36
0
27
0
14
0
47
0
52
0
53
0
60
0
56
0
62
0
79
0
45
0
53
0
63
0
58
0
52
0
33
0
47
0
97
0
46
0
58
0
33
0
39
0
76
0
47
0
47
0
67
0
66
0
76
0
33
0
39
0
38
0
40
0
42
0
80
0
42
0
53
0
55
0
41
0
66
0
72
0
52
0
53
0
44
0
30
0
32
0
53
0
53
0
62
0
49
0
43
0
52
0
27
0
36
0
36
0
65
0
38
0
47
0
56
0
42
0
61
0
42
0
62
0
44
0
39
0
49
0
52
0
35
0
34
0
71
0
52
0
28
0
30
0
33
0
87
0
38
0
35
0
23
0
19
0
76
0
57
0
28
0
68
0
68
0
43
0
42
0
52
0
30
0
15
0
57
0
75
0
53
0
35
0
38
0
58
0
68
0
48
0
34
0
32
0
74
0
51
0
28
0
76
0
29
0
71
0
46
0
49
0
51
0
93
0
47
0
33
0
62
0
67
0
44
0
54
0
63
0
46
0
50
0
31
0
49
0
64
0
56
0
89
0
89
0
58
0
84
0
52
0
45
0
89
0
50
0
43
0
36
0
58
0
41
0
50
0
60
0
70
0
60
0
45
0
31
0
29
0
42
0
88
0
76
0
35
0
47
0
76
0
51
0
48
0
50
0
48
0
55
0
79
0
54
0
48
0
45
0
48
0
60
0
41
0
49
0
29
0
85
0
55
0
53
0
71
0
81
0
37
0
51
0
85
0
88
0
30
0
76
0
66
0
57
0
83
0
20
0
49
0
38
0
42
0
68
0
24
0
39
0
65
0
61
0
50
0
55
0
39
0
63
0
63
0
21
0
33
0
56
0
55
0
43
0
36
0
26
0
45
0
38
0
70
0
37
0
79
0
68
0
49
0
41
0
76
0
59
0
32
0
60
0
58
0
46
0
48
0
30
0
64
0
50
0
30
0
71
0
43
0
68
0
29
0
57
0
64
0
51
0
64
0
43
0
43
0
41
0
56
0
30
0
65
0
53
0
59
0
60
0
68
0
64
0
39
0
71
0
28
0
47
0
48
0
42
0
86
0
80
0
52
0
48
0
37
0
40
0
67
0
107
0
54
0
64
0
83
0
23
0
21
0
60
0
58
0
42
0
60
0
76
0
26
0
59
0
52
0
45
0
31
0
68
0
46
0
49
0
44
0
69
0
46
0
54
0
72
0
52
0
49
0
66
0
71
0
44
0
52
0
58
0
39
0
86
0
75
0
40
0
74
0
49
0
27
0
78
0
50
0
45
0
65
0
81
0
51
0
31
0
35
0
32
0
64
0
