0
42
0
41
0
23
0
34
0
22
0
40
0
42
0
34
0
47
0
38
0
15
0
50
0
69
0
62
0
25
0
42
0
40
0
44
0
54
0
55
0
68
0
61
0
48
0
54
0
57
0
49
0
33
0
33
0
74
0
101
0
61
0
75
0
42
0
51
0
43
0
25
0
68
0
32
0
67
0
14
0
47
0
27
0
25
0
49
0
34
0
41
0
40
0
62
0
40
0
57
0
32
0
64
0
69
0
34
0
43
0
51
0
43
0
60
0
54
0
44
0
50
0
56
0
38
0
16
0
64
0
54
0
40
0
37
0
55
0
102
0
65
0
68
0
74
0
82
0
23
0
50
0
71
0
64
0
23
0
56
0
29
0
44
0
44
0
52
0
56
0
50
0
44
0
53
0
43
0
64
0
44
0
33
0
23
0
29
0
36
0
65
0
38
0
64
0
49
0
38
0
44
0
22
0
41
0
75
0
21
0
46
0
39
0
22
0
76
0
77
0
63
0
48
0
32
0
74
0
80
0
56
0
10
0
56
0
53
0
49
0
33
0
59
0
68
0
50
0
13
0
22
0
35
0
69
0
62
0
50
0
58
0
58
0
32
0
43
0
41
0
65
0
35
0
45
0
62
0
86
0
53
0
19
0
50
0
49
0
32
0
56
0
52
0
36
0
44
0
76
0
52
0
44
0
75
0
32
0
56
0
43
0
65
0
37
0
33
0
68
0
37
0
77
0
63
0
68
0
51
0
46
0
33
0
67
0
25
0
64
0
49
0
66
0
52
0
23
0
37
0
43
0
50
0
68
0
53
0
96
0
49
0
64
0
24
0
69
0
27
0
40
0
33
0
55
0
47
0
36
0
61
0
71
0
48
0
41
0
39
0
42
0
81
0
55
0
37
0
48
0
71
0
43
0
72
0
43
0
44
0
31
0
69
0
30
0
42
0
51
0
30
0
34
0
50
0
68
0
31
0
77
0
48
0
39
0
59
0
50
0
75
0
80
0
44
0
59
0
39
0
41
0
54
0
34
0
57
0
46
0
25
0
45
0
22
0
42
0
64
0
48
0
29
0
78
0
70
0
37
0
78
0
24
0
56
0
32
0
44
0
22
0
46
0
47
0
40
0
53
0
74
0
106
0
45
0
48
0
45
0
36
0
26
0
22
0
43
0
40
0
90
0
53
0
56
0
70
0
54
0
28
0
81
0
42
0
61
0
33
0
37
0
48
0
45
0
29
0
29
0
26
0
55
0
51
0
69
0
48
0
21
0
32
0
84
0
66
0
35
0
79
0
49
0
41
0
23
0
46
0
52
0
74
0
31
0
47
0
82
0
33
0
25
0
59
0
38
0
30
0
33
0
55
0
22
0
60
0
61
0
51
0
46
0
41
0
48
0
57
0
62
0
60
0
60
0
61
0
25
0
44
0
63
0
74
0
95
0
35
0
57
0
43
0
45
0
48
0
51
0
62
0
39
0
26
0
99
0
41
0
26
0
70
0
50
0
32
0
53
0
71
0
49
0
41
0
46
0
40
0
51
0
40
0
41
0
66
0
81
0
68
0
96
0
53
0
38
0
31
0
88
0
40
0
57
0
49
0
26
0
32
0
71
0
46
0
49
0
26
0
48
0
30
0
49
0
34
0
53
0
37
0
13
0
62
0
62
0
33
0
70
0
29
0
84
0
73
0
25
0
72
0
71
0
39
0
41
0
35
0
37
0
48
0
44
0
40
0
43
0
67
0
48
0
57
0
49
0
43
0
45
0
37
0
27
0
26
0
37
0
48
0
33
0
38
0
53
0
66
0
37
0
35
0
49
0
56
0
56
0
28
0
61
0
38
0
54
0
42
0
52
0
46
0
62
0
64
0
77
0
39
0
55
0
43
0
57
0
44
0
46
0
47
0
50
0
63
0
27
0
32
0
32
0
44
0
36
0
52
0
42
0
39
0
60
0
67
0
43
0
48
0
50
0
40
0
22
0
24
0
63
0
67
0
27
0
42
0
53
0
62
0
42
0
52
0
70
0
38
0
47
0
52
0
36
0
57
0
81
0
42
0
57
0
74
0
38
0
55
0
60
0
35
0
62
0
24
0
37
0
46
0
44
0
55
0
21
0
71
0
24
0
69
0
45
0
47
0
24
0
48
0
78
0
39
0
36
0
51
0
126
0
51
0
48
0
100
0
35
0
43
0
24
0
38
0
51
0
84
0
53
0
49
0
26
0
22
0
42
0
35
0
80
0
39
0
68
0
40
0
