0
38
0
29
0
14
0
26
0
35
0
26
0
35
0
25
0
20
0
15
0
29
0
20
0
40
0
13
0
1
0
11
0
7
0
25
0
12
0
32
0
47
0
24
0
25
0
22
0
15
0
16
0
23
0
14
0
12
0
32
0
18
0
18
0
11
0
11
0
12
0
28
0
25
0
16
0
22
0
18
0
13
0
27
0
47
0
21
0
20
0
15
0
17
0
10
0
39
0
8
0
16
0
20
0
16
0
16
0
25
0
41
0
30
0
24
0
20
0
23
0
34
0
22
0
27
0
35
0
18
0
12
0
23
0
28
0
15
0
14
0
10
0
16
0
31
0
17
0
19
0
12
0
16
0
8
0
14
0
12
0
2
0
27
0
17
0
24
0
17
0
22
0
23
0
16
0
21
0
20
0
24
0
16
0
38
0
5
0
20
0
64
0
8
0
15
0
27
0
6
0
37
0
33
0
18
0
18
0
17
0
32
0
28
0
22
0
9
0
28
0
26
0
16
0
30
0
7
0
17
0
12
0
28
0
30
0
23
0
20
0
10
0
17
0
31
0
18
0
20
0
39
0
26
0
29
0
18
0
15
0
17
0
22
0
11
0
17
0
4
0
18
0
27
0
5
0
42
0
18
0
5
0
35
0
23
0
32
0
26
0
19
0
35
0
17
0
17
0
14
0
15
0
21
0
20
0
17
0
8
0
16
0
26
0
10
0
28
0
62
0
49
0
12
0
9
0
23
0
13
0
13
0
14
0
15
0
16
0
2
0
20
0
11
0
13
0
13
0
16
0
14
0
25
0
24
0
21
0
13
0
14
0
18
0
28
0
30
0
14
0
18
0
33
0
16
0
21
0
11
0
13
0
4
0
15
0
28
0
41
0
19
0
33
0
23
0
20
0
35
0
17
0
18
0
16
0
33
0
28
0
20
0
18
0
38
0
12
0
19
0
18
0
26
0
37
0
28
0
16
0
16
0
32
0
9
0
30
0
10
0
25
0
29
0
14
0
11
0
3
0
18
0
18
0
27
0
19
0
22
0
27
0
15
0
32
0
10
0
14
0
21
0
28
0
20
0
26
0
34
0
14
0
14
0
11
0
5
0
16
0
55
0
15
0
18
0
20
0
36
0
22
0
28
0
22
0
25
0
15
0
3
0
28
0
15
0
18
0
25
0
13
0
12
0
19
0
13
0
17
0
10
0
17
0
19
0
19
0
10
0
23
0
18
0
22
0
10
0
26
0
27
0
26
0
9
0
34
0
13
0
13
0
34
0
22
0
34
0
2
0
25
0
13
0
49
0
38
0
20
0
26
0
21
0
28
0
24
0
9
0
25
0
26
0
18
0
16
0
24
0
9
0
19
0
22
0
10
0
6
0
32
0
23
0
2
0
31
0
16
0
19
0
24
0
24
0
17
0
42
0
6
0
19
0
28
0
36
0
19
0
6
0
22
0
12
0
22
0
28
0
28
0
26
0
19
0
8
0
23
0
14
0
17
0
24
0
27
0
2
0
16
0
10
0
26
0
21
0
16
0
17
0
19
0
21
0
20
0
20
0
29
0
16
0
6
0
6
0
13
0
11
0
29
0
11
0
0
0
12
0
37
0
37
0
26
0
21
0
41
0
28
0
19
0
20
0
24
0
3
0
17
0
6
0
12
0
24
0
11
0
19
0
0
0
24
0
22
0
16
0
14
0
26
0
29
0
8
0
15
0
20
0
24
0
34
0
12
0
20
0
19
0
21
0
15
0
17
0
32
0
26
0
10
0
22
0
18
0
17
0
8
0
21
0
9
0
27
0
28
0
22
0
11
0
14
0
32
0
14
0
10
0
25
0
38
0
25
0
34
0
26
0
34
0
21
0
20
0
12
0
20
0
17
0
16
0
29
0
19
0
22
0
26
0
19
0
16
0
32
0
22
0
41
0
47
0
9
0
35
0
7
0
29
0
19
0
8
0
13
0
11
0
22
0
37
0
13
0
19
0
24
0
16
0
29
0
17
0
26
0
20
0
58
0
14
0
38
0
24
0
23
0
30
0
0
0
28
0
20
0
25
0
11
0
15
0
9
0
24
0
15
0
24
0
17
0
14
0
31
0
24
0
8
0
22
0
26
0
27
0
28
0
12
0
51
0
15
0
32
0
23
0
19
0
34
0
9
0
17
0
19
0
23
0
21
0
17
0
27
0
5
0
26
0
22
0
0
0
18
0
32
0
12
0
5
0
8
0
21
0
53
0
23
0
14
0
15
0
20
0
