0
48
0
44
0
63
0
21
0
48
0
61
0
72
0
23
0
41
0
49
0
68
0
67
0
71
0
66
0
23
0
29
0
36
0
38
0
36
0
65
0
27
0
65
0
115
0
35
0
36
0
90
0
41
0
55
0
58
0
83
0
47
0
32
0
30
0
44
0
40
0
57
0
71
0
31
0
40
0
58
0
71
0
69
0
32
0
56
0
35
0
41
0
53
0
53
0
60
0
82
0
38
0
42
0
42
0
56
0
62
0
48
0
47
0
52
0
74
0
48
0
55
0
59
0
64
0
60
0
77
0
66
0
89
0
38
0
52
0
44
0
50
0
26
0
41
0
26
0
53
0
37
0
75
0
6
0
50
0
41
0
55
0
56
0
45
0
46
0
31
0
56
0
72
0
56
0
60
0
41
0
42
0
71
0
68
0
48
0
69
0
53
0
53
0
64
0
56
0
88
0
45
0
55
0
78
0
30
0
52
0
44
0
22
0
65
0
37
0
54
0
50
0
48
0
59
0
77
0
62
0
49
0
45
0
48
0
68
0
58
0
88
0
41
0
58
0
48
0
37
0
25
0
71
0
45
0
48
0
66
0
74
0
43
0
40
0
60
0
53
0
69
0
38
0
46
0
35
0
38
0
34
0
76
0
52
0
23
0
13
0
37
0
88
0
81
0
68
0
77
0
35
0
37
0
61
0
43
0
45
0
63
0
30
0
34
0
57
0
53
0
69
0
30
0
52
0
56
0
44
0
32
0
54
0
74
0
53
0
94
0
43
0
60
0
39
0
84
0
48
0
23
0
41
0
66
0
41
0
58
0
53
0
35
0
68
0
48
0
35
0
55
0
51
0
42
0
48
0
50
0
57
0
29
0
31
0
34
0
48
0
50
0
50
0
86
0
53
0
40
0
39
0
35
0
65
0
85
0
29
0
72
0
67
0
52
0
48
0
54
0
44
0
54
0
44
0
47
0
52
0
37
0
21
0
42
0
54
0
60
0
58
0
61
0
72
0
33
0
68
0
92
0
46
0
61
0
54
0
37
0
34
0
57
0
97
0
58
0
44
0
61
0
50
0
56
0
87
0
64
0
43
0
21
0
47
0
56
0
73
0
60
0
51
0
33
0
37
0
69
0
48
0
51
0
35
0
65
0
33
0
51
0
59
0
68
0
54
0
53
0
110
0
45
0
56
0
64
0
64
0
69
0
44
0
46
0
31
0
50
0
72
0
49
0
27
0
46
0
36
0
55
0
47
0
49
0
39
0
67
0
61
0
43
0
88
0
47
0
43
0
36
0
45
0
56
0
39
0
43
0
115
0
52
0
47
0
53
0
29
0
41
0
64
0
29
0
38
0
43
0
31
0
52
0
52
0
55
0
45
0
64
0
39
0
56
0
58
0
49
0
112
0
41
0
57
0
70
0
54
0
65
0
53
0
51
0
29
0
39
0
42
0
22
0
54
0
61
0
39
0
39
0
50
0
71
0
33
0
27
0
65
0
47
0
78
0
46
0
54
0
57
0
57
0
60
0
48
0
38
0
54
0
50
0
69
0
49
0
44
0
76
0
40
0
33
0
41
0
44
0
49
0
29
0
51
0
96
0
58
0
39
0
28
0
58
0
67
0
55
0
35
0
30
0
40
0
60
0
61
0
63
0
48
0
59
0
68
0
60
0
76
0
57
0
22
0
52
0
64
0
21
0
70
0
76
0
41
0
78
0
30
0
31
0
75
0
62
0
32
0
54
0
72
0
45
0
61
0
68
0
42
0
65
0
77
0
42
0
52
0
62
0
70
0
33
0
61
0
33
0
35
0
42
0
81
0
58
0
48
0
40
0
33
0
53
0
24
0
65
0
54
0
36
0
50
0
36
0
31
0
66
0
52
0
48
0
49
0
40
0
43
0
48
0
87
0
49
0
43
0
50
0
19
0
66
0
55
0
65
0
17
0
58
0
48
0
85
0
66
0
79
0
32
0
54
0
67
0
51
0
45
0
37
0
61
0
48
0
48
0
30
0
45
0
104
0
27
0
85
0
25
0
54
0
54
0
47
0
54
0
65
0
61
0
50
0
53
0
54
0
39
0
90
0
58
0
54
0
42
0
27
0
54
0
55
0
55
0
38
0
48
0
40
0
46
0
31
0
55
0
48
0
64
0
35
0
45
0
64
0
63
0
53
0
54
0
120
0
27
0
50
0
51
0
43
0
90
0
50
0
53
0
92
0
50
0
54
0
58
0
58
0
52
0
45
0
50
0
51
0
