0
24
0
17
0
23
0
19
0
22
0
35
0
9
0
27
0
0
0
25
0
26
0
20
0
24
0
23
0
10
0
21
0
5
0
16
0
18
0
21
0
14
0
12
0
19
0
26
0
8
0
13
0
26
0
27
0
2
0
22
0
23
0
22
0
16
0
19
0
11
0
12
0
9
0
18
0
11
0
30
0
27
0
22
0
10
0
33
0
39
0
26
0
25
0
13
0
24
0
27
0
25
0
10
0
18
0
7
0
17
0
24
0
24
0
22
0
17
0
31
0
23
0
15
0
18
0
22
0
20
0
31
0
23
0
13
0
25
0
11
0
26
0
23
0
21
0
27
0
21
0
12
0
24
0
34
0
34
0
28
0
11
0
18
0
17
0
27
0
16
0
31
0
20
0
8
0
21
0
9
0
23
0
38
0
19
0
29
0
11
0
7
0
42
0
31
0
26
0
28
0
21
0
24
0
10
0
20
0
18
0
26
0
24
0
45
0
23
0
13
0
5
0
16
0
32
0
46
0
15
0
45
0
25
0
9
0
10
0
34
0
22
0
16
0
26
0
28
0
10
0
25
0
19
0
14
0
8
0
19
0
34
0
13
0
13
0
21
0
20
0
43
0
35
0
24
0
29
0
18
0
13
0
30
0
29
0
19
0
9
0
13
0
18
0
20
0
21
0
28
0
11
0
23
0
3
0
30
0
11
0
10
0
13
0
24
0
16
0
18
0
20
0
28
0
19
0
15
0
16
0
19
0
24
0
20
0
15
0
16
0
18
0
17
0
13
0
18
0
33
0
29
0
14
0
15
0
17
0
21
0
7
0
17
0
10
0
18
0
15
0
5
0
22
0
18
0
14
0
34
0
26
0
32
0
39
0
22
0
14
0
18
0
29
0
32
0
13
0
13
0
40
0
16
0
4
0
28
0
33
0
28
0
21
0
17
0
3
0
40
0
33
0
42
0
23
0
13
0
26
0
11
0
18
0
11
0
46
0
20
0
10
0
0
0
39
0
16
0
38
0
35
0
19
0
26
0
17
0
16
0
2
0
18
0
14
0
11
0
9
0
37
0
42
0
14
0
18
0
3
0
16
0
22
0
22
0
10
0
17
0
19
0
22
0
27
0
10
0
23
0
34
0
19
0
25
0
26
0
19
0
30
0
21
0
12
0
18
0
26
0
10
0
20
0
14
0
24
0
46
0
24
0
14
0
25
0
21
0
23
0
9
0
34
0
21
0
34
0
34
0
9
0
27
0
11
0
38
0
14
0
21
0
29
0
30
0
15
0
31
0
59
0
16
0
24
0
16
0
29
0
20
0
15
0
15
0
14
0
10
0
29
0
17
0
15
0
26
0
15
0
15
0
25
0
13
0
12
0
29
0
22
0
25
0
36
0
21
0
21
0
35
0
18
0
17
0
23
0
12
0
17
0
6
0
9
0
10
0
14
0
8
0
13
0
28
0
27
0
16
0
8
0
14
0
25
0
13
0
20
0
5
0
33
0
28
0
14
0
26
0
11
0
26
0
12
0
3
0
34
0
24
0
6
0
27
0
27
0
23
0
40
0
40
0
23
0
20
0
28
0
18
0
29
0
22
0
31
0
16
0
27
0
22
0
20
0
17
0
25
0
16
0
11
0
46
0
22
0
24
0
22
0
19
0
14
0
18
0
15
0
6
0
16
0
33
0
26
0
19
0
28
0
24
0
20
0
17
0
31
0
22
0
29
0
9
0
10
0
22
0
16
0
28
0
24
0
23
0
23
0
26
0
19
0
7
0
22
0
43
0
17
0
12
0
41
0
26
0
19
0
28
0
11
0
43
0
17
0
22
0
21
0
28
0
15
0
26
0
13
0
40
0
26
0
9
0
27
0
15
0
30
0
23
0
20
0
20
0
19
0
36
0
15
0
16
0
18
0
19
0
18
0
20
0
17
0
20
0
20
0
21
0
20
0
34
0
6
0
22
0
19
0
10
0
29
0
5
0
19
0
22
0
16
0
18
0
16
0
23
0
29
0
24
0
16
0
18
0
28
0
36
0
12
0
30
0
22
0
16
0
22
0
20
0
44
0
16
0
30
0
12
0
16
0
8
0
30
0
17
0
9
0
16
0
18
0
26
0
22
0
13
0
15
0
9
0
20
0
24
0
26
0
12
0
27
0
7
0
16
0
36
0
20
0
23
0
178
0
30
0
31
0
20
0
19
0
20
0
11
0
26
0
27
0
21
0
19
0
24
0
23
0
15
0
26
0
29
0
27
0
