0
21
0
31
0
21
0
44
0
23
0
13
0
28
0
18
0
25
0
22
0
15
0
26
0
26
0
27
0
15
0
17
0
16
0
20
0
60
0
33
0
7
0
27
0
10
0
34
0
29
0
15
0
16
0
30
0
19
0
9
0
10
0
37
0
28
0
46
0
40
0
18
0
7
0
10
0
26
0
28
0
25
0
23
0
11
0
31
0
19
0
21
0
17
0
9
0
18
0
9
0
12
0
20
0
26
0
8
0
31
0
17
0
40
0
15
0
23
0
44
0
26
0
22
0
30
0
21
0
15
0
24
0
22
0
19
0
30
0
23
0
21
0
31
0
25
0
13
0
14
0
19
0
27
0
13
0
20
0
41
0
10
0
32
0
9
0
24
0
15
0
37
0
41
0
36
0
16
0
4
0
19
0
16
0
13
0
23
0
17
0
8
0
12
0
55
0
12
0
3
0
14
0
11
0
12
0
11
0
30
0
56
0
21
0
26
0
10
0
32
0
14
0
26
0
29
0
12
0
27
0
33
0
15
0
9
0
22
0
27
0
12
0
15
0
21
0
15
0
20
0
19
0
11
0
48
0
18
0
19
0
21
0
3
0
8
0
21
0
26
0
23
0
36
0
22
0
28
0
8
0
30
0
19
0
9
0
10
0
20
0
21
0
16
0
24
0
18
0
17
0
29
0
16
0
8
0
17
0
29
0
14
0
0
0
36
0
3
0
20
0
12
0
12
0
34
0
6
0
17
0
28
0
13
0
17
0
26
0
22
0
24
0
14
0
11
0
18
0
7
0
29
0
24
0
12
0
38
0
16
0
9
0
16
0
28
0
33
0
16
0
15
0
31
0
12
0
18
0
37
0
12
0
25
0
16
0
22
0
20
0
16
0
33
0
25
0
30
0
24
0
26
0
32
0
20
0
14
0
22
0
20
0
19
0
13
0
42
0
16
0
19
0
8
0
7
0
6
0
17
0
33
0
18
0
36
0
18
0
22
0
14
0
30
0
18
0
38
0
21
0
27
0
10
0
32
0
38
0
16
0
30
0
16
0
24
0
22
0
31
0
33
0
3
0
6
0
46
0
11
0
31
0
24
0
24
0
13
0
24
0
24
0
24
0
26
0
14
0
10
0
30
0
15
0
13
0
27
0
4
0
12
0
32
0
9
0
19
0
27
0
20
0
43
0
21
0
12
0
27
0
22
0
24
0
11
0
19
0
32
0
23
0
14
0
7
0
26
0
2
0
23
0
13
0
16
0
16
0
10
0
29
0
30
0
19
0
21
0
14
0
26
0
0
0
10
0
11
0
19
0
22
0
0
0
31
0
15
0
14
0
12
0
11
0
22
0
42
0
31
0
21
0
18
0
18
0
13
0
16
0
7
0
27
0
10
0
5
0
52
0
14
0
48
0
24
0
12
0
8
0
30
0
14
0
20
0
32
0
20
0
27
0
21
0
18
0
4
0
12
0
29
0
17
0
12
0
23
0
22
0
30
0
25
0
25
0
25
0
27
0
30
0
17
0
38
0
24
0
23
0
11
0
15
0
21
0
47
0
21
0
10
0
7
0
27
0
10
0
19
0
28
0
17
0
17
0
42
0
12
0
12
0
33
0
24
0
24
0
15
0
13
0
35
0
31
0
10
0
15
0
17
0
26
0
22
0
32
0
32
0
16
0
27
0
28
0
26
0
11
0
23
0
0
0
25
0
47
0
7
0
15
0
28
0
21
0
15
0
10
0
14
0
4
0
28
0
21
0
22
0
31
0
16
0
23
0
28
0
11
0
34
0
15
0
13
0
28
0
18
0
18
0
18
0
37
0
15
0
33
0
12
0
6
0
26
0
24
0
21
0
10
0
21
0
39
0
26
0
48
0
31
0
11
0
8
0
32
0
25
0
19
0
26
0
12
0
29
0
24
0
5
0
33
0
31
0
20
0
19
0
16
0
10
0
21
0
19
0
23
0
30
0
0
0
13
0
22
0
18
0
21
0
17
0
25
0
10
0
36
0
20
0
17
0
13
0
22
0
16
0
29
0
27
0
26
0
6
0
20
0
11
0
23
0
18
0
32
0
16
0
12
0
20
0
18
0
17
0
24
0
23
0
11
0
28
0
25
0
33
0
24
0
16
0
27
0
29
0
22
0
15
0
27
0
22
0
14
0
15
0
29
0
17
0
0
0
26
0
9
0
24
0
26
0
18
0
12
0
13
0
10
0
38
0
17
0
30
0
19
0
14
0
22
0
28
0
18
0
16
0
