0
49
0
67
0
49
0
48
0
50
0
60
0
51
0
64
0
50
0
57
0
63
0
56
0
43
0
54
0
55
0
58
0
52
0
47
0
46
0
50
0
48
0
72
0
50
0
50
0
58
0
45
0
43
0
62
0
41
0
46
0
35
0
57
0
54
0
57
0
54
0
38
0
59
0
71
0
54
0
56
0
42
0
55
0
43
0
52
0
57
0
42
0
53
0
50
0
53
0
47
0
49
0
61
0
55
0
48
0
51
0
44
0
61
0
51
0
32
0
67
0
56
0
71
0
43
0
50
0
42
0
54
0
59
0
58
0
51
0
46
0
48
0
65
0
64
0
74
0
55
0
53
0
73
0
32
0
55
0
53
0
63
0
65
0
70
0
54
0
53
0
55
0
58
0
45
0
62
0
39
0
58
0
39
0
49
0
49
0
51
0
37
0
27
0
42
0
56
0
43
0
67
0
58
0
60
0
49
0
58
0
46
0
46
0
44
0
68
0
61
0
48
0
46
0
56
0
41
0
58
0
57
0
46
0
50
0
39
0
61
0
51
0
47
0
41
0
58
0
44
0
58
0
61
0
71
0
35
0
48
0
63
0
44
0
55
0
60
0
50
0
49
0
49
0
50
0
39
0
53
0
36
0
59
0
44
0
57
0
36
0
51
0
49
0
62
0
50
0
52
0
40
0
51
0
37
0
63
0
58
0
36
0
54
0
55
0
58
0
52
0
46
0
41
0
58
0
44
0
74
0
42
0
72
0
40
0
59
0
51
0
57
0
60
0
59
0
63
0
55
0
49
0
63
0
48
0
49
0
55
0
59
0
40
0
38
0
51
0
64
0
52
0
42
0
45
0
49
0
45
0
69
0
51
0
38
0
57
0
50
0
43
0
48
0
51
0
65
0
72
0
58
0
60
0
52
0
46
0
59
0
42
0
72
0
38
0
52
0
52
0
44
0
33
0
43
0
53
0
66
0
50
0
46
0
56
0
53
0
44
0
54
0
63
0
50
0
60
0
47
0
49
0
53
0
51
0
55
0
48
0
54
0
56
0
62
0
58
0
38
0
55
0
59
0
80
0
51
0
67
0
57
0
43
0
44
0
43
0
52
0
61
0
83
0
43
0
76
0
45
0
41
0
40
0
48
0
63
0
45
0
46
0
55
0
65
0
56
0
60
0
69
0
47
0
49
0
46
0
56
0
61
0
48
0
42
0
48
0
58
0
48
0
50
0
66
0
57
0
43
0
69
0
49
0
49
0
57
0
48
0
53
0
37
0
54
0
47
0
44
0
58
0
65
0
50
0
42
0
75
0
82
0
49
0
57
0
68
0
53
0
48
0
41
0
91
0
53
0
47
0
44
0
71
0
40
0
40
0
56
0
52
0
62
0
86
0
55
0
47
0
58
0
62
0
43
0
76
0
63
0
49
0
48
0
47
0
42
0
53
0
48
0
44
0
45
0
49
0
53
0
56
0
71
0
54
0
45
0
58
0
49
0
44
0
41
0
66
0
72
0
52
0
59
0
57
0
64
0
58
0
57
0
59
0
59
0
43
0
39
0
44
0
48
0
55
0
65
0
44
0
62
0
66
0
69
0
39
0
45
0
53
0
62
0
53
0
52
0
39
0
39
0
45
0
69
0
55
0
57
0
48
0
43
0
56
0
62
0
46
0
45
0
52
0
65
0
35
0
48
0
50
0
76
0
61
0
39
0
36
0
58
0
64
0
50
0
50
0
48
0
53
0
42
0
57
0
39
0
45
0
48
0
49
0
52
0
36
0
50
0
53
0
57
0
51
0
65
0
54
0
42
0
66
0
56
0
65
0
43
0
52
0
65
0
65
0
66
0
44
0
58
0
66
0
50
0
61
0
37
0
58
0
49
0
54
0
74
0
38
0
58
0
40
0
39
0
37
0
41
0
58
0
48
0
60
0
47
0
41
0
61
0
48
0
44
0
50
0
68
0
33
0
59
0
44
0
47
0
44
0
51
0
55
0
53
0
58
0
55
0
67
0
41
0
57
0
47
0
45
0
69
0
51
0
70
0
63
0
61
0
53
0
49
0
41
0
63
0
49
0
46
0
52
0
51
0
57
0
58
0
61
0
51
0
46
0
62
0
48
0
48
0
51
0
70
0
55
0
73
0
47
0
56
0
45
0
54
0
48
0
64
0
48
0
224
0
57
0
63
0
63
0
33
0
49
0
48
0
50
0
72
0
43
0
56
0
65
0
46
0
61
0
39
0
48
0
58
0
57
0
