0
64
0
91
0
62
0
36
0
56
0
60
0
51
0
54
0
45
0
49
0
56
0
40
0
71
0
48
0
58
0
59
0
43
0
39
0
43
0
47
0
49
0
56
0
51
0
49
0
63
0
54
0
57
0
57
0
58
0
43
0
57
0
66
0
39
0
53
0
51
0
54
0
60
0
44
0
63
0
57
0
25
0
41
0
33
0
51
0
39
0
45
0
52
0
48
0
34
0
59
0
47
0
72
0
41
0
41
0
47
0
46
0
46
0
46
0
58
0
58
0
56
0
45
0
40
0
59
0
52
0
39
0
49
0
59
0
56
0
36
0
54
0
59
0
45
0
51
0
85
0
65
0
41
0
51
0
49
0
51
0
56
0
43
0
66
0
58
0
44
0
62
0
64
0
42
0
56
0
52
0
47
0
39
0
48
0
50
0
59
0
50
0
46
0
49
0
62
0
65
0
47
0
56
0
71
0
52
0
62
0
47
0
59
0
45
0
65
0
47
0
57
0
48
0
57
0
63
0
77
0
42
0
35
0
54
0
38
0
37
0
61
0
48
0
51
0
54
0
61
0
57
0
52
0
37
0
66
0
41
0
40
0
56
0
71
0
64
0
66
0
50
0
55
0
45
0
45
0
48
0
49
0
43
0
60
0
60
0
64
0
52
0
43
0
63
0
68
0
64
0
59
0
55
0
83
0
61
0
48
0
65
0
60
0
64
0
50
0
60
0
61
0
66
0
54
0
72
0
60
0
49
0
50
0
49
0
73
0
46
0
45
0
53
0
56
0
53
0
48
0
53
0
50
0
62
0
47
0
41
0
68
0
62
0
53
0
42
0
41
0
64
0
39
0
83
0
40
0
56
0
73
0
39
0
67
0
36
0
51
0
61
0
70
0
44
0
50
0
53
0
60
0
52
0
46
0
44
0
38
0
58
0
48
0
54
0
45
0
49
0
52
0
58
0
54
0
41
0
60
0
63
0
48
0
63
0
53
0
51
0
50
0
60
0
61
0
51
0
52
0
55
0
45
0
60
0
33
0
46
0
73
0
43
0
62
0
37
0
51
0
53
0
65
0
55
0
52
0
39
0
37
0
38
0
57
0
60
0
37
0
49
0
36
0
42
0
80
0
58
0
65
0
59
0
65
0
55
0
53
0
60
0
69
0
59
0
52
0
68
0
25
0
39
0
60
0
59
0
46
0
52
0
50
0
57
0
37
0
63
0
54
0
59
0
60
0
72
0
56
0
56
0
42
0
40
0
43
0
68
0
54
0
55
0
48
0
51
0
52
0
63
0
43
0
57
0
67
0
47
0
66
0
48
0
38
0
56
0
82
0
54
0
35
0
70
0
43
0
74
0
72
0
41
0
56
0
46
0
68
0
57
0
62
0
50
0
42
0
52
0
41
0
44
0
54
0
62
0
62
0
54
0
40
0
45
0
63
0
46
0
53
0
44
0
37
0
46
0
32
0
46
0
42
0
41
0
78
0
53
0
43
0
51
0
41
0
66
0
73
0
51
0
54
0
48
0
49
0
46
0
34
0
54
0
59
0
72
0
42
0
40
0
49
0
82
0
56
0
53
0
43
0
56
0
56
0
58
0
50
0
45
0
73
0
50
0
66
0
67
0
43
0
52
0
56
0
49
0
48
0
46
0
68
0
27
0
40
0
38
0
68
0
51
0
60
0
61
0
68
0
52
0
46
0
67
0
46
0
68
0
53
0
43
0
40
0
36
0
48
0
53
0
51
0
49
0
52
0
72
0
42
0
56
0
50
0
50
0
57
0
76
0
42
0
45
0
55
0
51
0
63
0
44
0
52
0
54
0
53
0
60
0
42
0
46
0
56
0
68
0
58
0
62
0
48
0
52
0
66
0
70
0
42
0
58
0
39
0
78
0
71
0
32
0
78
0
71
0
41
0
53
0
50
0
49
0
66
0
36
0
74
0
46
0
86
0
37
0
61
0
35
0
43
0
57
0
82
0
50
0
58
0
39
0
72
0
47
0
46
0
64
0
58
0
81
0
54
0
53
0
77
0
58
0
61
0
46
0
45
0
46
0
56
0
34
0
66
0
50
0
55
0
53
0
40
0
43
0
43
0
36
0
58
0
51
0
46
0
57
0
48
0
49
0
58
0
45
0
62
0
58
0
73
0
69
0
50
0
52
0
30
0
66
0
137
0
68
0
53
0
41
0
51
0
66
0
61
0
54
0
51
0
55
0
53
0
31
0
53
0
52
0
51
0
61
0
65
0
48
0
