0
65
0
41
0
38
0
40
0
54
0
41
0
44
0
32
0
51
0
54
0
45
0
50
0
50
0
50
0
56
0
50
0
27
0
27
0
53
0
42
0
60
0
39
0
48
0
49
0
40
0
48
0
71
0
54
0
62
0
51
0
87
0
52
0
50
0
47
0
81
0
66
0
47
0
36
0
48
0
40
0
35
0
45
0
15
0
42
0
34
0
34
0
82
0
55
0
27
0
22
0
100
0
103
0
56
0
33
0
63
0
60
0
44
0
30
0
36
0
21
0
76
0
86
0
75
0
49
0
94
0
39
0
47
0
37
0
29
0
47
0
32
0
43
0
46
0
47
0
72
0
72
0
60
0
58
0
52
0
51
0
62
0
74
0
40
0
29
0
52
0
53
0
60
0
37
0
39
0
45
0
57
0
55
0
51
0
54
0
74
0
80
0
46
0
35
0
39
0
81
0
85
0
58
0
29
0
31
0
68
0
65
0
70
0
67
0
45
0
75
0
29
0
39
0
70
0
56
0
41
0
27
0
41
0
43
0
43
0
24
0
28
0
42
0
49
0
39
0
51
0
43
0
45
0
34
0
46
0
103
0
51
0
84
0
50
0
40
0
42
0
40
0
69
0
36
0
56
0
37
0
80
0
66
0
52
0
32
0
40
0
58
0
43
0
69
0
41
0
29
0
37
0
61
0
58
0
54
0
42
0
54
0
48
0
55
0
49
0
52
0
33
0
37
0
50
0
69
0
41
0
29
0
75
0
50
0
59
0
38
0
54
0
40
0
66
0
26
0
50
0
60
0
40
0
53
0
40
0
45
0
30
0
86
0
42
0
44
0
61
0
45
0
64
0
39
0
56
0
70
0
52
0
56
0
33
0
74
0
39
0
33
0
19
0
50
0
30
0
41
0
37
0
43
0
49
0
80
0
57
0
41
0
50
0
36
0
22
0
54
0
88
0
33
0
46
0
48
0
52
0
51
0
65
0
50
0
72
0
48
0
85
0
37
0
43
0
33
0
48
0
53
0
24
0
61
0
48
0
79
0
59
0
33
0
45
0
67
0
88
0
58
0
24
0
56
0
46
0
35
0
27
0
27
0
29
0
38
0
50
0
45
0
39
0
55
0
66
0
51
0
41
0
59
0
80
0
52
0
48
0
41
0
46
0
42
0
56
0
44
0
52
0
49
0
38
0
46
0
53
0
63
0
69
0
36
0
43
0
71
0
33
0
39
0
30
0
59
0
70
0
49
0
47
0
47
0
41
0
57
0
60
0
33
0
46
0
41
0
19
0
30
0
46
0
43
0
36
0
48
0
44
0
62
0
20
0
42
0
88
0
48
0
41
0
33
0
8
0
37
0
40
0
20
0
68
0
38
0
34
0
77
0
50
0
50
0
58
0
36
0
74
0
30
0
60
0
66
0
91
0
89
0
66
0
58
0
40
0
55
0
81
0
56
0
85
0
36
0
55
0
53
0
52
0
52
0
83
0
19
0
44
0
38
0
62
0
63
0
33
0
62
0
46
0
36
0
43
0
41
0
47
0
64
0
52
0
60
0
56
0
41
0
55
0
65
0
56
0
78
0
81
0
55
0
88
0
60
0
29
0
45
0
34
0
43
0
90
0
78
0
63
0
50
0
29
0
34
0
39
0
47
0
40
0
60
0
41
0
58
0
46
0
51
0
42
0
59
0
86
0
36
0
53
0
57
0
68
0
48
0
33
0
58
0
41
0
88
0
48
0
50
0
33
0
73
0
53
0
35
0
70
0
65
0
56
0
53
0
38
0
55
0
43
0
72
0
61
0
53
0
45
0
80
0
71
0
41
0
26
0
28
0
37
0
81
0
23
0
74
0
29
0
50
0
59
0
31
0
33
0
39
0
42
0
42
0
61
0
36
0
89
0
76
0
66
0
45
0
39
0
98
0
40
0
56
0
58
0
64
0
56
0
55
0
60
0
34
0
49
0
40
0
45
0
49
0
54
0
48
0
56
0
62
0
55
0
32
0
40
0
62
0
36
0
65
0
55
0
32
0
53
0
73
0
68
0
52
0
71
0
56
0
34
0
48
0
27
0
34
0
67
0
67
0
41
0
43
0
72
0
38
0
24
0
62
0
62
0
53
0
77
0
65
0
79
0
52
0
39
0
64
0
38
0
32
0
35
0
57
0
25
0
70
0
194
0
49
0
41
0
53
0
38
0
60
0
65
0
39
0
9
0
30
0
34
0
55
0
49
0
68
0
60
0
50
0
70
0
32
0
