0
52
0
45
0
48
0
62
0
60
0
41
0
44
0
79
0
33
0
73
0
49
0
84
0
71
0
80
0
46
0
42
0
43
0
37
0
45
0
46
0
49
0
59
0
62
0
75
0
28
0
62
0
39
0
44
0
42
0
47
0
51
0
51
0
44
0
44
0
51
0
63
0
76
0
36
0
22
0
22
0
59
0
74
0
42
0
39
0
41
0
34
0
63
0
48
0
71
0
69
0
46
0
71
0
37
0
80
0
75
0
67
0
33
0
50
0
62
0
34
0
51
0
62
0
64
0
57
0
35
0
99
0
50
0
54
0
20
0
49
0
38
0
35
0
58
0
49
0
72
0
69
0
52
0
58
0
58
0
31
0
44
0
51
0
45
0
61
0
77
0
50
0
90
0
58
0
44
0
26
0
55
0
76
0
78
0
46
0
45
0
62
0
39
0
51
0
82
0
43
0
61
0
44
0
70
0
90
0
51
0
39
0
56
0
41
0
25
0
38
0
45
0
40
0
17
0
47
0
45
0
36
0
33
0
65
0
49
0
45
0
85
0
113
0
60
0
58
0
30
0
25
0
35
0
52
0
42
0
52
0
63
0
59
0
46
0
58
0
43
0
73
0
47
0
14
0
16
0
52
0
41
0
53
0
40
0
33
0
14
0
60
0
73
0
58
0
60
0
70
0
79
0
46
0
38
0
66
0
26
0
77
0
36
0
43
0
30
0
37
0
61
0
38
0
41
0
52
0
59
0
30
0
43
0
38
0
59
0
73
0
39
0
34
0
40
0
44
0
71
0
36
0
57
0
51
0
56
0
62
0
34
0
80
0
44
0
38
0
77
0
55
0
57
0
42
0
97
0
67
0
53
0
26
0
73
0
55
0
83
0
76
0
32
0
50
0
45
0
38
0
25
0
37
0
29
0
46
0
25
0
44
0
74
0
38
0
72
0
70
0
37
0
18
0
54
0
62
0
26
0
51
0
49
0
68
0
41
0
32
0
43
0
20
0
57
0
36
0
60
0
32
0
58
0
79
0
43
0
50
0
68
0
67
0
56
0
45
0
52
0
62
0
65
0
51
0
39
0
40
0
30
0
43
0
59
0
29
0
66
0
43
0
60
0
42
0
46
0
32
0
42
0
69
0
56
0
54
0
44
0
59
0
78
0
74
0
37
0
60
0
69
0
37
0
71
0
39
0
41
0
89
0
66
0
39
0
43
0
61
0
38
0
40
0
62
0
48
0
76
0
49
0
85
0
59
0
54
0
60
0
39
0
53
0
65
0
47
0
60
0
42
0
52
0
67
0
48
0
68
0
45
0
50
0
51
0
47
0
81
0
59
0
53
0
66
0
39
0
54
0
75
0
44
0
49
0
72
0
38
0
37
0
63
0
64
0
68
0
56
0
57
0
35
0
31
0
44
0
34
0
37
0
55
0
30
0
44
0
52
0
46
0
46
0
40
0
43
0
46
0
30
0
51
0
57
0
37
0
69
0
24
0
42
0
51
0
46
0
43
0
45
0
31
0
79
0
32
0
32
0
33
0
69
0
44
0
49
0
45
0
68
0
69
0
71
0
50
0
48
0
33
0
74
0
40
0
54
0
39
0
29
0
46
0
75
0
49
0
17
0
43
0
64
0
42
0
52
0
76
0
50
0
66
0
53
0
41
0
34
0
68
0
51
0
59
0
64
0
73
0
56
0
31
0
91
0
45
0
27
0
73
0
46
0
57
0
49
0
55
0
39
0
16
0
27
0
63
0
49
0
41
0
41
0
35
0
54
0
38
0
30
0
51
0
57
0
33
0
25
0
46
0
32
0
60
0
54
0
58
0
29
0
65
0
81
0
40
0
51
0
80
0
60
0
68
0
47
0
31
0
24
0
44
0
56
0
71
0
69
0
55
0
66
0
71
0
35
0
56
0
57
0
70
0
52
0
66
0
67
0
47
0
56
0
57
0
91
0
50
0
37
0
43
0
33
0
49
0
52
0
58
0
41
0
34
0
29
0
54
0
58
0
43
0
96
0
54
0
31
0
48
0
58
0
75
0
51
0
51
0
48
0
36
0
62
0
74
0
71
0
50
0
51
0
54
0
46
0
50
0
57
0
60
0
39
0
35
0
11
0
37
0
45
0
49
0
77
0
63
0
44
0
34
0
42
0
47
0
40
0
53
0
39
0
32
0
28
0
66
0
51
0
47
0
51
0
45
0
77
0
49
0
62
0
44
0
49
0
46
0
69
0
58
0
48
0
76
0
70
0
