0
37
0
46
0
38
0
66
0
39
0
86
0
56
0
47
0
67
0
38
0
29
0
70
0
68
0
63
0
60
0
76
0
44
0
43
0
57
0
38
0
48
0
26
0
47
0
30
0
51
0
57
0
51
0
41
0
69
0
45
0
57
0
38
0
30
0
59
0
67
0
75
0
62
0
44
0
51
0
49
0
47
0
51
0
65
0
82
0
48
0
62
0
43
0
32
0
71
0
62
0
48
0
74
0
60
0
37
0
71
0
54
0
53
0
57
0
51
0
51
0
28
0
50
0
63
0
34
0
65
0
26
0
59
0
36
0
45
0
52
0
55
0
72
0
46
0
27
0
49
0
39
0
34
0
37
0
65
0
54
0
39
0
41
0
72
0
64
0
24
0
48
0
39
0
44
0
17
0
30
0
67
0
39
0
42
0
40
0
69
0
66
0
41
0
32
0
49
0
68
0
65
0
65
0
39
0
51
0
75
0
66
0
16
0
58
0
83
0
30
0
44
0
78
0
52
0
41
0
46
0
50
0
84
0
45
0
82
0
99
0
37
0
60
0
50
0
56
0
55
0
54
0
51
0
55
0
46
0
38
0
33
0
73
0
47
0
45
0
38
0
37
0
68
0
35
0
41
0
61
0
68
0
82
0
35
0
37
0
53
0
63
0
55
0
48
0
26
0
36
0
46
0
53
0
50
0
35
0
36
0
62
0
39
0
48
0
42
0
67
0
47
0
67
0
66
0
47
0
59
0
60
0
69
0
64
0
40
0
61
0
68
0
59
0
66
0
45
0
56
0
38
0
57
0
44
0
54
0
26
0
81
0
61
0
43
0
57
0
72
0
72
0
85
0
34
0
32
0
42
0
46
0
67
0
32
0
30
0
81
0
46
0
46
0
64
0
74
0
40
0
37
0
62
0
57
0
68
0
52
0
30
0
45
0
58
0
46
0
38
0
30
0
40
0
31
0
47
0
43
0
72
0
71
0
30
0
36
0
63
0
65
0
54
0
28
0
80
0
92
0
57
0
52
0
27
0
48
0
57
0
64
0
59
0
74
0
37
0
86
0
54
0
37
0
50
0
56
0
33
0
65
0
53
0
49
0
34
0
47
0
27
0
29
0
44
0
54
0
36
0
31
0
51
0
40
0
48
0
35
0
61
0
39
0
41
0
60
0
52
0
32
0
36
0
46
0
61
0
58
0
50
0
50
0
52
0
45
0
67
0
53
0
49
0
53
0
34
0
16
0
75
0
60
0
54
0
25
0
30
0
38
0
30
0
22
0
28
0
27
0
50
0
29
0
61
0
59
0
37
0
43
0
57
0
47
0
52
0
44
0
44
0
26
0
58
0
37
0
45
0
62
0
58
0
57
0
64
0
53
0
35
0
26
0
55
0
30
0
38
0
18
0
48
0
50
0
38
0
97
0
70
0
35
0
61
0
19
0
73
0
83
0
73
0
61
0
40
0
43
0
69
0
54
0
59
0
56
0
45
0
37
0
40
0
52
0
38
0
53
0
50
0
50
0
27
0
73
0
83
0
39
0
56
0
38
0
30
0
32
0
74
0
100
0
41
0
61
0
67
0
72
0
36
0
66
0
54
0
50
0
50
0
43
0
49
0
37
0
86
0
42
0
55
0
26
0
52
0
97
0
51
0
43
0
26
0
33
0
44
0
65
0
45
0
68
0
81
0
49
0
47
0
46
0
59
0
64
0
64
0
32
0
67
0
59
0
46
0
47
0
39
0
46
0
78
0
48
0
65
0
91
0
61
0
57
0
54
0
38
0
43
0
54
0
33
0
44
0
51
0
95
0
48
0
33
0
25
0
40
0
32
0
58
0
31
0
51
0
73
0
33
0
54
0
53
0
55
0
49
0
79
0
39
0
44
0
35
0
60
0
51
0
26
0
63
0
43
0
30
0
43
0
78
0
38
0
37
0
60
0
45
0
28
0
42
0
33
0
67
0
39
0
43
0
69
0
43
0
46
0
58
0
49
0
44
0
75
0
44
0
41
0
41
0
43
0
51
0
50
0
73
0
56
0
42
0
77
0
39
0
33
0
64
0
38
0
36
0
31
0
58
0
28
0
52
0
59
0
49
0
58
0
39
0
43
0
45
0
24
0
64
0
39
0
46
0
65
0
73
0
70
0
32
0
81
0
35
0
66
0
42
0
63
0
63
0
54
0
79
0
47
0
64
0
47
0
32
0
54
0
32
0
32
0
49
0
56
0
49
0
52
0
35
0
79
0
76
0
76
0
