0
42
0
55
0
44
0
56
0
58
0
47
0
64
0
59
0
62
0
53
0
38
0
43
0
51
0
64
0
60
0
40
0
70
0
38
0
64
0
46
0
42
0
50
0
56
0
42
0
62
0
43
0
53
0
51
0
44
0
71
0
51
0
49
0
44
0
42
0
56
0
49
0
61
0
41
0
50
0
49
0
60
0
59
0
56
0
57
0
56
0
58
0
53
0
60
0
48
0
52
0
83
0
58
0
51
0
52
0
62
0
55
0
57
0
51
0
41
0
35
0
44
0
47
0
52
0
30
0
44
0
44
0
39
0
76
0
47
0
51
0
58
0
51
0
74
0
40
0
43
0
45
0
65
0
51
0
53
0
48
0
41
0
33
0
54
0
52
0
30
0
58
0
70
0
42
0
48
0
45
0
39
0
53
0
50
0
51
0
55
0
72
0
46
0
38
0
52
0
69
0
41
0
58
0
38
0
57
0
49
0
52
0
54
0
40
0
50
0
69
0
43
0
53
0
42
0
57
0
65
0
61
0
46
0
34
0
45
0
45
0
47
0
56
0
70
0
40
0
60
0
62
0
48
0
54
0
46
0
60
0
54
0
40
0
59
0
60
0
50
0
38
0
62
0
57
0
43
0
46
0
41
0
69
0
49
0
52
0
43
0
84
0
52
0
47
0
50
0
54
0
57
0
50
0
52
0
32
0
36
0
47
0
50
0
64
0
51
0
44
0
57
0
71
0
40
0
49
0
54
0
57
0
61
0
64
0
56
0
49
0
56
0
59
0
58
0
44
0
39
0
55
0
52
0
69
0
56
0
54
0
52
0
52
0
58
0
48
0
42
0
58
0
36
0
50
0
67
0
58
0
50
0
65
0
61
0
46
0
53
0
61
0
66
0
52
0
52
0
69
0
44
0
47
0
43
0
63
0
36
0
60
0
51
0
44
0
44
0
49
0
44
0
43
0
57
0
47
0
48
0
45
0
49
0
58
0
53
0
46
0
46
0
52
0
64
0
50
0
50
0
80
0
50
0
62
0
62
0
46
0
63
0
42
0
55
0
37
0
27
0
43
0
100
0
53
0
43
0
43
0
49
0
40
0
50
0
58
0
42
0
40
0
48
0
62
0
39
0
47
0
78
0
46
0
40
0
63
0
74
0
45
0
40
0
68
0
48
0
40
0
71
0
59
0
61
0
39
0
52
0
52
0
69
0
54
0
38
0
56
0
56
0
43
0
42
0
53
0
48
0
54
0
46
0
64
0
59
0
43
0
61
0
45
0
49
0
49
0
53
0
46
0
50
0
45
0
69
0
33
0
45
0
59
0
44
0
48
0
84
0
58
0
55
0
60
0
50
0
32
0
55
0
53
0
65
0
58
0
46
0
64
0
41
0
56
0
47
0
45
0
34
0
60
0
47
0
64
0
38
0
72
0
51
0
49
0
60
0
71
0
40
0
60
0
65
0
73
0
49
0
35
0
68
0
56
0
43
0
51
0
41
0
37
0
65
0
40
0
45
0
59
0
59
0
75
0
63
0
51
0
40
0
41
0
51
0
60
0
45
0
28
0
63
0
41
0
30
0
61
0
66
0
46
0
47
0
77
0
49
0
57
0
48
0
44
0
48
0
48
0
58
0
48
0
40
0
67
0
64
0
67
0
66
0
62
0
55
0
41
0
54
0
45
0
60
0
47
0
35
0
44
0
49
0
68
0
63
0
50
0
54
0
33
0
66
0
45
0
46
0
76
0
52
0
50
0
61
0
43
0
44
0
49
0
30
0
45
0
46
0
29
0
57
0
53
0
45
0
52
0
48
0
45
0
88
0
54
0
56
0
39
0
81
0
47
0
64
0
46
0
64
0
59
0
43
0
54
0
63
0
41
0
50
0
69
0
57
0
37
0
58
0
59
0
62
0
62
0
45
0
59
0
92
0
53
0
53
0
40
0
60
0
42
0
71
0
48
0
65
0
56
0
40
0
45
0
58
0
72
0
65
0
66
0
58
0
47
0
36
0
52
0
42
0
71
0
55
0
48
0
41
0
47
0
49
0
55
0
36
0
59
0
58
0
66
0
44
0
45
0
86
0
67
0
60
0
45
0
59
0
48
0
64
0
38
0
47
0
36
0
40
0
36
0
62
0
36
0
43
0
59
0
58
0
37
0
43
0
85
0
50
0
49
0
46
0
51
0
57
0
65
0
45
0
65
0
70
0
60
0
71
0
69
0
54
0
42
0
56
0
50
0
71
0
58
0
53
0
57
0
