0
10
0
9
0
6
0
37
0
11
0
34
0
9
0
20
0
19
0
8
0
15
0
14
0
8
0
31
0
38
0
29
0
19
0
26
0
18
0
39
0
21
0
18
0
6
0
25
0
1
0
14
0
11
0
23
0
17
0
15
0
13
0
20
0
28
0
21
0
14
0
46
0
18
0
21
0
7
0
15
0
20
0
21
0
10
0
14
0
30
0
33
0
15
0
8
0
26
0
22
0
17
0
18
0
23
0
16
0
27
0
24
0
42
0
14
0
11
0
16
0
46
0
28
0
31
0
15
0
21
0
12
0
34
0
40
0
12
0
2
0
26
0
17
0
24
0
19
0
19
0
18
0
26
0
9
0
23
0
22
0
22
0
34
0
28
0
22
0
21
0
29
0
11
0
32
0
7
0
22
0
19
0
14
0
13
0
16
0
39
0
17
0
29
0
26
0
16
0
20
0
22
0
20
0
18
0
26
0
27
0
20
0
31
0
6
0
26
0
14
0
11
0
18
0
36
0
24
0
32
0
16
0
40
0
11
0
35
0
31
0
8
0
18
0
30
0
22
0
23
0
22
0
22
0
44
0
6
0
19
0
23
0
38
0
39
0
26
0
46
0
22
0
16
0
44
0
29
0
23
0
24
0
15
0
14
0
30
0
6
0
31
0
19
0
28
0
13
0
11
0
17
0
12
0
12
0
30
0
32
0
21
0
38
0
28
0
26
0
9
0
15
0
4
0
36
0
21
0
27
0
14
0
26
0
17
0
11
0
17
0
13
0
24
0
5
0
21
0
12
0
8
0
13
0
32
0
30
0
16
0
14
0
20
0
23
0
19
0
43
0
25
0
12
0
24
0
18
0
19
0
11
0
35
0
7
0
23
0
2
0
15
0
8
0
15
0
35
0
11
0
21
0
47
0
20
0
13
0
14
0
20
0
42
0
10
0
28
0
21
0
38
0
23
0
19
0
27
0
13
0
14
0
11
0
29
0
33
0
42
0
30
0
35
0
12
0
22
0
33
0
33
0
22
0
13
0
10
0
16
0
16
0
18
0
8
0
11
0
20
0
21
0
32
0
26
0
19
0
21
0
6
0
19
0
13
0
17
0
22
0
15
0
25
0
28
0
12
0
14
0
16
0
24
0
13
0
11
0
21
0
13
0
21
0
16
0
21
0
13
0
10
0
30
0
15
0
16
0
44
0
37
0
32
0
34
0
18
0
12
0
23
0
30
0
23
0
8
0
25
0
13
0
11
0
11
0
26
0
16
0
9
0
1
0
19
0
26
0
13
0
13
0
31
0
24
0
24
0
22
0
18
0
24
0
18
0
15
0
10
0
15
0
15
0
17
0
28
0
14
0
14
0
19
0
8
0
14
0
31
0
17
0
15
0
18
0
12
0
40
0
1
0
23
0
33
0
20
0
36
0
20
0
29
0
15
0
42
0
11
0
15
0
38
0
14
0
27
0
39
0
27
0
17
0
21
0
18
0
14
0
18
0
38
0
8
0
43
0
7
0
31
0
10
0
30
0
5
0
18
0
8
0
13
0
16
0
18
0
32
0
26
0
22
0
18
0
22
0
17
0
24
0
11
0
8
0
21
0
12
0
15
0
26
0
13
0
15
0
29
0
19
0
9
0
6
0
39
0
21
0
16
0
28
0
12
0
15
0
30
0
18
0
24
0
12
0
9
0
18
0
36
0
14
0
19
0
20
0
9
0
37
0
26
0
9
0
40
0
12
0
6
0
36
0
29
0
30
0
8
0
13
0
6
0
2
0
13
0
36
0
32
0
27
0
12
0
27
0
6
0
21
0
31
0
6
0
8
0
21
0
29
0
11
0
20
0
32
0
24
0
10
0
20
0
26
0
21
0
25
0
19
0
11
0
16
0
30
0
9
0
29
0
24
0
21
0
10
0
17
0
20
0
30
0
15
0
25
0
21
0
31
0
44
0
12
0
18
0
12
0
9
0
25
0
27
0
17
0
28
0
35
0
19
0
16
0
32
0
18
0
33
0
10
0
33
0
29
0
20
0
14
0
13
0
19
0
24
0
32
0
22
0
24
0
32
0
21
0
21
0
24
0
4
0
24
0
25
0
5
0
21
0
21
0
33
0
20
0
43
0
41
0
26
0
25
0
11
0
17
0
8
0
12
0
9
0
11
0
6
0
30
0
11
0
18
0
43
0
25
0
24
0
30
0
10
0
20
0
25
0
16
0
29
0
38
0
8
0
11
0
24
0
22
0
13
0
10
0
36
0
