0
48
0
43
0
48
0
60
0
75
0
66
0
46
0
63
0
54
0
63
0
46
0
45
0
64
0
49
0
61
0
54
0
32
0
64
0
50
0
57
0
39
0
56
0
42
0
37
0
54
0
83
0
63
0
62
0
63
0
84
0
56
0
57
0
57
0
55
0
45
0
48
0
41
0
47
0
66
0
82
0
65
0
45
0
61
0
46
0
54
0
62
0
53
0
58
0
54
0
32
0
46
0
57
0
46
0
64
0
53
0
85
0
74
0
66
0
49
0
45
0
52
0
52
0
44
0
48
0
44
0
84
0
60
0
45
0
50
0
57
0
54
0
52
0
55
0
57
0
72
0
45
0
54
0
37
0
57
0
59
0
61
0
48
0
48
0
53
0
50
0
57
0
67
0
46
0
52
0
63
0
41
0
53
0
42
0
66
0
52
0
69
0
43
0
41
0
54
0
66
0
41
0
68
0
56
0
55
0
70
0
43
0
50
0
48
0
61
0
56
0
54
0
48
0
42
0
55
0
38
0
39
0
59
0
52
0
46
0
53
0
67
0
63
0
49
0
29
0
50
0
58
0
56
0
61
0
53
0
41
0
56
0
47
0
53
0
50
0
38
0
60
0
43
0
56
0
52
0
47
0
49
0
70
0
56
0
52
0
85
0
64
0
54
0
48
0
33
0
48
0
43
0
47
0
65
0
43
0
49
0
56
0
61
0
59
0
53
0
64
0
43
0
53
0
50
0
66
0
50
0
63
0
69
0
53
0
31
0
62
0
45
0
49
0
45
0
68
0
60
0
50
0
60
0
44
0
42
0
47
0
55
0
31
0
86
0
61
0
52
0
78
0
54
0
57
0
50
0
49
0
61
0
53
0
66
0
75
0
44
0
52
0
53
0
47
0
55
0
58
0
49
0
58
0
56
0
44
0
53
0
44
0
64
0
41
0
76
0
61
0
49
0
45
0
45
0
40
0
60
0
40
0
59
0
53
0
42
0
51
0
48
0
74
0
35
0
45
0
70
0
46
0
61
0
51
0
56
0
51
0
37
0
70
0
68
0
53
0
59
0
36
0
59
0
47
0
44
0
58
0
54
0
51
0
48
0
63
0
72
0
56
0
39
0
52
0
41
0
41
0
42
0
45
0
49
0
71
0
69
0
57
0
52
0
49
0
33
0
51
0
74
0
54
0
40
0
76
0
58
0
50
0
64
0
55
0
68
0
41
0
58
0
41
0
48
0
50
0
43
0
57
0
59
0
50
0
42
0
56
0
41
0
46
0
40
0
37
0
62
0
68
0
49
0
42
0
48
0
58
0
64
0
48
0
42
0
50
0
50
0
52
0
42
0
69
0
52
0
43
0
63
0
55
0
58
0
58
0
42
0
36
0
64
0
44
0
54
0
43
0
47
0
65
0
59
0
55
0
45
0
53
0
42
0
75
0
70
0
41
0
58
0
65
0
41
0
38
0
48
0
40
0
42
0
59
0
61
0
48
0
33
0
68
0
49
0
52
0
48
0
42
0
46
0
54
0
45
0
56
0
47
0
46
0
54
0
52
0
56
0
68
0
61
0
46
0
73
0
71
0
59
0
44
0
52
0
51
0
61
0
51
0
85
0
34
0
55
0
49
0
52
0
41
0
45
0
51
0
58
0
58
0
69
0
72
0
51
0
57
0
48
0
74
0
50
0
73
0
63
0
49
0
56
0
44
0
60
0
54
0
55
0
51
0
67
0
49
0
56
0
34
0
36
0
45
0
52
0
34
0
50
0
38
0
46
0
56
0
44
0
47
0
54
0
47
0
52
0
54
0
58
0
57
0
43
0
64
0
54
0
47
0
53
0
70
0
45
0
53
0
51
0
40
0
48
0
45
0
54
0
44
0
47
0
49
0
39
0
72
0
64
0
49
0
36
0
42
0
52
0
48
0
35
0
57
0
47
0
63
0
54
0
60
0
39
0
66
0
48
0
55
0
62
0
56
0
53
0
38
0
50
0
72
0
60
0
68
0
48
0
56
0
44
0
45
0
48
0
47
0
63
0
57
0
48
0
55
0
51
0
48
0
45
0
50
0
57
0
49
0
59
0
75
0
42
0
63
0
55
0
52
0
48
0
46
0
47
0
54
0
46
0
51
0
52
0
73
0
68
0
62
0
42
0
49
0
36
0
43
0
60
0
58
0
203
0
61
0
49
0
45
0
50
0
60
0
50
0
42
0
53
0
76
0
42
0
50
0
33
0
37
0
40
0
41
0
49
0
47
0
