0
54
0
36
0
20
0
33
0
41
0
36
0
32
0
36
0
36
0
46
0
60
0
37
0
55
0
35
0
32
0
75
0
47
0
36
0
45
0
28
0
45
0
45
0
45
0
34
0
46
0
45
0
37
0
36
0
47
0
26
0
39
0
34
0
38
0
36
0
42
0
48
0
40
0
24
0
41
0
46
0
51
0
21
0
33
0
30
0
37
0
46
0
25
0
40
0
38
0
30
0
31
0
25
0
57
0
26
0
22
0
50
0
33
0
58
0
33
0
34
0
21
0
22
0
53
0
33
0
40
0
50
0
33
0
31
0
55
0
30
0
46
0
17
0
33
0
37
0
31
0
52
0
25
0
21
0
36
0
25
0
38
0
43
0
49
0
44
0
45
0
53
0
39
0
79
0
40
0
35
0
38
0
51
0
42
0
42
0
50
0
50
0
41
0
48
0
31
0
52
0
40
0
64
0
43
0
26
0
32
0
28
0
35
0
33
0
23
0
19
0
37
0
52
0
41
0
35
0
48
0
19
0
18
0
38
0
28
0
27
0
31
0
54
0
55
0
68
0
55
0
69
0
37
0
38
0
36
0
61
0
56
0
42
0
52
0
36
0
61
0
56
0
31
0
30
0
26
0
25
0
50
0
43
0
50
0
43
0
22
0
43
0
41
0
62
0
42
0
47
0
32
0
43
0
42
0
36
0
47
0
27
0
24
0
31
0
77
0
35
0
30
0
34
0
28
0
45
0
40
0
32
0
39
0
71
0
49
0
65
0
40
0
59
0
50
0
28
0
32
0
35
0
59
0
43
0
31
0
34
0
38
0
34
0
32
0
34
0
32
0
50
0
45
0
35
0
50
0
28
0
36
0
68
0
63
0
52
0
47
0
30
0
61
0
47
0
68
0
49
0
32
0
26
0
45
0
30
0
56
0
43
0
51
0
41
0
57
0
69
0
29
0
38
0
33
0
45
0
52
0
33
0
26
0
37
0
46
0
44
0
39
0
32
0
23
0
55
0
45
0
39
0
41
0
38
0
34
0
31
0
54
0
24
0
40
0
36
0
45
0
68
0
43
0
40
0
24
0
52
0
44
0
39
0
39
0
40
0
36
0
24
0
40
0
70
0
41
0
27
0
41
0
36
0
23
0
39
0
41
0
58
0
45
0
65
0
49
0
48
0
52
0
37
0
46
0
30
0
41
0
51
0
32
0
40
0
35
0
38
0
33
0
49
0
53
0
39
0
33
0
65
0
32
0
44
0
42
0
62
0
43
0
46
0
48
0
34
0
24
0
56
0
36
0
33
0
32
0
48
0
27
0
48
0
39
0
32
0
40
0
41
0
36
0
33
0
47
0
34
0
31
0
34
0
29
0
32
0
25
0
20
0
57
0
38
0
37
0
13
0
40
0
38
0
36
0
35
0
27
0
36
0
29
0
45
0
41
0
37
0
26
0
35
0
36
0
36
0
33
0
41
0
26
0
46
0
48
0
50
0
29
0
47
0
43
0
36
0
52
0
61
0
24
0
35
0
50
0
36
0
29
0
33
0
45
0
41
0
54
0
52
0
42
0
62
0
68
0
58
0
26
0
36
0
30
0
40
0
51
0
52
0
40
0
48
0
42
0
32
0
42
0
53
0
33
0
41
0
46
0
50
0
72
0
44
0
38
0
47
0
38
0
33
0
31
0
20
0
52
0
49
0
44
0
48
0
45
0
33
0
29
0
50
0
41
0
38
0
23
0
29
0
18
0
44
0
43
0
42
0
39
0
20
0
42
0
47
0
64
0
35
0
44
0
56
0
33
0
48
0
26
0
36
0
27
0
32
0
44
0
26
0
25
0
58
0
44
0
50
0
35
0
19
0
62
0
30
0
36
0
39
0
44
0
30
0
35
0
38
0
49
0
43
0
42
0
47
0
38
0
38
0
35
0
24
0
40
0
46
0
33
0
37
0
59
0
52
0
35
0
39
0
65
0
42
0
40
0
28
0
51
0
35
0
40
0
23
0
56
0
24
0
35
0
42
0
74
0
34
0
78
0
37
0
38
0
21
0
52
0
34
0
45
0
42
0
52
0
36
0
41
0
45
0
45
0
45
0
39
0
21
0
65
0
32
0
40
0
36
0
40
0
39
0
34
0
49
0
40
0
47
0
67
0
38
0
40
0
28
0
47
0
37
0
61
0
37
0
47
0
28
0
43
0
32
0
46
0
35
0
31
0
26
0
36
0
44
0
26
0
24
0
53
0
46
0
52
0
36
0
