0
47
0
45
0
62
0
61
0
93
0
40
0
31
0
49
0
40
0
44
0
49
0
50
0
65
0
46
0
27
0
28
0
33
0
26
0
41
0
27
0
59
0
43
0
43
0
61
0
28
0
52
0
29
0
50
0
45
0
40
0
88
0
46
0
69
0
40
0
43
0
44
0
59
0
51
0
59
0
44
0
36
0
52
0
40
0
39
0
49
0
38
0
41
0
80
0
44
0
80
0
57
0
102
0
46
0
68
0
58
0
23
0
50
0
79
0
40
0
72
0
41
0
78
0
57
0
61
0
53
0
31
0
69
0
61
0
53
0
36
0
47
0
67
0
50
0
58
0
50
0
65
0
67
0
37
0
34
0
43
0
50
0
48
0
52
0
77
0
59
0
44
0
58
0
23
0
53
0
48
0
60
0
54
0
61
0
33
0
26
0
27
0
64
0
51
0
80
0
41
0
32
0
46
0
40
0
49
0
64
0
44
0
58
0
44
0
32
0
52
0
52
0
58
0
42
0
49
0
43
0
46
0
47
0
44
0
28
0
57
0
66
0
38
0
28
0
65
0
27
0
56
0
81
0
82
0
50
0
36
0
64
0
28
0
26
0
46
0
45
0
51
0
45
0
26
0
33
0
31
0
47
0
87
0
29
0
47
0
28
0
68
0
54
0
33
0
43
0
34
0
29
0
66
0
21
0
39
0
43
0
40
0
63
0
30
0
40
0
38
0
53
0
51
0
29
0
63
0
42
0
45
0
58
0
13
0
50
0
45
0
50
0
39
0
57
0
50
0
56
0
68
0
23
0
30
0
57
0
51
0
66
0
41
0
52
0
50
0
60
0
74
0
46
0
43
0
54
0
54
0
50
0
61
0
62
0
69
0
45
0
58
0
77
0
72
0
48
0
76
0
60
0
50
0
61
0
39
0
34
0
65
0
69
0
35
0
87
0
24
0
38
0
43
0
33
0
35
0
27
0
37
0
38
0
51
0
43
0
36
0
49
0
36
0
25
0
43
0
44
0
53
0
89
0
110
0
32
0
72
0
47
0
45
0
48
0
68
0
42
0
53
0
48
0
40
0
38
0
57
0
52
0
35
0
49
0
59
0
26
0
50
0
27
0
46
0
46
0
37
0
43
0
66
0
45
0
66
0
47
0
44
0
57
0
34
0
86
0
25
0
62
0
48
0
43
0
35
0
13
0
55
0
36
0
51
0
83
0
32
0
37
0
31
0
55
0
52
0
64
0
78
0
54
0
56
0
41
0
67
0
56
0
31
0
74
0
32
0
69
0
42
0
52
0
52
0
68
0
36
0
74
0
60
0
50
0
71
0
34
0
56
0
45
0
61
0
64
0
18
0
26
0
28
0
71
0
19
0
34
0
64
0
36
0
41
0
64
0
58
0
71
0
46
0
34
0
40
0
48
0
44
0
50
0
36
0
68
0
42
0
38
0
37
0
60
0
38
0
25
0
58
0
45
0
67
0
48
0
37
0
29
0
58
0
40
0
46
0
55
0
43
0
37
0
55
0
62
0
55
0
37
0
54
0
54
0
63
0
52
0
43
0
49
0
49
0
42
0
53
0
45
0
61
0
69
0
49
0
85
0
44
0
51
0
33
0
42
0
43
0
58
0
18
0
54
0
57
0
57
0
44
0
43
0
56
0
57
0
34
0
77
0
36
0
15
0
57
0
56
0
80
0
63
0
65
0
32
0
40
0
33
0
36
0
52
0
97
0
46
0
56
0
58
0
34
0
48
0
64
0
43
0
55
0
37
0
42
0
39
0
38
0
79
0
57
0
53
0
40
0
31
0
44
0
60
0
41
0
41
0
31
0
46
0
32
0
21
0
47
0
40
0
24
0
67
0
38
0
68
0
31
0
34
0
52
0
49
0
36
0
42
0
36
0
67
0
47
0
74
0
57
0
72
0
51
0
91
0
41
0
53
0
54
0
54
0
23
0
56
0
59
0
38
0
60
0
76
0
72
0
68
0
29
0
31
0
49
0
52
0
36
0
41
0
64
0
23
0
30
0
53
0
88
0
48
0
56
0
63
0
41
0
83
0
42
0
44
0
55
0
50
0
48
0
59
0
38
0
44
0
57
0
42
0
52
0
58
0
27
0
131
0
16
0
34
0
31
0
76
0
43
0
51
0
46
0
66
0
72
0
62
0
49
0
69
0
50
0
46
0
62
0
92
0
32
0
51
0
43
0
52
0
45
0
34
0
51
0
30
0
33
0
51
0
35
0
50
0
38
0
