0
51
0
46
0
27
0
40
0
45
0
36
0
32
0
47
0
38
0
47
0
46
0
26
0
48
0
40
0
50
0
44
0
35
0
44
0
41
0
35
0
36
0
39
0
55
0
43
0
42
0
43
0
45
0
57
0
36
0
30
0
54
0
44
0
45
0
43
0
31
0
30
0
54
0
51
0
42
0
61
0
33
0
52
0
39
0
30
0
46
0
52
0
76
0
26
0
29
0
46
0
40
0
27
0
51
0
44
0
56
0
31
0
29
0
26
0
59
0
45
0
50
0
31
0
44
0
35
0
53
0
37
0
51
0
42
0
35
0
48
0
47
0
40
0
19
0
39
0
29
0
41
0
32
0
58
0
36
0
29
0
34
0
39
0
23
0
32
0
46
0
49
0
38
0
36
0
35
0
71
0
44
0
26
0
49
0
20
0
64
0
49
0
33
0
47
0
51
0
49
0
53
0
34
0
42
0
26
0
43
0
24
0
36
0
30
0
24
0
25
0
36
0
43
0
58
0
37
0
39
0
50
0
39
0
32
0
64
0
33
0
63
0
38
0
42
0
27
0
45
0
32
0
27
0
55
0
27
0
41
0
29
0
39
0
39
0
43
0
33
0
37
0
32
0
57
0
51
0
39
0
35
0
37
0
41
0
26
0
50
0
66
0
47
0
45
0
41
0
37
0
43
0
55
0
37
0
36
0
29
0
38
0
39
0
49
0
61
0
64
0
31
0
59
0
37
0
33
0
45
0
31
0
34
0
24
0
50
0
36
0
27
0
27
0
35
0
43
0
31
0
34
0
49
0
52
0
19
0
47
0
29
0
55
0
37
0
32
0
38
0
55
0
48
0
32
0
29
0
46
0
30
0
44
0
42
0
43
0
48
0
23
0
28
0
41
0
33
0
50
0
32
0
28
0
31
0
36
0
40
0
21
0
22
0
51
0
62
0
29
0
45
0
36
0
38
0
36
0
33
0
48
0
43
0
52
0
32
0
76
0
22
0
32
0
44
0
32
0
47
0
58
0
19
0
64
0
37
0
22
0
20
0
35
0
49
0
36
0
40
0
33
0
25
0
34
0
39
0
26
0
42
0
63
0
43
0
48
0
36
0
33
0
44
0
40
0
39
0
36
0
32
0
52
0
34
0
41
0
22
0
33
0
41
0
25
0
30
0
43
0
47
0
35
0
27
0
70
0
38
0
27
0
54
0
29
0
40
0
42
0
52
0
44
0
20
0
45
0
32
0
48
0
30
0
35
0
49
0
45
0
56
0
28
0
61
0
38
0
26
0
42
0
39
0
38
0
39
0
52
0
44
0
39
0
28
0
48
0
32
0
48
0
37
0
34
0
34
0
31
0
30
0
37
0
43
0
38
0
40
0
37
0
28
0
59
0
30
0
59
0
66
0
41
0
44
0
40
0
56
0
23
0
31
0
24
0
32
0
54
0
46
0
26
0
47
0
28
0
38
0
50
0
35
0
41
0
52
0
45
0
31
0
33
0
19
0
45
0
54
0
38
0
45
0
54
0
56
0
36
0
41
0
41
0
49
0
35
0
57
0
45
0
53
0
41
0
56
0
44
0
37
0
29
0
40
0
49
0
35
0
45
0
38
0
44
0
43
0
47
0
52
0
41
0
27
0
35
0
29
0
34
0
59
0
58
0
22
0
21
0
25
0
28
0
40
0
40
0
56
0
80
0
32
0
44
0
34
0
65
0
46
0
43
0
51
0
33
0
42
0
36
0
42
0
37
0
57
0
35
0
23
0
38
0
47
0
59
0
67
0
43
0
38
0
45
0
38
0
47
0
32
0
52
0
40
0
38
0
29
0
50
0
42
0
50
0
48
0
44
0
20
0
40
0
32
0
56
0
50
0
40
0
44
0
46
0
24
0
52
0
34
0
24
0
37
0
57
0
30
0
50
0
61
0
44
0
34
0
22
0
36
0
46
0
35
0
45
0
42
0
32
0
54
0
42
0
53
0
45
0
33
0
47
0
46
0
33
0
32
0
54
0
47
0
43
0
47
0
44
0
46
0
35
0
36
0
38
0
35
0
54
0
32
0
34
0
51
0
44
0
50
0
44
0
51
0
26
0
41
0
48
0
50
0
59
0
42
0
38
0
56
0
41
0
26
0
21
0
40
0
53
0
41
0
20
0
41
0
47
0
52
0
34
0
47
0
43
0
34
0
28
0
31
0
33
0
33
0
34
0
38
0
23
0
44
0
53
0
46
0
26
0
46
0
24
0
32
0
45
0
