0
20
0
16
0
7
0
42
0
8
0
25
0
10
0
13
0
31
0
0
0
35
0
10
0
20
0
6
0
11
0
17
0
12
0
20
0
23
0
22
0
27
0
17
0
16
0
18
0
21
0
32
0
15
0
31
0
32
0
19
0
6
0
16
0
31
0
21
0
12
0
10
0
9
0
15
0
25
0
34
0
23
0
25
0
14
0
30
0
23
0
20
0
17
0
37
0
49
0
7
0
23
0
20
0
18
0
35
0
36
0
19
0
40
0
36
0
31
0
25
0
25
0
30
0
32
0
12
0
17
0
17
0
40
0
11
0
18
0
24
0
16
0
26
0
15
0
26
0
10
0
21
0
21
0
8
0
13
0
15
0
47
0
21
0
22
0
10
0
17
0
36
0
24
0
31
0
25
0
39
0
7
0
31
0
29
0
26
0
28
0
18
0
30
0
17
0
18
0
17
0
45
0
18
0
28
0
28
0
29
0
24
0
9
0
27
0
22
0
6
0
9
0
22
0
27
0
28
0
42
0
17
0
40
0
13
0
3
0
47
0
22
0
30
0
31
0
22
0
26
0
26
0
3
0
9
0
28
0
14
0
25
0
26
0
9
0
32
0
12
0
20
0
24
0
16
0
11
0
43
0
30
0
8
0
37
0
23
0
27
0
18
0
29
0
27
0
6
0
25
0
17
0
19
0
24
0
14
0
40
0
9
0
25
0
39
0
15
0
5
0
23
0
28
0
34
0
17
0
21
0
24
0
25
0
19
0
26
0
19
0
38
0
9
0
22
0
25
0
14
0
27
0
16
0
37
0
19
0
30
0
5
0
20
0
30
0
34
0
5
0
33
0
32
0
36
0
15
0
7
0
21
0
15
0
18
0
23
0
19
0
17
0
19
0
23
0
19
0
11
0
8
0
20
0
50
0
17
0
8
0
14
0
28
0
28
0
2
0
9
0
29
0
36
0
18
0
21
0
25
0
27
0
21
0
15
0
28
0
23
0
13
0
38
0
16
0
33
0
15
0
34
0
51
0
28
0
28
0
22
0
21
0
14
0
44
0
29
0
33
0
16
0
16
0
19
0
22
0
16
0
37
0
22
0
24
0
15
0
19
0
10
0
15
0
23
0
24
0
13
0
21
0
21
0
19
0
24
0
29
0
17
0
20
0
16
0
12
0
6
0
7
0
8
0
17
0
26
0
16
0
2
0
10
0
18
0
20
0
25
0
26
0
21
0
3
0
11
0
6
0
21
0
17
0
34
0
30
0
28
0
26
0
18
0
18
0
28
0
26
0
11
0
21
0
14
0
7
0
27
0
23
0
19
0
23
0
13
0
16
0
48
0
31
0
17
0
5
0
22
0
27
0
16
0
17
0
21
0
23
0
24
0
25
0
18
0
19
0
35
0
17
0
27
0
16
0
32
0
35
0
33
0
19
0
31
0
21
0
10
0
26
0
33
0
34
0
10
0
29
0
10
0
23
0
34
0
25
0
27
0
13
0
10
0
26
0
28
0
17
0
43
0
15
0
22
0
13
0
28
0
19
0
27
0
12
0
13
0
25
0
37
0
16
0
21
0
16
0
19
0
33
0
21
0
17
0
35
0
33
0
48
0
37
0
20
0
27
0
20
0
35
0
9
0
19
0
19
0
14
0
31
0
11
0
26
0
18
0
10
0
16
0
8
0
16
0
24
0
19
0
14
0
4
0
23
0
28
0
25
0
17
0
8
0
17
0
14
0
19
0
30
0
19
0
13
0
8
0
15
0
12
0
19
0
14
0
13
0
15
0
11
0
20
0
15
0
29
0
12
0
25
0
13
0
34
0
23
0
12
0
27
0
30
0
11
0
18
0
18
0
41
0
29
0
47
0
23
0
30
0
15
0
15
0
23
0
14
0
4
0
29
0
15
0
34
0
9
0
34
0
25
0
28
0
21
0
8
0
16
0
24
0
8
0
17
0
13
0
0
0
18
0
3
0
40
0
18
0
16
0
51
0
11
0
13
0
15
0
24
0
30
0
13
0
14
0
4
0
28
0
27
0
8
0
18
0
22
0
22
0
23
0
18
0
11
0
20
0
8
0
6
0
16
0
17
0
16
0
8
0
16
0
10
0
35
0
25
0
15
0
30
0
20
0
17
0
33
0
16
0
50
0
26
0
8
0
10
0
18
0
13
0
24
0
25
0
187
0
20
0
26
0
13
0
8
0
6
0
20
0
21
0
24
0
13
0
33
0
23
0
20
0
39
0
15
0
15
0
15
0
