0
49
0
66
0
57
0
68
0
49
0
57
0
60
0
57
0
50
0
54
0
59
0
51
0
57
0
55
0
47
0
49
0
26
0
56
0
50
0
45
0
62
0
50
0
48
0
40
0
66
0
56
0
85
0
39
0
37
0
51
0
51
0
47
0
50
0
44
0
48
0
43
0
53
0
39
0
58
0
78
0
54
0
70
0
41
0
43
0
49
0
66
0
51
0
61
0
52
0
48
0
54
0
72
0
41
0
46
0
42
0
47
0
50
0
67
0
46
0
39
0
45
0
43
0
81
0
54
0
72
0
60
0
46
0
48
0
82
0
59
0
61
0
42
0
62
0
89
0
62
0
51
0
62
0
48
0
48
0
51
0
57
0
69
0
42
0
40
0
37
0
85
0
40
0
34
0
52
0
70
0
37
0
52
0
49
0
51
0
74
0
51
0
48
0
59
0
58
0
43
0
48
0
35
0
61
0
54
0
52
0
41
0
62
0
46
0
49
0
51
0
49
0
76
0
59
0
44
0
57
0
62
0
57
0
64
0
57
0
49
0
50
0
56
0
54
0
57
0
58
0
56
0
61
0
52
0
36
0
67
0
60
0
60
0
62
0
54
0
74
0
49
0
48
0
80
0
61
0
52
0
40
0
39
0
56
0
61
0
62
0
34
0
63
0
52
0
44
0
62
0
63
0
75
0
50
0
48
0
53
0
64
0
55
0
59
0
55
0
58
0
49
0
52
0
40
0
64
0
49
0
45
0
46
0
47
0
71
0
42
0
61
0
32
0
46
0
62
0
41
0
53
0
43
0
55
0
40
0
46
0
62
0
56
0
46
0
43
0
40
0
51
0
57
0
46
0
43
0
66
0
56
0
48
0
52
0
51
0
47
0
55
0
60
0
40
0
37
0
43
0
44
0
56
0
58
0
52
0
75
0
56
0
62
0
38
0
60
0
49
0
73
0
61
0
57
0
69
0
55
0
62
0
53
0
67
0
59
0
51
0
54
0
44
0
64
0
45
0
55
0
51
0
40
0
44
0
49
0
47
0
50
0
61
0
46
0
58
0
39
0
43
0
32
0
48
0
49
0
65
0
42
0
47
0
36
0
60
0
60
0
60
0
54
0
48
0
61
0
31
0
55
0
44
0
50
0
48
0
54
0
59
0
41
0
55
0
67
0
43
0
57
0
59
0
58
0
67
0
68
0
57
0
44
0
49
0
60
0
54
0
30
0
48
0
58
0
53
0
44
0
66
0
62
0
55
0
50
0
45
0
55
0
76
0
61
0
35
0
51
0
70
0
56
0
56
0
55
0
45
0
46
0
47
0
31
0
54
0
44
0
54
0
52
0
60
0
39
0
66
0
57
0
74
0
33
0
44
0
58
0
52
0
56
0
72
0
47
0
48
0
43
0
59
0
64
0
48
0
58
0
50
0
51
0
64
0
61
0
46
0
59
0
48
0
48
0
44
0
49
0
39
0
55
0
39
0
47
0
67
0
52
0
53
0
50
0
54
0
64
0
57
0
64
0
54
0
80
0
59
0
68
0
49
0
47
0
63
0
43
0
66
0
52
0
50
0
60
0
63
0
62
0
47
0
47
0
42
0
56
0
58
0
75
0
64
0
42
0
52
0
48
0
40
0
57
0
49
0
56
0
56
0
52
0
42
0
52
0
39
0
64
0
38
0
54
0
53
0
75
0
43
0
24
0
51
0
52
0
49
0
37
0
57
0
55
0
69
0
62
0
39
0
41
0
64
0
47
0
62
0
50
0
47
0
58
0
48
0
44
0
44
0
46
0
48
0
38
0
56
0
54
0
41
0
64
0
52
0
39
0
35
0
48
0
54
0
48
0
47
0
76
0
49
0
41
0
59
0
63
0
51
0
58
0
70
0
40
0
70
0
74
0
43
0
66
0
50
0
46
0
49
0
76
0
44
0
41
0
74
0
68
0
59
0
63
0
60
0
60
0
51
0
42
0
40
0
46
0
52
0
58
0
48
0
50
0
54
0
44
0
31
0
74
0
51
0
61
0
67
0
38
0
83
0
49
0
39
0
42
0
64
0
62
0
59
0
68
0
69
0
57
0
58
0
64
0
51
0
55
0
49
0
39
0
57
0
49
0
53
0
56
0
52
0
43
0
59
0
49
0
46
0
67
0
56
0
53
0
57
0
236
0
53
0
55
0
35
0
59
0
36
0
42
0
60
0
50
0
54
0
57
0
46
0
48
0
38
0
45
0
59
0
64
0
48
0
85
0
60
0
