0
15
0
41
0
30
0
24
0
29
0
28
0
19
0
15
0
10
0
13
0
18
0
18
0
17
0
26
0
21
0
20
0
37
0
27
0
15
0
33
0
20
0
16
0
38
0
16
0
34
0
21
0
26
0
18
0
20
0
10
0
10
0
23
0
16
0
4
0
23
0
21
0
21
0
23
0
26
0
38
0
21
0
16
0
9
0
15
0
17
0
13
0
4
0
16
0
46
0
20
0
17
0
2
0
32
0
13
0
18
0
8
0
29
0
16
0
53
0
11
0
27
0
13
0
15
0
29
0
40
0
31
0
14
0
19
0
4
0
7
0
10
0
24
0
24
0
12
0
46
0
9
0
12
0
25
0
18
0
26
0
22
0
26
0
18
0
12
0
17
0
15
0
8
0
37
0
16
0
19
0
21
0
25
0
38
0
11
0
26
0
30
0
12
0
8
0
20
0
18
0
22
0
11
0
24
0
9
0
16
0
18
0
10
0
50
0
19
0
10
0
8
0
22
0
18
0
13
0
16
0
23
0
30
0
10
0
21
0
23
0
17
0
20
0
24
0
16
0
16
0
22
0
27
0
9
0
16
0
10
0
19
0
5
0
25
0
23
0
30
0
18
0
21
0
12
0
25
0
14
0
21
0
37
0
17
0
8
0
11
0
37
0
26
0
38
0
17
0
19
0
21
0
22
0
13
0
29
0
14
0
22
0
12
0
21
0
4
0
18
0
26
0
27
0
18
0
8
0
14
0
23
0
14
0
26
0
15
0
32
0
22
0
27
0
38
0
12
0
17
0
17
0
24
0
30
0
24
0
22
0
39
0
19
0
43
0
26
0
21
0
28
0
30
0
24
0
31
0
28
0
9
0
22
0
15
0
18
0
6
0
10
0
24
0
33
0
16
0
20
0
25
0
33
0
5
0
26
0
24
0
33
0
4
0
12
0
28
0
17
0
53
0
17
0
18
0
27
0
26
0
44
0
10
0
25
0
12
0
22
0
10
0
10
0
13
0
18
0
16
0
23
0
21
0
12
0
31
0
16
0
10
0
17
0
18
0
32
0
11
0
17
0
17
0
26
0
12
0
24
0
28
0
22
0
13
0
12
0
29
0
30
0
28
0
36
0
40
0
13
0
19
0
17
0
17
0
27
0
33
0
17
0
16
0
26
0
32
0
38
0
19
0
32
0
30
0
12
0
8
0
9
0
30
0
25
0
14
0
18
0
19
0
29
0
20
0
25
0
13
0
16
0
26
0
6
0
19
0
32
0
24
0
16
0
30
0
36
0
22
0
12
0
29
0
19
0
30
0
18
0
16
0
7
0
7
0
33
0
21
0
27
0
5
0
29
0
9
0
7
0
24
0
12
0
29
0
18
0
20
0
13
0
25
0
19
0
17
0
8
0
18
0
10
0
38
0
26
0
18
0
20
0
12
0
20
0
31
0
17
0
23
0
39
0
28
0
28
0
13
0
13
0
24
0
19
0
22
0
14
0
32
0
28
0
17
0
12
0
8
0
36
0
27
0
3
0
32
0
20
0
28
0
10
0
15
0
25
0
20
0
13
0
25
0
57
0
18
0
40
0
8
0
33
0
8
0
23
0
21
0
21
0
14
0
32
0
9
0
7
0
7
0
30
0
18
0
21
0
18
0
20
0
19
0
37
0
19
0
11
0
6
0
10
0
6
0
23
0
35
0
32
0
32
0
16
0
22
0
22
0
19
0
32
0
5
0
21
0
29
0
28
0
0
0
14
0
18
0
20
0
21
0
20
0
14
0
2
0
17
0
26
0
22
0
18
0
19
0
21
0
22
0
22
0
20
0
7
0
12
0
12
0
42
0
2
0
22
0
21
0
19
0
22
0
34
0
11
0
29
0
60
0
26
0
16
0
3
0
30
0
7
0
13
0
13
0
41
0
40
0
36
0
13
0
19
0
33
0
32
0
22
0
24
0
17
0
21
0
14
0
35
0
7
0
17
0
20
0
12
0
30
0
28
0
16
0
30
0
24
0
12
0
12
0
19
0
26
0
3
0
23
0
15
0
33
0
27
0
16
0
21
0
18
0
10
0
21
0
21
0
23
0
28
0
16
0
8
0
14
0
19
0
12
0
36
0
41
0
20
0
26
0
13
0
13
0
12
0
25
0
20
0
26
0
18
0
18
0
17
0
15
0
19
0
29
0
519
0
50
0
19
0
23
0
17
0
13
0
11
0
22
0
24
0
24
0
56
0
13
0
12
0
18
0
30
0
24
0
13
0
