0
20
0
13
0
19
0
11
0
22
0
28
0
7
0
10
0
1
0
12
0
15
0
10
0
18
0
31
0
11
0
11
0
18
0
25
0
22
0
16
0
31
0
59
0
11
0
15
0
11
0
35
0
8
0
9
0
6
0
19
0
24
0
25
0
2
0
17
0
20
0
10
0
21
0
26
0
9
0
15
0
16
0
10
0
19
0
17
0
12
0
12
0
17
0
12
0
30
0
20
0
68
0
12
0
7
0
9
0
9
0
8
0
40
0
28
0
16
0
7
0
20
0
20
0
25
0
35
0
25
0
14
0
19
0
32
0
5
0
18
0
40
0
9
0
5
0
22
0
21
0
39
0
24
0
24
0
12
0
24
0
37
0
21
0
15
0
33
0
22
0
18
0
23
0
21
0
25
0
34
0
28
0
17
0
29
0
13
0
28
0
12
0
32
0
16
0
11
0
45
0
32
0
16
0
12
0
18
0
11
0
9
0
12
0
16
0
13
0
20
0
23
0
33
0
24
0
24
0
15
0
33
0
18
0
16
0
12
0
21
0
18
0
7
0
17
0
24
0
10
0
33
0
9
0
28
0
18
0
6
0
24
0
42
0
27
0
6
0
9
0
15
0
14
0
32
0
11
0
16
0
10
0
12
0
4
0
19
0
14
0
30
0
26
0
12
0
19
0
33
0
34
0
20
0
19
0
34
0
16
0
6
0
13
0
44
0
24
0
22
0
24
0
17
0
14
0
29
0
29
0
10
0
16
0
17
0
33
0
9
0
8
0
32
0
27
0
30
0
22
0
35
0
18
0
20
0
20
0
16
0
26
0
9
0
19
0
18
0
16
0
12
0
26
0
7
0
17
0
22
0
18
0
29
0
10
0
7
0
12
0
13
0
42
0
34
0
11
0
29
0
21
0
25
0
10
0
4
0
32
0
26
0
8
0
32
0
18
0
21
0
18
0
11
0
30
0
20
0
8
0
8
0
17
0
21
0
20
0
29
0
19
0
32
0
18
0
15
0
21
0
30
0
7
0
16
0
20
0
3
0
18
0
15
0
27
0
18
0
33
0
22
0
16
0
24
0
13
0
13
0
14
0
13
0
12
0
10
0
20
0
8
0
13
0
26
0
14
0
15
0
17
0
4
0
14
0
25
0
18
0
10
0
16
0
24
0
18
0
19
0
4
0
3
0
16
0
8
0
16
0
21
0
13
0
28
0
24
0
17
0
13
0
15
0
12
0
12
0
35
0
4
0
23
0
24
0
24
0
21
0
29
0
43
0
12
0
22
0
11
0
23
0
21
0
15
0
42
0
12
0
14
0
9
0
21
0
8
0
32
0
27
0
7
0
17
0
16
0
24
0
15
0
16
0
26
0
33
0
6
0
37
0
21
0
15
0
18
0
2
0
13
0
6
0
21
0
7
0
15
0
23
0
16
0
10
0
15
0
44
0
8
0
19
0
4
0
10
0
20
0
8
0
16
0
10
0
26
0
18
0
21
0
12
0
35
0
17
0
11
0
5
0
10
0
26
0
20
0
20
0
19
0
20
0
23
0
8
0
20
0
12
0
13
0
17
0
18
0
16
0
11
0
22
0
8
0
25
0
20
0
18
0
14
0
7
0
11
0
17
0
4
0
14
0
6
0
8
0
16
0
12
0
15
0
13
0
18
0
19
0
13
0
22
0
13
0
26
0
10
0
14
0
9
0
16
0
16
0
25
0
4
0
16
0
16
0
13
0
20
0
29
0
17
0
26
0
14
0
34
0
30
0
10
0
19
0
21
0
16
0
13
0
7
0
27
0
24
0
15
0
23
0
23
0
16
0
22
0
26
0
13
0
23
0
31
0
20
0
16
0
13
0
17
0
24
0
19
0
18
0
25
0
13
0
10
0
8
0
14
0
14
0
7
0
21
0
43
0
9
0
14
0
10
0
20
0
10
0
21
0
15
0
9
0
16
0
12
0
5
0
26
0
27
0
19
0
24
0
17
0
28
0
5
0
2
0
11
0
31
0
13
0
18
0
14
0
30
0
19
0
22
0
16
0
5
0
6
0
6
0
27
0
12
0
21
0
25
0
16
0
10
0
10
0
19
0
17
0
16
0
19
0
11
0
9
0
14
0
8
0
13
0
16
0
27
0
20
0
17
0
11
0
29
0
20
0
13
0
4
0
13
0
26
0
158
0
25
0
16
0
26
0
22
0
13
0
11
0
22
0
16
0
15
0
17
0
22
0
17
0
14
0
18
0
0
0
25
0
14
0
