3338
0
60
0
55
0
51
0
45
0
60
0
62
0
70
0
60
0
40
0
58
0
41
0
45
0
56
0
54
0
44
0
40
0
45
0
38
0
46
0
57
0
52
0
40
0
44
0
76
0
61
0
65
0
61
0
64
0
68
0
53
0
44
0
49
0
55
0
63
0
67
0
52
0
66
0
60
0
53
0
50
0
51
0
50
0
47
0
67
0
70
0
45
0
75
0
43
0
38
0
54
0
61
0
71
0
70
0
45
0
37
0
70
0
51
0
47
0
57
0
63
0
50
0
46
0
53
0
50
0
54
0
62
0
56
0
52
0
51
0
37
0
71
0
35
0
64
0
45
0
42
0
74
0
44
0
54
0
42
0
61
0
66
0
60
0
58
0
29
0
44
0
55
0
57
0
45
0
42
0
50
0
69
0
48
0
77
0
63
0
57
0
57
0
69
0
58
0
53
0
45
0
66
0
49
0
70
0
54
0
63
0
52
0
65
0
33
0
54
0
44
0
43
0
41
0
43
0
58
0
48
0
55
0
50
0
61
0
48
0
71
0
41
0
46
0
51
0
35
0
41
0
73
0
58
0
45
0
51
0
54
0
54
0
49
0
39
0
61
0
56
0
68
0
47
0
59
0
61
0
45
0
60
0
54
0
48
0
51
0
44
0
40
0
55
0
59
0
48
0
38
0
40
0
33
0
50
0
51
0
52
0
53
0
52
0
60
0
48
0
34
0
55
0
48
0
56
0
57
0
57
0
66
0
44
0
54
0
54
0
56
0
62
0
68
0
47
0
49
0
57
0
60
0
41
0
50
0
65
0
60
0
56
0
47
0
49
0
57
0
57
0
48
0
57
0
51
0
57
0
72
0
56
0
50
0
48
0
68
0
47
0
42
0
40
0
56
0
54
0
43
0
54
0
43
0
48
0
53
0
56
0
51
0
55
0
40
0
39
0
44
0
58
0
50
0
64
0
55
0
48
0
59
0
76
0
75
0
68
0
47
0
45
0
37
0
40
0
45
0
58
0
52
0
62
0
61
0
49
0
67
0
50
0
40
0
59
0
40
0
44
0
50
0
39
0
55
0
44
0
66
0
30
0
52
0
63
0
67
0
37
0
40
0
53
0
46
0
32
0
54
0
52
0
61
0
66
0
66
0
65
0
36
0
47
0
54
0
53
0
71
0
50
0
41
0
56
0
51
0
41
0
50
0
55
0
53
0
54
0
60
0
48
0
68
0
76
0
45
0
22
0
47
0
54
0
38
0
70
0
51
0
38
0
57
0
61
0
74
0
54
0
54
0
72
0
49
0
60
0
51
0
67
0
48
0
45
0
52
0
40
0
28
0
35
0
58
0
43
0
46
0
62
0
42
0
55
0
45
0
32
0
52
0
56
0
43
0
56
0
46
0
52
0
55
0
55
0
41
0
54
0
58
0
60
0
52
0
44
0
52
0
44
0
52
0
63
0
52
0
46
0
44
0
58
0
52
0
52
0
59
0
75
0
66
0
62
0
44
0
55
0
54
0
55
0
56
0
49
0
52
0
56
0
52
0
42
0
70
0
40
0
50
0
50
0
69
0
63
0
71
0
55
0
64
0
66
0
75
0
60
0
38
0
54
0
38
0
57
0
45
0
52
0
48
0
44
0
49
0
75
0
50
0
50
0
50
0
60
0
70
0
50
0
59
0
63
0
72
0
51
0
43
0
57
0
45
0
41
0
60
0
48
0
61
0
63
0
52
0
49
0
57
0
43
0
49
0
59
0
31
0
37
0
59
0
66
0
47
0
52
0
43
0
71
0
57
0
48
0
62
0
45
0
49
0
57
0
27
0
88
0
61
0
52
0
43
0
43
0
37
0
49
0
56
0
37
0
58
0
54
0
49
0
50
0
48
0
50
0
69
0
63
0
53
0
71
0
50
0
65
0
62
0
76
0
64
0
64
0
67
0
21
0
75
0
60
0
57
0
42
0
40
0
57
0
52
0
45
0
47
0
59
0
58
0
54
0
33
0
60
0
54
0
62
0
51
0
39
0
55
0
28
0
45
0
57
0
43
0
59
0
43
0
43
0
46
0
60
0
56
0
52
0
47
0
44
0
45
0
49
0
56
0
32
0
45
0
47
0
53
0
58
0
71
0
56
0
60
0
48
0
54
0
44
0
70
0
57
0
59
0
38
0
76
0
70
0
40
0
45
0
54
0
40
0
44
0
46
0
70
0
56
0
38
0
42
0
51
0
54
0
66
0
32
0
45
0
55
0
58
