0
7
0
12
0
10
0
9
0
19
0
20
0
25
0
24
0
15
0
13
0
22
0
14
0
23
0
14
0
21
0
22
0
22
0
26
0
28
0
16
0
9
0
23
0
14
0
47
0
45
0
20
0
15
0
30
0
9
0
19
0
27
0
17
0
11
0
29
0
22
0
32
0
17
0
32
0
35
0
35
0
22
0
13
0
18
0
16
0
14
0
14
0
18
0
34
0
20
0
23
0
29
0
12
0
16
0
20
0
29
0
19
0
21
0
34
0
48
0
16
0
28
0
18
0
21
0
27
0
13
0
23
0
21
0
12
0
30
0
8
0
24
0
18
0
29
0
18
0
35
0
18
0
26
0
30
0
15
0
29
0
14
0
11
0
12
0
33
0
26
0
30
0
19
0
8
0
20
0
18
0
26
0
11
0
13
0
5
0
25
0
16
0
20
0
22
0
31
0
25
0
16
0
2
0
21
0
47
0
20
0
21
0
12
0
29
0
19
0
24
0
6
0
28
0
9
0
24
0
29
0
17
0
23
0
15
0
13
0
40
0
24
0
11
0
23
0
23
0
28
0
28
0
10
0
15
0
21
0
25
0
31
0
30
0
18
0
42
0
26
0
32
0
12
0
28
0
14
0
33
0
8
0
14
0
10
0
28
0
26
0
22
0
29
0
18
0
22
0
16
0
29
0
38
0
14
0
22
0
22
0
17
0
4
0
13
0
25
0
31
0
28
0
23
0
14
0
32
0
28
0
14
0
31
0
13
0
25
0
21
0
13
0
14
0
16
0
24
0
26
0
16
0
16
0
10
0
10
0
19
0
29
0
30
0
37
0
17
0
9
0
5
0
44
0
24
0
34
0
18
0
6
0
36
0
25
0
21
0
33
0
32
0
10
0
5
0
13
0
52
0
11
0
20
0
25
0
24
0
15
0
14
0
36
0
20
0
25
0
17
0
16
0
26
0
45
0
30
0
18
0
16
0
33
0
13
0
21
0
22
0
5
0
16
0
5
0
8
0
17
0
6
0
19
0
16
0
16
0
27
0
13
0
40
0
17
0
15
0
23
0
53
0
18
0
32
0
15
0
16
0
14
0
21
0
11
0
6
0
22
0
22
0
4
0
21
0
20
0
24
0
20
0
21
0
28
0
32
0
22
0
25
0
52
0
18
0
33
0
13
0
32
0
17
0
18
0
14
0
29
0
37
0
12
0
19
0
18
0
18
0
10
0
39
0
22
0
9
0
13
0
21
0
16
0
24
0
57
0
16
0
38
0
29
0
25
0
0
0
32
0
2
0
21
0
10
0
25
0
5
0
21
0
13
0
21
0
13
0
43
0
17
0
10
0
28
0
12
0
28
0
15
0
6
0
28
0
24
0
21
0
33
0
16
0
25
0
49
0
20
0
3
0
33
0
5
0
28
0
20
0
16
0
21
0
21
0
12
0
18
0
41
0
22
0
11
0
10
0
29
0
25
0
22
0
27
0
32
0
11
0
30
0
24
0
21
0
20
0
22
0
9
0
12
0
27
0
21
0
14
0
18
0
15
0
8
0
3
0
32
0
16
0
30
0
2
0
16
0
24
0
19
0
15
0
3
0
23
0
32
0
19
0
24
0
8
0
7
0
18
0
24
0
16
0
17
0
18
0
26
0
34
0
18
0
37
0
7
0
26
0
17
0
12
0
33
0
15
0
21
0
20
0
25
0
27
0
21
0
20
0
10
0
8
0
4
0
20
0
22
0
40
0
14
0
18
0
12
0
11
0
7
0
22
0
28
0
19
0
14
0
17
0
30
0
14
0
16
0
34
0
22
0
32
0
20
0
36
0
22
0
20
0
18
0
41
0
17
0
16
0
25
0
14
0
30
0
16
0
38
0
3
0
20
0
25
0
29
0
13
0
36
0
0
0
18
0
20
0
23
0
10
0
29
0
29
0
38
0
30
0
40
0
20
0
15
0
33
0
32
0
38
0
18
0
23
0
45
0
23
0
20
0
11
0
15
0
18
0
24
0
27
0
14
0
15
0
21
0
17
0
34
0
5
0
21
0
53
0
24
0
41
0
10
0
14
0
18
0
22
0
20
0
5
0
29
0
28
0
23
0
23
0
10
0
38
0
5
0
17
0
11
0
34
0
15
0
14
0
28
0
25
0
21
0
53
0
19
0
17
0
20
0
16
0
33
0
31
0
26
0
19
0
37
0
19
0
26
0
26
0
28
0
18
0
16
0
24
0
34
0
8
0
8
0
32
0
20
0
5
0
