0
66
0
75
0
54
0
64
0
46
0
64
0
56
0
49
0
76
0
50
0
30
0
43
0
81
0
35
0
50
0
39
0
85
0
31
0
60
0
58
0
32
0
56
0
65
0
54
0
83
0
62
0
54
0
44
0
17
0
45
0
46
0
59
0
39
0
38
0
43
0
51
0
76
0
51
0
57
0
63
0
49
0
75
0
63
0
38
0
45
0
48
0
46
0
56
0
37
0
40
0
54
0
53
0
78
0
20
0
37
0
35
0
28
0
60
0
41
0
30
0
42
0
31
0
52
0
47
0
59
0
48
0
51
0
54
0
81
0
34
0
48
0
28
0
47
0
25
0
33
0
38
0
52
0
51
0
64
0
34
0
43
0
50
0
59
0
62
0
32
0
44
0
50
0
72
0
57
0
66
0
9
0
32
0
60
0
32
0
26
0
63
0
44
0
71
0
78
0
54
0
65
0
31
0
43
0
60
0
27
0
42
0
24
0
71
0
26
0
25
0
67
0
43
0
54
0
41
0
49
0
62
0
42
0
27
0
82
0
34
0
60
0
56
0
68
0
58
0
30
0
64
0
38
0
65
0
37
0
44
0
59
0
51
0
46
0
82
0
84
0
81
0
49
0
56
0
46
0
70
0
52
0
60
0
54
0
42
0
62
0
35
0
21
0
49
0
48
0
61
0
42
0
42
0
28
0
42
0
58
0
60
0
50
0
54
0
57
0
48
0
78
0
66
0
47
0
65
0
103
0
37
0
80
0
13
0
59
0
54
0
60
0
37
0
51
0
73
0
40
0
65
0
92
0
38
0
61
0
45
0
69
0
51
0
33
0
41
0
65
0
24
0
50
0
36
0
27
0
50
0
64
0
69
0
59
0
40
0
41
0
33
0
61
0
49
0
63
0
53
0
46
0
44
0
20
0
55
0
44
0
53
0
74
0
55
0
57
0
59
0
49
0
61
0
50
0
61
0
51
0
66
0
39
0
45
0
39
0
59
0
25
0
44
0
97
0
51
0
72
0
48
0
41
0
91
0
37
0
73
0
24
0
60
0
62
0
53
0
45
0
58
0
50
0
67
0
33
0
67
0
30
0
57
0
69
0
54
0
62
0
39
0
61
0
70
0
28
0
39
0
38
0
62
0
60
0
33
0
64
0
42
0
37
0
48
0
41
0
31
0
42
0
72
0
45
0
30
0
53
0
54
0
33
0
31
0
47
0
35
0
64
0
45
0
69
0
44
0
59
0
67
0
55
0
20
0
49
0
50
0
60
0
50
0
69
0
52
0
35
0
17
0
56
0
26
0
34
0
60
0
32
0
38
0
55
0
52
0
40
0
62
0
53
0
58
0
38
0
33
0
63
0
30
0
43
0
64
0
35
0
59
0
61
0
47
0
62
0
38
0
77
0
22
0
35
0
47
0
89
0
42
0
47
0
37
0
48
0
53
0
53
0
48
0
45
0
61
0
54
0
37
0
43
0
55
0
51
0
57
0
72
0
44
0
41
0
50
0
65
0
63
0
63
0
50
0
88
0
77
0
51
0
69
0
69
0
50
0
15
0
66
0
45
0
40
0
34
0
59
0
49
0
52
0
25
0
29
0
46
0
69
0
64
0
60
0
29
0
60
0
54
0
36
0
45
0
60
0
38
0
69
0
49
0
62
0
33
0
40
0
29
0
58
0
39
0
50
0
88
0
40
0
48
0
31
0
72
0
45
0
32
0
50
0
45
0
18
0
45
0
58
0
70
0
58
0
37
0
73
0
58
0
34
0
36
0
12
0
35
0
39
0
33
0
49
0
79
0
84
0
44
0
27
0
29
0
84
0
58
0
41
0
52
0
60
0
33
0
74
0
89
0
40
0
45
0
52
0
50
0
61
0
46
0
35
0
57
0
78
0
28
0
54
0
54
0
55
0
51
0
72
0
56
0
67
0
69
0
57
0
67
0
56
0
62
0
69
0
65
0
41
0
59
0
30
0
59
0
59
0
45
0
46
0
35
0
79
0
36
0
38
0
49
0
51
0
56
0
40
0
45
0
37
0
67
0
92
0
41
0
42
0
47
0
52
0
56
0
53
0
55
0
33
0
38
0
60
0
41
0
22
0
19
0
38
0
67
0
39
0
62
0
38
0
50
0
34
0
59
0
78
0
56
0
52
0
44
0
53
0
65
0
162
0
43
0
58
0
33
0
53
0
66
0
29
0
35
0
45
0
44
0
45
0
74
0
89
0
46
0
45
0
38
0
38
0
30
0
38
0
