0
19
0
12
0
17
0
9
0
19
0
20
0
10
0
20
0
36
0
47
0
15
0
13
0
10
0
14
0
18
0
14
0
23
0
32
0
19
0
24
0
3
0
24
0
17
0
23
0
22
0
35
0
23
0
10
0
12
0
21
0
12
0
28
0
22
0
18
0
33
0
4
0
24
0
26
0
20
0
18
0
34
0
18
0
27
0
16
0
31
0
30
0
15
0
17
0
23
0
38
0
10
0
13
0
20
0
8
0
26
0
24
0
32
0
12
0
23
0
20
0
24
0
11
0
21
0
14
0
9
0
29
0
16
0
42
0
18
0
26
0
21
0
40
0
23
0
22
0
5
0
20
0
9
0
17
0
26
0
1
0
20
0
12
0
24
0
44
0
21
0
13
0
18
0
12
0
22
0
34
0
15
0
25
0
13
0
12
0
9
0
15
0
8
0
31
0
32
0
30
0
29
0
17
0
17
0
27
0
15
0
40
0
13
0
28
0
20
0
16
0
24
0
29
0
28
0
23
0
12
0
19
0
24
0
29
0
41
0
25
0
10
0
19
0
14
0
28
0
15
0
16
0
5
0
25
0
16
0
33
0
3
0
12
0
25
0
15
0
15
0
17
0
14
0
17
0
47
0
30
0
11
0
12
0
19
0
26
0
18
0
36
0
23
0
33
0
32
0
19
0
10
0
7
0
9
0
19
0
33
0
16
0
27
0
28
0
28
0
23
0
22
0
14
0
17
0
46
0
34
0
45
0
19
0
23
0
10
0
19
0
16
0
25
0
11
0
29
0
35
0
20
0
15
0
52
0
10
0
21
0
15
0
21
0
38
0
20
0
16
0
44
0
17
0
28
0
18
0
19
0
35
0
10
0
19
0
19
0
30
0
15
0
6
0
26
0
7
0
37
0
27
0
14
0
16
0
13
0
17
0
17
0
18
0
26
0
30
0
25
0
32
0
34
0
11
0
9
0
21
0
19
0
1
0
25
0
40
0
12
0
32
0
13
0
6
0
40
0
38
0
19
0
4
0
23
0
16
0
21
0
21
0
15
0
13
0
10
0
39
0
28
0
36
0
16
0
25
0
23
0
32
0
21
0
16
0
21
0
44
0
18
0
32
0
8
0
16
0
6
0
15
0
1
0
33
0
31
0
26
0
42
0
16
0
12
0
9
0
21
0
12
0
0
0
30
0
21
0
16
0
17
0
18
0
12
0
24
0
19
0
29
0
24
0
20
0
46
0
4
0
17
0
33
0
43
0
29
0
15
0
12
0
14
0
15
0
22
0
18
0
3
0
3
0
41
0
22
0
7
0
40
0
19
0
19
0
42
0
49
0
16
0
33
0
16
0
5
0
21
0
18
0
14
0
17
0
14
0
26
0
7
0
22
0
38
0
7
0
0
0
21
0
18
0
14
0
20
0
24
0
25
0
29
0
16
0
5
0
29
0
12
0
5
0
27
0
33
0
14
0
28
0
18
0
6
0
17
0
16
0
20
0
21
0
7
0
16
0
6
0
24
0
13
0
19
0
22
0
29
0
19
0
25
0
5
0
19
0
11
0
28
0
11
0
14
0
27
0
32
0
18
0
33
0
10
0
19
0
21
0
16
0
16
0
32
0
28
0
20
0
13
0
14
0
7
0
21
0
22
0
36
0
30
0
22
0
29
0
11
0
17
0
18
0
48
0
6
0
16
0
48
0
48
0
3
0
16
0
14
0
24
0
10
0
27
0
42
0
5
0
14
0
2
0
27
0
25
0
19
0
32
0
25
0
21
0
25
0
25
0
33
0
5
0
18
0
38
0
34
0
17
0
31
0
31
0
20
0
5
0
16
0
18
0
29
0
14
0
20
0
22
0
23
0
12
0
29
0
20
0
19
0
18
0
9
0
5
0
23
0
8
0
10
0
34
0
29
0
28
0
14
0
40
0
16
0
30
0
8
0
29
0
15
0
11
0
14
0
19
0
13
0
15
0
10
0
9
0
19
0
31
0
5
0
29
0
24
0
22
0
34
0
46
0
9
0
7
0
17
0
33
0
46
0
29
0
15
0
18
0
10
0
11
0
21
0
25
0
19
0
20
0
14
0
4
0
11
0
21
0
28
0
17
0
37
0
32
0
18
0
18
0
19
0
14
0
22
0
45
0
29
0
9
0
18
0
19
0
13
0
9
0
34
0
31
0
47
0
8
0
19
0
16
0
18
0
15
0
11
0
12
0
11
0
41
0
36
0
28
0
21
0
18
0
12
0
32
0
29
0
