0
38
0
82
0
50
0
61
0
22
0
63
0
39
0
42
0
44
0
51
0
52
0
53
0
35
0
67
0
92
0
91
0
35
0
47
0
38
0
63
0
44
0
42
0
48
0
58
0
54
0
43
0
66
0
45
0
44
0
57
0
76
0
41
0
34
0
47
0
56
0
59
0
27
0
48
0
31
0
64
0
22
0
58
0
48
0
28
0
58
0
72
0
52
0
71
0
45
0
70
0
71
0
35
0
38
0
57
0
38
0
45
0
41
0
59
0
20
0
36
0
80
0
59
0
101
0
54
0
32
0
28
0
53
0
71
0
45
0
39
0
67
0
53
0
57
0
26
0
35
0
55
0
47
0
53
0
49
0
74
0
67
0
56
0
50
0
18
0
64
0
58
0
38
0
46
0
47
0
48
0
61
0
36
0
41
0
37
0
50
0
39
0
34
0
51
0
53
0
28
0
30
0
49
0
49
0
97
0
68
0
29
0
31
0
70
0
69
0
48
0
37
0
47
0
38
0
55
0
54
0
35
0
44
0
64
0
49
0
44
0
53
0
38
0
53
0
57
0
66
0
35
0
27
0
36
0
51
0
72
0
43
0
97
0
33
0
44
0
36
0
36
0
50
0
28
0
36
0
69
0
33
0
24
0
28
0
51
0
90
0
29
0
33
0
67
0
40
0
52
0
65
0
35
0
72
0
40
0
58
0
52
0
55
0
53
0
44
0
38
0
56
0
43
0
64
0
50
0
50
0
44
0
63
0
56
0
28
0
35
0
47
0
44
0
42
0
42
0
30
0
107
0
34
0
48
0
55
0
30
0
87
0
48
0
42
0
64
0
69
0
54
0
28
0
32
0
49
0
24
0
50
0
74
0
64
0
74
0
52
0
49
0
47
0
64
0
64
0
58
0
62
0
35
0
27
0
55
0
63
0
48
0
56
0
65
0
97
0
45
0
44
0
52
0
56
0
80
0
35
0
40
0
68
0
75
0
35
0
30
0
34
0
76
0
75
0
39
0
21
0
50
0
40
0
38
0
58
0
79
0
79
0
43
0
58
0
52
0
58
0
130
0
78
0
75
0
66
0
54
0
64
0
60
0
42
0
62
0
38
0
70
0
44
0
88
0
54
0
34
0
61
0
46
0
68
0
35
0
75
0
59
0
41
0
64
0
70
0
82
0
42
0
20
0
63
0
20
0
42
0
84
0
78
0
46
0
38
0
26
0
17
0
64
0
45
0
65
0
46
0
51
0
41
0
79
0
47
0
73
0
39
0
44
0
35
0
51
0
46
0
48
0
79
0
44
0
53
0
46
0
48
0
16
0
43
0
50
0
49
0
38
0
73
0
61
0
70
0
39
0
41
0
43
0
50
0
43
0
48
0
58
0
54
0
23
0
47
0
49
0
59
0
78
0
95
0
35
0
41
0
67
0
50
0
50
0
53
0
27
0
48
0
45
0
46
0
68
0
43
0
31
0
38
0
23
0
39
0
42
0
55
0
30
0
39
0
55
0
60
0
36
0
42
0
53
0
56
0
37
0
39
0
59
0
60
0
49
0
69
0
42
0
49
0
79
0
58
0
63
0
32
0
55
0
49
0
54
0
42
0
32
0
96
0
76
0
78
0
58
0
62
0
23
0
92
0
59
0
53
0
28
0
54
0
69
0
38
0
52
0
72
0
65
0
29
0
53
0
64
0
31
0
36
0
43
0
76
0
39
0
62
0
48
0
76
0
70
0
41
0
29
0
37
0
34
0
50
0
63
0
24
0
42
0
69
0
63
0
44
0
54
0
29
0
31
0
37
0
71
0
77
0
55
0
46
0
77
0
42
0
85
0
75
0
52
0
45
0
42
0
45
0
71
0
41
0
28
0
82
0
43
0
72
0
51
0
27
0
40
0
54
0
45
0
88
0
34
0
36
0
57
0
39
0
64
0
27
0
39
0
43
0
41
0
55
0
52
0
71
0
52
0
22
0
66
0
51
0
63
0
56
0
56
0
45
0
50
0
64
0
55
0
59
0
28
0
49
0
57
0
62
0
34
0
35
0
33
0
44
0
30
0
53
0
42
0
62
0
32
0
50
0
56
0
48
0
57
0
49
0
44
0
54
0
65
0
32
0
55
0
47
0
44
0
71
0
48
0
64
0
31
0
58
0
64
0
55
0
44
0
71
0
39
0
110
0
52
0
58
0
41
0
38
0
65
0
50
0
65
0
39
0
62
0
66
0
41
0
48
0
51
0
37
0
28
0
45
0
46
0
