0
56
0
23
0
48
0
44
0
67
0
33
0
68
0
63
0
83
0
55
0
65
0
57
0
61
0
57
0
57
0
25
0
62
0
45
0
69
0
28
0
38
0
32
0
88
0
39
0
45
0
33
0
44
0
34
0
67
0
61
0
59
0
45
0
69
0
37
0
47
0
73
0
79
0
56
0
47
0
69
0
45
0
39
0
42
0
58
0
60
0
64
0
23
0
33
0
42
0
72
0
55
0
46
0
63
0
64
0
50
0
28
0
43
0
33
0
50
0
54
0
81
0
50
0
30
0
38
0
45
0
64
0
73
0
16
0
49
0
49
0
45
0
55
0
56
0
35
0
68
0
62
0
23
0
57
0
50
0
58
0
33
0
49
0
62
0
50
0
60
0
43
0
65
0
60
0
60
0
41
0
68
0
55
0
59
0
44
0
58
0
55
0
68
0
22
0
76
0
60
0
90
0
40
0
38
0
42
0
29
0
38
0
31
0
23
0
39
0
58
0
66
0
55
0
48
0
36
0
63
0
65
0
35
0
26
0
41
0
44
0
31
0
44
0
30
0
40
0
80
0
37
0
78
0
40
0
53
0
43
0
36
0
61
0
26
0
41
0
67
0
22
0
44
0
42
0
87
0
65
0
42
0
42
0
47
0
31
0
44
0
66
0
34
0
111
0
68
0
32
0
40
0
42
0
44
0
90
0
52
0
48
0
57
0
30
0
44
0
50
0
49
0
44
0
56
0
58
0
52
0
66
0
25
0
47
0
81
0
30
0
34
0
55
0
34
0
50
0
42
0
69
0
55
0
34
0
53
0
40
0
68
0
45
0
47
0
56
0
85
0
50
0
53
0
61
0
74
0
59
0
82
0
35
0
47
0
71
0
47
0
36
0
44
0
62
0
57
0
30
0
28
0
32
0
74
0
28
0
49
0
85
0
76
0
38
0
25
0
54
0
70
0
31
0
60
0
26
0
82
0
92
0
53
0
51
0
65
0
49
0
65
0
40
0
60
0
34
0
40
0
56
0
72
0
36
0
69
0
54
0
63
0
67
0
34
0
67
0
63
0
61
0
49
0
51
0
58
0
64
0
33
0
48
0
45
0
59
0
61
0
68
0
30
0
57
0
58
0
58
0
51
0
51
0
53
0
31
0
34
0
69
0
36
0
58
0
24
0
55
0
69
0
61
0
27
0
78
0
37
0
46
0
87
0
84
0
47
0
56
0
36
0
53
0
45
0
34
0
47
0
80
0
42
0
55
0
35
0
39
0
107
0
28
0
43
0
37
0
28
0
42
0
23
0
46
0
45
0
41
0
81
0
47
0
35
0
43
0
52
0
61
0
42
0
53
0
28
0
65
0
75
0
56
0
36
0
41
0
61
0
55
0
44
0
30
0
63
0
80
0
56
0
77
0
36
0
46
0
77
0
54
0
57
0
58
0
40
0
55
0
70
0
61
0
37
0
49
0
45
0
74
0
30
0
38
0
20
0
65
0
36
0
28
0
32
0
47
0
52
0
74
0
75
0
51
0
33
0
33
0
57
0
35
0
42
0
34
0
36
0
36
0
55
0
43
0
60
0
49
0
65
0
87
0
29
0
39
0
85
0
33
0
47
0
86
0
41
0
30
0
76
0
40
0
77
0
67
0
56
0
25
0
49
0
60
0
58
0
59
0
43
0
69
0
32
0
32
0
46
0
46
0
44
0
17
0
61
0
30
0
20
0
55
0
58
0
44
0
27
0
42
0
55
0
61
0
47
0
109
0
61
0
57
0
58
0
43
0
65
0
39
0
33
0
55
0
33
0
62
0
48
0
48
0
42
0
38
0
67
0
51
0
50
0
74
0
74
0
61
0
64
0
47
0
23
0
69
0
48
0
66
0
85
0
43
0
60
0
31
0
51
0
62
0
27
0
53
0
77
0
28
0
46
0
48
0
62
0
85
0
47
0
71
0
35
0
44
0
24
0
39
0
70
0
52
0
71
0
37
0
30
0
74
0
25
0
50
0
46
0
63
0
52
0
57
0
44
0
103
0
56
0
59
0
27
0
37
0
55
0
27
0
19
0
52
0
42
0
43
0
70
0
49
0
35
0
39
0
56
0
54
0
64
0
49
0
63
0
59
0
57
0
64
0
28
0
36
0
38
0
50
0
54
0
34
0
60
0
40
0
44
0
58
0
41
0
93
0
44
0
54
0
62
0
47
0
77
0
15
0
40
0
82
0
38
0
72
0
71
0
62
0
55
0
41
0
60
0
91
0
