0
49
0
24
0
46
0
46
0
46
0
44
0
45
0
26
0
40
0
65
0
43
0
52
0
35
0
38
0
37
0
31
0
46
0
56
0
53
0
60
0
32
0
59
0
36
0
72
0
51
0
44
0
41
0
21
0
52
0
67
0
26
0
68
0
67
0
28
0
50
0
71
0
72
0
89
0
72
0
26
0
61
0
38
0
31
0
29
0
56
0
50
0
37
0
62
0
64
0
87
0
31
0
85
0
42
0
36
0
40
0
57
0
52
0
50
0
72
0
75
0
43
0
36
0
38
0
23
0
44
0
34
0
76
0
56
0
38
0
46
0
51
0
48
0
48
0
56
0
69
0
47
0
63
0
42
0
63
0
56
0
42
0
41
0
30
0
43
0
88
0
70
0
41
0
44
0
41
0
43
0
53
0
63
0
80
0
79
0
53
0
41
0
37
0
68
0
79
0
68
0
28
0
46
0
81
0
26
0
30
0
65
0
60
0
54
0
76
0
44
0
44
0
59
0
47
0
64
0
43
0
58
0
40
0
52
0
53
0
45
0
53
0
59
0
45
0
50
0
61
0
39
0
61
0
41
0
52
0
53
0
23
0
59
0
22
0
31
0
44
0
62
0
66
0
50
0
72
0
62
0
45
0
60
0
33
0
61
0
40
0
100
0
56
0
64
0
22
0
69
0
54
0
43
0
68
0
29
0
31
0
42
0
48
0
70
0
46
0
47
0
79
0
28
0
24
0
31
0
81
0
84
0
93
0
61
0
57
0
61
0
29
0
24
0
57
0
77
0
20
0
68
0
44
0
33
0
58
0
73
0
37
0
58
0
36
0
52
0
44
0
31
0
38
0
48
0
46
0
57
0
25
0
42
0
38
0
41
0
73
0
37
0
57
0
25
0
41
0
55
0
85
0
56
0
45
0
72
0
32
0
32
0
36
0
74
0
17
0
39
0
33
0
64
0
36
0
38
0
97
0
16
0
53
0
24
0
66
0
111
0
42
0
62
0
38
0
53
0
53
0
36
0
61
0
56
0
43
0
34
0
33
0
51
0
75
0
65
0
36
0
41
0
88
0
57
0
48
0
61
0
40
0
74
0
38
0
29
0
33
0
80
0
75
0
34
0
36
0
52
0
72
0
37
0
30
0
57
0
62
0
32
0
36
0
34
0
58
0
72
0
37
0
21
0
49
0
55
0
34
0
74
0
69
0
41
0
44
0
52
0
46
0
33
0
41
0
58
0
35
0
30
0
36
0
32
0
44
0
23
0
69
0
32
0
58
0
39
0
52
0
85
0
94
0
27
0
37
0
43
0
36
0
59
0
59
0
59
0
38
0
74
0
47
0
56
0
55
0
34
0
42
0
33
0
44
0
44
0
68
0
40
0
30
0
43
0
87
0
30
0
53
0
24
0
36
0
32
0
61
0
19
0
54
0
42
0
65
0
40
0
38
0
83
0
59
0
47
0
69
0
65
0
47
0
47
0
45
0
31
0
33
0
46
0
37
0
51
0
46
0
62
0
72
0
68
0
48
0
21
0
38
0
36
0
56
0
43
0
44
0
67
0
29
0
38
0
63
0
63
0
77
0
51
0
52
0
48
0
82
0
44
0
28
0
26
0
49
0
40
0
44
0
19
0
44
0
55
0
24
0
112
0
40
0
53
0
46
0
49
0
51
0
41
0
24
0
52
0
65
0
74
0
49
0
51
0
83
0
53
0
32
0
35
0
27
0
56
0
55
0
30
0
30
0
55
0
78
0
71
0
22
0
53
0
38
0
42
0
62
0
51
0
18
0
44
0
67
0
38
0
45
0
62
0
64
0
67
0
63
0
76
0
42
0
45
0
56
0
52
0
24
0
69
0
31
0
51
0
47
0
78
0
19
0
32
0
37
0
49
0
30
0
25
0
34
0
52
0
50
0
57
0
50
0
37
0
58
0
58
0
61
0
43
0
43
0
41
0
42
0
39
0
47
0
27
0
52
0
17
0
76
0
36
0
29
0
41
0
17
0
26
0
42
0
70
0
78
0
36
0
67
0
63
0
28
0
61
0
45
0
40
0
35
0
38
0
52
0
36
0
90
0
36
0
47
0
43
0
45
0
39
0
64
0
32
0
37
0
33
0
54
0
51
0
34
0
55
0
53
0
24
0
74
0
60
0
64
0
69
0
45
0
35
0
77
0
18
0
38
0
24
0
75
0
62
0
23
0
47
0
50
0
63
0
18
0
36
0
64
0
50
0
49
0
71
0
30
0
65
0
