0
33
0
29
0
44
0
36
0
22
0
36
0
35
0
42
0
47
0
49
0
39
0
48
0
31
0
26
0
52
0
45
0
43
0
43
0
36
0
33
0
42
0
24
0
44
0
37
0
64
0
39
0
39
0
40
0
40
0
48
0
22
0
53
0
35
0
44
0
37
0
34
0
29
0
37
0
30
0
34
0
56
0
41
0
12
0
20
0
36
0
37
0
52
0
34
0
40
0
42
0
28
0
41
0
44
0
45
0
23
0
45
0
35
0
50
0
21
0
31
0
34
0
50
0
61
0
30
0
46
0
32
0
28
0
38
0
69
0
35
0
38
0
25
0
29
0
38
0
45
0
43
0
41
0
54
0
53
0
36
0
37
0
40
0
47
0
34
0
26
0
33
0
46
0
36
0
43
0
39
0
27
0
43
0
32
0
46
0
50
0
41
0
51
0
59
0
35
0
43
0
50
0
38
0
38
0
56
0
42
0
47
0
31
0
38
0
67
0
41
0
36
0
52
0
36
0
32
0
39
0
35
0
36
0
36
0
31
0
50
0
39
0
37
0
49
0
14
0
38
0
48
0
38
0
56
0
26
0
61
0
42
0
60
0
28
0
56
0
37
0
26
0
30
0
37
0
33
0
47
0
31
0
62
0
43
0
34
0
51
0
28
0
25
0
52
0
51
0
30
0
54
0
40
0
57
0
38
0
40
0
30
0
32
0
57
0
44
0
38
0
54
0
23
0
48
0
41
0
34
0
82
0
32
0
57
0
39
0
33
0
40
0
43
0
55
0
38
0
32
0
47
0
35
0
42
0
41
0
52
0
34
0
52
0
32
0
34
0
47
0
31
0
54
0
42
0
38
0
42
0
51
0
40
0
34
0
34
0
30
0
29
0
42
0
34
0
42
0
56
0
36
0
31
0
31
0
27
0
25
0
36
0
10
0
35
0
60
0
45
0
75
0
47
0
31
0
46
0
50
0
48
0
37
0
28
0
29
0
31
0
41
0
33
0
28
0
41
0
45
0
47
0
41
0
42
0
48
0
37
0
51
0
32
0
55
0
33
0
31
0
30
0
39
0
41
0
66
0
16
0
26
0
23
0
31
0
38
0
22
0
30
0
22
0
33
0
30
0
42
0
34
0
37
0
26
0
43
0
37
0
30
0
28
0
44
0
40
0
40
0
36
0
52
0
32
0
27
0
52
0
47
0
38
0
41
0
36
0
56
0
45
0
34
0
43
0
53
0
43
0
49
0
29
0
44
0
28
0
44
0
64
0
40
0
53
0
48
0
48
0
46
0
28
0
58
0
31
0
44
0
42
0
48
0
36
0
47
0
38
0
38
0
32
0
36
0
57
0
31
0
39
0
38
0
36
0
36
0
30
0
33
0
31
0
36
0
52
0
51
0
50
0
48
0
31
0
52
0
40
0
53
0
54
0
57
0
46
0
51
0
38
0
50
0
55
0
43
0
41
0
32
0
37
0
36
0
33
0
35
0
33
0
30
0
25
0
49
0
38
0
33
0
27
0
31
0
44
0
37
0
47
0
58
0
27
0
47
0
34
0
32
0
61
0
20
0
35
0
24
0
33
0
54
0
38
0
28
0
37
0
47
0
37
0
38
0
46
0
33
0
32
0
24
0
36
0
31
0
33
0
32
0
31
0
36
0
24
0
37
0
53
0
22
0
50
0
41
0
47
0
39
0
52
0
46
0
26
0
34
0
45
0
42
0
22
0
35
0
45
0
34
0
50
0
34
0
44
0
38
0
46
0
43
0
26
0
52
0
38
0
45
0
30
0
38
0
49
0
50
0
50
0
37
0
46
0
36
0
43
0
29
0
43
0
38
0
49
0
38
0
36
0
42
0
40
0
37
0
39
0
33
0
49
0
48
0
39
0
22
0
32
0
44
0
48
0
52
0
22
0
44
0
60
0
43
0
22
0
50
0
57
0
30
0
19
0
52
0
41
0
34
0
40
0
34
0
30
0
23
0
43
0
38
0
26
0
52
0
42
0
29
0
30
0
35
0
14
0
52
0
50
0
34
0
44
0
27
0
43
0
53
0
40
0
32
0
40
0
43
0
37
0
49
0
32
0
26
0
34
0
76
0
39
0
51
0
33
0
26
0
44
0
65
0
30
0
45
0
33
0
36
0
47
0
22
0
36
0
40
0
40
0
35
0
34
0
56
0
32
0
41
0
39
0
26
0
52
0
55
0
51
0
35
0
60
0
22
0
50
0
45
0
42
0
40
0
34
0
29
0
