0
55
0
0
0
57
0
0
0
0
0
0
0
0
0
62
0
43
0
66
0
1
0
0
0
0
0
0
0
0
0
0
0
0
0
61
0
0
0
0
0
0
0
0
0
0
0
0
0
0
0
0
0
0
0
0
0
34
0
0
0
0
0
0
0
4
0
0
0
0
0
0
0
2
0
0
0
0
0
3
0
0
0
0
0
126
0
0
0
0
0
27
0
0
0
60
0
0
0
0
0
0
0
33
0
0
0
0
0
0
0
9
0
0
0
35
0
0
0
0
0
35
0
0
0
0
0
0
0
0
0
35
0
0
0
20
0
0
0
0
0
0
0
0
0
63
0
0
0
27
0
0
0
0
0
0
0
0
0
0
0
0
0
0
0
0
0
0
0
0
0
0
0
0
0
7
0
0
0
0
0
0
0
35
0
50
0
0
0
0
0
0
0
0
0
0
0
0
0
0
0
0
0
0
0
0
0
12
0
0
0
0
0
0
0
0
0
0
0
0
0
0
0
0
0
0
0
0
0
0
0
40
0
38
0
16
0
0
0
0
0
0
0
69
0
0
0
0
0
0
0
0
0
0
0
0
0
0
0
0
0
0
0
0
0
0
0
0
0
0
0
0
0
0
0
0
0
0
0
0
0
0
0
0
0
0
0
0
0
0
0
66
0
0
0
0
0
0
0
0
0
0
0
0
0
0
0
11
0
0
0
0
0
0
0
0
0
0
0
0
0
0
0
11
0
0
0
0
0
11
0
0
0
0
0
0
0
0
0
0
0
0
0
0
0
0
0
53
0
0
0
0
0
0
0
0
0
0
0
17
0
0
0
0
0
0
0
0
0
0
0
0
0
0
0
0
0
0
0
0
0
0
0
0
0
0
0
0
0
0
0
0
0
0
0
0
0
0
0
0
0
0
0
37
0
0
0
0
0
0
0
74
0
0
0
0
0
0
0
0
0
0
0
13
0
15
0
0
0
0
0
0
0
0
0
0
0
0
0
28
0
46
0
0
0
0
0
9
0
0
0
0
0
0
0
0
0
0
0
0
0
0
0
0
0
0
0
0
0
0
0
0
0
0
0
41
0
0
0
0
0
0
0
0
0
0
0
0
0
0
0
0
0
49
0
0
0
0
0
0
0
0
0
0
0
103
0
0
0
113
0
7
0
0
0
0
0
0
0
0
0
0
0
0
0
1
0
0
0
12
0
0
0
0
0
0
0
0
0
0
0
0
0
0
0
0
0
0
0
53
0
0
0
0
0
56
0
145
0
3
0
64
0
0
0
0
0
0
0
0
0
0
0
0
0
0
0
53
0
161
0
0
0
0
0
0
0
0
0
0
0
0
0
0
0
0
0
0
0
0
0
0
0
0
0
0
0
0
0
0
0
0
0
0
0
0
0
0
0
0
0
0
0
0
0
0
0
0
0
0
0
5
0
0
0
0
0
0
0
0
0
5
0
0
0
16
0
0
0
33
0
0
0
0
0
0
0
6
0
0
0
0
0
0
0
0
0
0
0
0
0
0
0
0
0
0
0
0
0
0
0
20
0
0
0
0
0
0
0
0
0
0
0
0
0
0
0
0
0
47
0
0
0
0
0
0
0
0
0
0
0
0
0
0
0
0
0
16
0
0
0
0
0
0
0
0
0
0
0
0
0
0
0
0
0
0
0
0
0
0
0
38
0
15
0
0
0
0
0
0
0
0
0
62
0
0
0
0
0
0
0
0
0
12
0
0
0
0
0
0
0
8
0
0
0
0
0
0
0
0
0
0
0
0
0
92
0
0
0
24
0
0
0
40
0
0
0
0
0
0
0
0
0
0
0
0
0
0
0
0
0
80
0
0
0
0
0
0
0
0
0
0
0
0
0
0
0
0
0
0
0
10
0
0
0
0
0
98
0
0
0
0
0
0
0
13
0
0
0
13
0
0
0
0
0
0
0
0
0
0
0
47
0
0
0
0
0
0
0
71
0
0
0
0
0
45
0
15
0
30
0
0
0
0
0
101
0
50
0
0
0
0
0
0
0
0
0
0
0
0
0
0
0
0
0
12
0
0
0
0
0
0
0
92
0
35
0
0
0
0
0
0
0
0
0
0
0
0
0
0
0
0
0
0
0
0
0
0
0
0
0
0
0
143
0
0
0
0
0
0
0
0
0
0
0
0
0
235
0
0
0
0
0
0
0
391
0
0
0
0
0
0
0
0
0
11
0
0
0
0
0
0
0
0
0
0
0
0
0
0
0
0
0
0
0
0
0
21
0
0
0
