0
56
0
28
0
56
0
43
0
32
0
40
0
36
0
39
0
42
0
29
0
29
0
38
0
46
0
46
0
27
0
50
0
33
0
30
0
33
0
42
0
28
0
33
0
32
0
52
0
53
0
47
0
30
0
35
0
41
0
25
0
38
0
41
0
49
0
31
0
46
0
54
0
39
0
34
0
32
0
39
0
38
0
32
0
34
0
36
0
40
0
36
0
42
0
54
0
46
0
37
0
42
0
75
0
51
0
60
0
28
0
24
0
42
0
57
0
20
0
28
0
25
0
34
0
31
0
30
0
27
0
40
0
47
0
39
0
26
0
57
0
31
0
38
0
30
0
42
0
33
0
24
0
47
0
52
0
50
0
28
0
36
0
55
0
44
0
37
0
41
0
38
0
30
0
40
0
29
0
58
0
37
0
53
0
48
0
33
0
34
0
31
0
52
0
18
0
30
0
38
0
37
0
41
0
42
0
28
0
50
0
50
0
29
0
45
0
28
0
54
0
28
0
51
0
22
0
33
0
35
0
35
0
42
0
28
0
34
0
45
0
34
0
23
0
35
0
31
0
54
0
68
0
39
0
62
0
34
0
21
0
37
0
37
0
68
0
44
0
32
0
66
0
41
0
32
0
34
0
31
0
30
0
46
0
35
0
26
0
35
0
32
0
43
0
62
0
34
0
55
0
44
0
65
0
70
0
40
0
44
0
28
0
51
0
39
0
50
0
40
0
60
0
47
0
39
0
67
0
45
0
54
0
40
0
42
0
47
0
36
0
35
0
48
0
34
0
38
0
39
0
36
0
58
0
31
0
42
0
37
0
51
0
60
0
49
0
52
0
21
0
27
0
41
0
53
0
24
0
58
0
34
0
34
0
24
0
63
0
37
0
38
0
46
0
34
0
70
0
55
0
45
0
36
0
44
0
17
0
50
0
43
0
32
0
59
0
40
0
53
0
47
0
40
0
52
0
50
0
55
0
37
0
47
0
28
0
20
0
47
0
61
0
26
0
46
0
34
0
42
0
58
0
29
0
32
0
37
0
53
0
46
0
24
0
49
0
42
0
33
0
25
0
44
0
40
0
48
0
43
0
38
0
34
0
32
0
24
0
36
0
30
0
31
0
32
0
35
0
29
0
64
0
59
0
37
0
32
0
31
0
43
0
23
0
41
0
39
0
34
0
48
0
22
0
67
0
33
0
25
0
36
0
36
0
65
0
45
0
45
0
52
0
24
0
27
0
44
0
50
0
28
0
39
0
46
0
31
0
49
0
37
0
37
0
29
0
28
0
41
0
20
0
51
0
25
0
41
0
47
0
38
0
45
0
30
0
38
0
50
0
43
0
36
0
43
0
22
0
48
0
36
0
37
0
48
0
30
0
42
0
34
0
50
0
47
0
28
0
57
0
45
0
53
0
29
0
38
0
34
0
38
0
23
0
71
0
33
0
27
0
40
0
35
0
34
0
31
0
21
0
57
0
35
0
60
0
26
0
47
0
18
0
32
0
40
0
42
0
57
0
23
0
43
0
36
0
35
0
28
0
27
0
48
0
36
0
21
0
25
0
36
0
48
0
70
0
53
0
40
0
51
0
43
0
38
0
35
0
48
0
41
0
24
0
22
0
39
0
39
0
42
0
60
0
51
0
38
0
28
0
32
0
32
0
52
0
52
0
37
0
53
0
25
0
34
0
35
0
38
0
36
0
41
0
35
0
42
0
31
0
43
0
40
0
39
0
52
0
57
0
28
0
37
0
21
0
46
0
28
0
34
0
51
0
50
0
31
0
41
0
32
0
39
0
30
0
58
0
50
0
42
0
39
0
31
0
28
0
41
0
40
0
53
0
38
0
32
0
42
0
55
0
26
0
31
0
46
0
61
0
20
0
55
0
41
0
24
0
32
0
62
0
59
0
45
0
37
0
56
0
25
0
30
0
45
0
40
0
34
0
40
0
47
0
45
0
55
0
33
0
34
0
47
0
65
0
34
0
18
0
38
0
39
0
27
0
49
0
41
0
28
0
36
0
35
0
34
0
44
0
69
0
59
0
28
0
31
0
46
0
33
0
35
0
30
0
35
0
47
0
31
0
38
0
35
0
35
0
51
0
35
0
51
0
43
0
27
0
28
0
21
0
31
0
39
0
25
0
33
0
36
0
43
0
35
0
58
0
42
0
114
0
119
0
318
0
53
0
37
0
38
0
32
0
41
0
43
0
48
0
32
0
28
0
46
0
34
0
43
0
42
0
22
0
51
0
39
0
71
0
