0
47
0
38
0
47
0
45
0
50
0
78
0
36
0
51
0
58
0
49
0
36
0
41
0
40
0
30
0
26
0
49
0
21
0
25
0
40
0
51
0
37
0
45
0
29
0
57
0
38
0
51
0
39
0
26
0
42
0
39
0
46
0
35
0
39
0
39
0
32
0
64
0
30
0
43
0
35
0
37
0
38
0
34
0
36
0
41
0
29
0
37
0
53
0
49
0
40
0
28
0
41
0
59
0
24
0
34
0
32
0
53
0
36
0
53
0
26
0
26
0
30
0
57
0
29
0
28
0
28
0
53
0
27
0
35
0
27
0
43
0
60
0
43
0
80
0
57
0
17
0
20
0
27
0
36
0
47
0
37
0
38
0
36
0
25
0
47
0
40
0
55
0
36
0
50
0
38
0
37
0
28
0
20
0
41
0
43
0
38
0
34
0
49
0
60
0
44
0
49
0
51
0
30
0
32
0
43
0
45
0
42
0
31
0
50
0
37
0
38
0
39
0
40
0
41
0
48
0
36
0
31
0
33
0
37
0
39
0
49
0
44
0
29
0
22
0
57
0
42
0
48
0
36
0
50
0
42
0
57
0
60
0
35
0
41
0
37
0
43
0
44
0
41
0
56
0
40
0
24
0
48
0
33
0
47
0
51
0
33
0
33
0
33
0
41
0
65
0
61
0
33
0
48
0
29
0
48
0
40
0
37
0
38
0
44
0
47
0
27
0
23
0
28
0
48
0
42
0
42
0
61
0
37
0
53
0
45
0
21
0
52
0
36
0
58
0
43
0
44
0
32
0
41
0
47
0
38
0
41
0
27
0
38
0
40
0
64
0
33
0
39
0
33
0
53
0
43
0
37
0
39
0
65
0
42
0
68
0
39
0
45
0
44
0
42
0
32
0
31
0
30
0
20
0
37
0
40
0
50
0
29
0
60
0
56
0
38
0
37
0
29
0
50
0
32
0
26
0
51
0
32
0
43
0
30
0
58
0
48
0
62
0
49
0
36
0
34
0
30
0
50
0
30
0
40
0
35
0
37
0
42
0
40
0
50
0
39
0
53
0
45
0
34
0
42
0
38
0
66
0
38
0
48
0
32
0
30
0
25
0
50
0
34
0
55
0
49
0
33
0
30
0
37
0
54
0
47
0
44
0
29
0
49
0
28
0
43
0
33
0
44
0
39
0
44
0
41
0
39
0
37
0
41
0
52
0
48
0
42
0
31
0
44
0
37
0
50
0
50
0
34
0
67
0
35
0
53
0
44
0
34
0
62
0
45
0
44
0
54
0
41
0
56
0
51
0
61
0
42
0
46
0
43
0
32
0
35
0
47
0
36
0
57
0
44
0
25
0
53
0
26
0
29
0
43
0
41
0
35
0
25
0
38
0
33
0
33
0
43
0
49
0
34
0
36
0
41
0
28
0
29
0
33
0
61
0
33
0
40
0
51
0
53
0
40
0
50
0
60
0
43
0
39
0
37
0
39
0
33
0
60
0
51
0
35
0
52
0
39
0
36
0
38
0
28
0
26
0
31
0
34
0
58
0
44
0
41
0
49
0
38
0
31
0
28
0
39
0
51
0
32
0
40
0
41
0
46
0
59
0
39
0
40
0
36
0
32
0
33
0
59
0
43
0
43
0
29
0
33
0
35
0
42
0
36
0
54
0
46
0
32
0
37
0
41
0
26
0
38
0
43
0
59
0
29
0
27
0
41
0
38
0
24
0
60
0
38
0
37
0
38
0
30
0
29
0
35
0
48
0
37
0
35
0
28
0
33
0
55
0
30
0
40
0
35
0
37
0
40
0
45
0
53
0
56
0
39
0
41
0
42
0
67
0
24
0
44
0
27
0
35
0
34
0
34
0
41
0
54
0
47
0
41
0
19
0
28
0
53
0
49
0
56
0
56
0
52
0
42
0
41
0
49
0
27
0
23
0
37
0
41
0
41
0
32
0
25
0
49
0
51
0
37
0
46
0
44
0
50
0
46
0
36
0
38
0
25
0
32
0
61
0
27
0
25
0
74
0
46
0
37
0
31
0
30
0
43
0
52
0
44
0
39
0
33
0
33
0
35
0
41
0
34
0
48
0
23
0
42
0
47
0
36
0
33
0
36
0
38
0
54
0
64
0
57
0
40
0
33
0
28
0
45
0
34
0
36
0
50
0
377
203
329
0
58
0
47
0
58
0
30
0
40
0
38
0
51
0
45
0
24
0
35
0
60
0
53
0
32
0
26
0
32
0
37
0
41
0
35
0
