0
39
0
15
0
17
0
26
0
13
0
12
0
29
0
33
0
11
0
30
0
24
0
31
0
22
0
25
0
10
0
17
0
17
0
38
0
7
0
26
0
13
0
25
0
39
0
11
0
15
0
29
0
10
0
17
0
0
0
18
0
16
0
31
0
35
0
38
0
21
0
23
0
47
0
6
0
20
0
6
0
4
0
24
0
24
0
20
0
49
0
10
0
40
0
26
0
25
0
32
0
10
0
18
0
42
0
25
0
13
0
11
0
28
0
34
0
14
0
18
0
22
0
34
0
20
0
16
0
9
0
18
0
25
0
17
0
21
0
12
0
24
0
0
0
34
0
27
0
3
0
22
0
20
0
28
0
34
0
31
0
35
0
32
0
42
0
16
0
21
0
11
0
14
0
24
0
14
0
27
0
38
0
17
0
18
0
43
0
15
0
28
0
11
0
31
0
31
0
33
0
22
0
39
0
18
0
17
0
13
0
15
0
19
0
27
0
16
0
30
0
15
0
31
0
13
0
42
0
10
0
38
0
21
0
35
0
6
0
56
0
18
0
26
0
12
0
32
0
19
0
24
0
45
0
17
0
15
0
15
0
25
0
4
0
26
0
23
0
44
0
22
0
46
0
19
0
23
0
15
0
16
0
30
0
36
0
22
0
12
0
27
0
29
0
24
0
15
0
17
0
34
0
19
0
13
0
19
0
23
0
16
0
20
0
10
0
24
0
20
0
19
0
22
0
20
0
14
0
14
0
11
0
21
0
20
0
31
0
13
0
14
0
19
0
7
0
29
0
21
0
8
0
16
0
25
0
27
0
14
0
38
0
13
0
17
0
9
0
27
0
27
0
28
0
22
0
25
0
25
0
28
0
17
0
39
0
25
0
19
0
6
0
23
0
28
0
14
0
16
0
17
0
11
0
15
0
34
0
30
0
13
0
19
0
31
0
18
0
20
0
51
0
52
0
18
0
26
0
17
0
33
0
29
0
18
0
17
0
10
0
14
0
26
0
13
0
16
0
34
0
8
0
11
0
16
0
28
0
34
0
14
0
16
0
29
0
27
0
24
0
13
0
6
0
14
0
34
0
14
0
11
0
11
0
29
0
34
0
44
0
2
0
36
0
7
0
11
0
21
0
2
0
12
0
8
0
32
0
12
0
16
0
31
0
11
0
17
0
29
0
34
0
22
0
13
0
26
0
6
0
29
0
12
0
40
0
28
0
37
0
14
0
36
0
18
0
4
0
9
0
26
0
12
0
16
0
25
0
27
0
16
0
17
0
25
0
30
0
9
0
28
0
28
0
30
0
17
0
21
0
4
0
37
0
25
0
15
0
24
0
30
0
28
0
10
0
28
0
33
0
15
0
18
0
15
0
20
0
18
0
10
0
16
0
33
0
7
0
16
0
21
0
26
0
18
0
18
0
24
0
20
0
31
0
25
0
28
0
46
0
9
0
15
0
17
0
28
0
6
0
11
0
28
0
23
0
24
0
27
0
21
0
19
0
39
0
22
0
29
0
22
0
24
0
37
0
14
0
23
0
21
0
18
0
9
0
45
0
19
0
18
0
9
0
15
0
33
0
10
0
37
0
29
0
37
0
17
0
23
0
20
0
25
0
13
0
18
0
30
0
20
0
28
0
13
0
22
0
23
0
18
0
11
0
25
0
21
0
14
0
45
0
20
0
18
0
8
0
20
0
16
0
26
0
13
0
26
0
13
0
14
0
17
0
16
0
34
0
21
0
15
0
18
0
18
0
17
0
26
0
28
0
32
0
24
0
26
0
22
0
8
0
10
0
12
0
30
0
20
0
15
0
35
0
4
0
16
0
35
0
17
0
29
0
21
0
38
0
9
0
23
0
44
0
8
0
6
0
12
0
18
0
27
0
20
0
32
0
7
0
17
0
31
0
17
0
33
0
16
0
9
0
19
0
28
0
37
0
29
0
28
0
16
0
11
0
7
0
18
0
21
0
31
0
10
0
25
0
14
0
27
0
9
0
11
0
23
0
30
0
8
0
6
0
15
0
16
0
8
0
27
0
20
0
23
0
14
0
19
0
11
0
25
0
22
0
17
0
20
0
28
0
11
0
35
0
7
0
11
0
26
0
23
0
27
0
27
0
21
0
19
0
47
0
19
0
23
0
65
0
35
0
14
0
27
0
26
0
28
0
14
0
23
0
33
0
288
0
14
0
5
0
19
0
15
0
17
0
37
0
28
0
7
0
9
0
24
0
40
0
22
0
28
0
18
0
13
0
26
0
