0
24
0
26
0
24
0
11
0
12
0
32
0
17
0
41
0
8
0
49
0
15
0
4
0
5
0
23
0
17
0
39
0
23
0
31
0
19
0
19
0
21
0
16
0
39
0
36
0
9
0
24
0
25
0
28
0
16
0
34
0
19
0
2
0
19
0
33
0
14
0
24
0
37
0
26
0
30
0
16
0
21
0
21
0
12
0
30
0
28
0
22
0
31
0
14
0
16
0
12
0
34
0
19
0
22
0
13
0
32
0
28
0
29
0
18
0
22
0
32
0
16
0
19
0
10
0
41
0
10
0
29
0
30
0
18
0
26
0
20
0
23
0
26
0
24
0
23
0
8
0
18
0
20
0
24
0
24
0
11
0
27
0
33
0
25
0
25
0
37
0
22
0
14
0
22
0
26
0
13
0
12
0
15
0
18
0
19
0
18
0
27
0
16
0
27
0
31
0
22
0
26
0
17
0
12
0
24
0
16
0
26
0
9
0
35
0
9
0
17
0
18
0
26
0
27
0
9
0
15
0
18
0
10
0
10
0
15
0
20
0
12
0
7
0
30
0
22
0
25
0
14
0
24
0
23
0
21
0
18
0
16
0
14
0
5
0
8
0
14
0
9
0
12
0
21
0
9
0
36
0
13
0
28
0
23
0
31
0
34
0
27
0
19
0
23
0
12
0
39
0
18
0
34
0
15
0
47
0
17
0
15
0
36
0
21
0
29
0
47
0
23
0
25
0
23
0
19
0
17
0
14
0
3
0
11
0
14
0
7
0
20
0
38
0
16
0
13
0
19
0
18
0
16
0
23
0
18
0
14
0
33
0
10
0
15
0
32
0
16
0
30
0
16
0
23
0
15
0
22
0
29
0
22
0
15
0
28
0
11
0
17
0
14
0
19
0
24
0
16
0
17
0
24
0
20
0
11
0
19
0
34
0
25
0
23
0
17
0
19
0
20
0
23
0
21
0
23
0
37
0
21
0
28
0
28
0
22
0
26
0
8
0
31
0
26
0
38
0
6
0
25
0
23
0
31
0
9
0
49
0
12
0
15
0
33
0
34
0
8
0
22
0
21
0
48
0
9
0
17
0
19
0
17
0
18
0
4
0
19
0
45
0
23
0
23
0
44
0
25
0
12
0
27
0
35
0
16
0
19
0
27
0
4
0
17
0
40
0
15
0
43
0
0
0
38
0
23
0
16
0
30
0
18
0
19
0
33
0
32
0
11
0
18
0
19
0
35
0
36
0
31
0
27
0
14
0
13
0
19
0
22
0
21
0
23
0
35
0
14
0
23
0
14
0
18
0
11
0
22
0
17
0
13
0
19
0
16
0
15
0
21
0
14
0
18
0
16
0
23
0
7
0
19
0
30
0
16
0
25
0
17
0
11
0
17
0
18
0
27
0
31
0
12
0
32
0
18
0
4
0
29
0
20
0
20
0
18
0
15
0
21
0
30
0
19
0
32
0
30
0
14
0
30
0
11
0
14
0
27
0
14
0
14
0
37
0
11
0
42
0
40
0
34
0
14
0
24
0
18
0
32
0
27
0
12
0
32
0
18
0
38
0
39
0
22
0
12
0
25
0
22
0
34
0
38
0
28
0
16
0
9
0
19
0
37
0
22
0
30
0
13
0
16
0
11
0
25
0
25
0
11
0
16
0
17
0
10
0
27
0
8
0
39
0
17
0
43
0
12
0
22
0
43
0
21
0
34
0
29
0
17
0
22
0
28
0
40
0
15
0
29
0
30
0
16
0
23
0
17
0
10
0
43
0
28
0
13
0
8
0
27
0
6
0
6
0
17
0
33
0
12
0
28
0
30
0
30
0
12
0
23
0
13
0
12
0
32
0
32
0
23
0
16
0
18
0
21
0
32
0
20
0
8
0
28
0
40
0
0
0
27
0
10
0
15
0
36
0
8
0
9
0
18
0
7
0
23
0
9
0
30
0
20
0
3
0
11
0
24
0
13
0
18
0
9
0
9
0
27
0
38
0
9
0
11
0
17
0
22
0
23
0
30
0
12
0
29
0
11
0
25
0
14
0
36
0
49
0
18
0
19
0
27
0
48
0
31
0
27
0
18
0
11
0
20
0
18
0
11
0
37
0
34
0
32
0
5
0
30
0
15
0
16
0
16
0
27
0
25
0
6
0
12
0
37
0
33
0
24
0
19
0
26
0
13
0
43
0
27
0
8
0
30
0
20
0
6
0
15
0
13
0
22
0
23
0
32
0
14
0
17
0
26
0
26
0
16
0
16
0
