0
14
0
22
0
32
0
15
0
22
0
19
0
7
0
16
0
31
0
26
0
49
0
16
0
28
0
22
0
15
0
32
0
28
0
25
0
27
0
51
0
33
0
20
0
12
0
24
0
7
0
20
0
21
0
25
0
19
0
11
0
35
0
30
0
15
0
40
0
16
0
9
0
30
0
32
0
33
0
36
0
29
0
28
0
15
0
52
0
12
0
11
0
30
0
15
0
6
0
30
0
16
0
25
0
24
0
24
0
10
0
16
0
8
0
28
0
44
0
31
0
18
0
3
0
27
0
20
0
10
0
4
0
23
0
21
0
21
0
32
0
14
0
28
0
15
0
12
0
9
0
19
0
11
0
30
0
19
0
36
0
14
0
11
0
14
0
18
0
6
0
28
0
8
0
16
0
18
0
21
0
13
0
17
0
17
0
17
0
30
0
11
0
14
0
21
0
19
0
2
0
16
0
44
0
10
0
56
0
19
0
31
0
8
0
14
0
22
0
31
0
36
0
2
0
16
0
16
0
28
0
29
0
26
0
23
0
19
0
12
0
10
0
18
0
18
0
12
0
9
0
34
0
28
0
19
0
17
0
21
0
6
0
13
0
24
0
14
0
14
0
14
0
22
0
11
0
17
0
21
0
41
0
14
0
7
0
18
0
29
0
17
0
18
0
20
0
11
0
30
0
21
0
32
0
12
0
15
0
15
0
24
0
21
0
21
0
21
0
17
0
23
0
11
0
5
0
33
0
26
0
32
0
34
0
40
0
12
0
9
0
24
0
21
0
49
0
35
0
35
0
10
0
11
0
29
0
38
0
12
0
24
0
16
0
20
0
26
0
10
0
21
0
54
0
26
0
15
0
14
0
23
0
14
0
15
0
30
0
24
0
16
0
20
0
22
0
15
0
12
0
33
0
16
0
16
0
22
0
16
0
12
0
13
0
9
0
16
0
21
0
23
0
31
0
46
0
24
0
26
0
15
0
16
0
21
0
17
0
19
0
20
0
6
0
22
0
17
0
23
0
26
0
22
0
33
0
40
0
32
0
18
0
8
0
7
0
16
0
21
0
11
0
25
0
1
0
25
0
24
0
22
0
29
0
40
0
17
0
21
0
16
0
15
0
9
0
18
0
9
0
25
0
8
0
15
0
26
0
27
0
18
0
30
0
18
0
18
0
40
0
11
0
46
0
25
0
27
0
18
0
24
0
25
0
24
0
11
0
17
0
24
0
11
0
33
0
19
0
5
0
11
0
29
0
27
0
14
0
32
0
39
0
42
0
20
0
15
0
33
0
26
0
18
0
13
0
21
0
14
0
16
0
25
0
21
0
25
0
20
0
5
0
40
0
35
0
10
0
24
0
11
0
16
0
25
0
24
0
26
0
16
0
27
0
28
0
22
0
9
0
19
0
10
0
13
0
19
0
22
0
14
0
28
0
6
0
32
0
33
0
18
0
17
0
32
0
16
0
33
0
27
0
14
0
23
0
15
0
5
0
12
0
15
0
24
0
13
0
27
0
37
0
25
0
25
0
30
0
11
0
15
0
27
0
16
0
12
0
21
0
27
0
14
0
26
0
6
0
27
0
28
0
39
0
54
0
11
0
18
0
17
0
11
0
7
0
20
0
39
0
8
0
14
0
23
0
15
0
27
0
30
0
18
0
10
0
54
0
20
0
25
0
24
0
25
0
12
0
27
0
13
0
12
0
9
0
4
0
14
0
24
0
31
0
30
0
37
0
11
0
22
0
9
0
27
0
13
0
26
0
20
0
10
0
8
0
14
0
35
0
8
0
20
0
30
0
37
0
12
0
18
0
23
0
13
0
5
0
18
0
20
0
14
0
27
0
41
0
11
0
34
0
6
0
26
0
23
0
19
0
26
0
14
0
17
0
34
0
24
0
9
0
24
0
21
0
24
0
29
0
20
0
20
0
29
0
39
0
29
0
19
0
23
0
18
0
16
0
18
0
28
0
22
0
31
0
10
0
12
0
20
0
18
0
15
0
13
0
12
0
10
0
21
0
41
0
36
0
21
0
22
0
7
0
11
0
15
0
20
0
6
0
13
0
14
0
24
0
15
0
17
0
9
0
24
0
23
0
12
0
21
0
20
0
18
0
24
0
17
0
23
0
33
0
25
0
29
0
8
0
17
0
13
0
18
0
16
0
13
0
9
0
8
0
8
0
63
0
21
0
42
0
22
0
27
0
8
0
37
0
17
0
19
0
24
0
32
0
12
0
16
0
35
0
12
0
21
0
32
0
