0
37
0
40
0
68
0
38
0
17
0
64
0
69
0
44
0
55
0
66
0
37
0
43
0
75
0
45
0
73
0
28
0
23
0
38
0
47
0
60
0
27
0
29
0
52
0
31
0
56
0
65
0
55
0
51
0
55
0
50
0
33
0
50
0
102
0
87
0
53
0
54
0
49
0
45
0
67
0
96
0
49
0
96
0
83
0
73
0
42
0
41
0
42
0
43
0
62
0
31
0
82
0
66
0
41
0
11
0
61
0
24
0
69
0
50
0
49
0
48
0
43
0
99
0
75
0
37
0
50
0
71
0
46
0
34
0
50
0
64
0
23
0
77
0
32
0
39
0
44
0
48
0
67
0
44
0
65
0
57
0
53
0
79
0
65
0
38
0
36
0
45
0
54
0
64
0
60
0
63
0
31
0
53
0
23
0
29
0
45
0
50
0
64
0
41
0
57
0
50
0
42
0
31
0
28
0
56
0
84
0
49
0
52
0
76
0
38
0
38
0
18
0
63
0
53
0
41
0
50
0
36
0
49
0
75
0
75
0
71
0
42
0
69
0
37
0
71
0
34
0
70
0
76
0
73
0
60
0
45
0
32
0
67
0
49
0
38
0
71
0
27
0
47
0
64
0
64
0
51
0
45
0
37
0
42
0
55
0
61
0
45
0
85
0
56
0
58
0
50
0
74
0
62
0
70
0
35
0
55
0
44
0
45
0
56
0
57
0
78
0
70
0
36
0
42
0
61
0
43
0
60
0
29
0
39
0
75
0
37
0
58
0
60
0
39
0
54
0
56
0
77
0
52
0
45
0
46
0
44
0
44
0
55
0
45
0
63
0
53
0
46
0
22
0
34
0
47
0
49
0
52
0
44
0
37
0
25
0
59
0
58
0
48
0
44
0
82
0
38
0
58
0
43
0
42
0
41
0
44
0
52
0
62
0
36
0
52
0
55
0
61
0
67
0
64
0
40
0
47
0
35
0
32
0
20
0
45
0
67
0
57
0
28
0
82
0
39
0
78
0
101
0
33
0
56
0
46
0
54
0
70
0
46
0
49
0
56
0
72
0
62
0
45
0
42
0
52
0
49
0
22
0
39
0
61
0
43
0
64
0
66
0
41
0
34
0
39
0
45
0
26
0
55
0
39
0
21
0
48
0
69
0
67
0
52
0
52
0
54
0
43
0
40
0
70
0
52
0
58
0
63
0
47
0
42
0
52
0
49
0
50
0
42
0
76
0
44
0
68
0
45
0
24
0
38
0
43
0
45
0
50
0
21
0
51
0
46
0
58
0
53
0
36
0
33
0
32
0
44
0
57
0
55
0
57
0
73
0
33
0
47
0
38
0
68
0
43
0
96
0
53
0
68
0
36
0
30
0
46
0
49
0
33
0
63
0
35
0
57
0
57
0
70
0
28
0
29
0
40
0
72
0
51
0
38
0
51
0
32
0
52
0
67
0
75
0
60
0
37
0
85
0
40
0
33
0
45
0
49
0
56
0
46
0
66
0
51
0
71
0
72
0
51
0
66
0
58
0
54
0
72
0
67
0
66
0
81
0
46
0
50
0
60
0
40
0
62
0
27
0
47
0
49
0
20
0
47
0
30
0
50
0
51
0
36
0
77
0
49
0
63
0
50
0
37
0
50
0
70
0
58
0
85
0
39
0
46
0
46
0
28
0
45
0
84
0
66
0
36
0
39
0
32
0
35
0
36
0
45
0
65
0
52
0
37
0
88
0
46
0
45
0
43
0
21
0
25
0
46
0
34
0
45
0
26
0
45
0
75
0
38
0
84
0
46
0
65
0
61
0
48
0
49
0
40
0
32
0
42
0
50
0
52
0
52
0
56
0
58
0
48
0
17
0
35
0
57
0
30
0
56
0
81
0
30
0
62
0
117
0
57
0
68
0
32
0
35
0
53
0
43
0
65
0
36
0
55
0
55
0
52
0
27
0
83
0
71
0
39
0
45
0
59
0
60
0
53
0
43
0
65
0
43
0
28
0
27
0
70
0
42
0
60
0
63
0
63
0
62
0
53
0
71
0
54
0
53
0
29
0
52
0
44
0
40
0
58
0
52
0
58
0
47
0
38
0
52
0
64
0
53
0
58
0
47
0
58
0
49
0
54
0
63
0
65
0
20
0
27
0
50
0
83
0
62
0
57
0
44
0
61
0
49
0
152
0
47
0
67
0
54
0
67
0
54
0
58
0
43
0
47
0
57
0
46
0
73
0
73
0
80
0
50
0
41
0
71
0
67
0
