0
66
0
67
0
38
0
49
0
46
0
58
0
39
0
40
0
81
0
47
0
46
0
44
0
47
0
63
0
46
0
45
0
42
0
41
0
44
0
43
0
55
0
58
0
63
0
40
0
52
0
50
0
35
0
7
0
52
0
56
0
83
0
35
0
46
0
43
0
69
0
71
0
24
0
51
0
58
0
30
0
72
0
67
0
49
0
40
0
35
0
40
0
59
0
74
0
70
0
50
0
75
0
56
0
62
0
85
0
40
0
66
0
73
0
69
0
50
0
54
0
50
0
51
0
48
0
63
0
68
0
23
0
62
0
73
0
33
0
26
0
51
0
20
0
40
0
34
0
59
0
49
0
51
0
37
0
69
0
66
0
62
0
55
0
62
0
59
0
43
0
56
0
32
0
55
0
43
0
31
0
64
0
43
0
53
0
56
0
51
0
43
0
42
0
68
0
61
0
35
0
46
0
51
0
46
0
50
0
50
0
33
0
49
0
55
0
81
0
60
0
36
0
55
0
43
0
81
0
62
0
52
0
73
0
30
0
43
0
62
0
32
0
38
0
52
0
53
0
56
0
50
0
38
0
52
0
73
0
36
0
39
0
48
0
75
0
78
0
51
0
73
0
39
0
46
0
36
0
60
0
31
0
69
0
56
0
48
0
54
0
70
0
33
0
44
0
52
0
56
0
43
0
47
0
47
0
43
0
38
0
28
0
41
0
89
0
64
0
26
0
53
0
40
0
59
0
65
0
34
0
62
0
76
0
46
0
59
0
50
0
58
0
33
0
34
0
34
0
50
0
46
0
55
0
69
0
33
0
60
0
50
0
76
0
50
0
22
0
70
0
69
0
60
0
34
0
38
0
72
0
35
0
48
0
66
0
77
0
101
0
78
0
28
0
35
0
32
0
54
0
60
0
61
0
46
0
56
0
66
0
44
0
29
0
61
0
55
0
35
0
46
0
47
0
47
0
52
0
57
0
48
0
38
0
59
0
63
0
41
0
34
0
70
0
65
0
33
0
73
0
30
0
57
0
53
0
69
0
41
0
73
0
89
0
104
0
34
0
121
0
33
0
48
0
51
0
32
0
86
0
65
0
54
0
54
0
56
0
55
0
41
0
66
0
56
0
29
0
58
0
72
0
70
0
45
0
30
0
39
0
44
0
54
0
73
0
46
0
63
0
52
0
60
0
45
0
26
0
35
0
58
0
51
0
52
0
37
0
46
0
36
0
52
0
61
0
56
0
60
0
54
0
59
0
47
0
97
0
37
0
84
0
49
0
73
0
31
0
63
0
35
0
82
0
66
0
61
0
33
0
42
0
80
0
53
0
46
0
47
0
61
0
43
0
44
0
76
0
60
0
50
0
29
0
46
0
21
0
24
0
80
0
66
0
51
0
57
0
67
0
56
0
88
0
71
0
52
0
66
0
57
0
41
0
50
0
52
0
99
0
53
0
64
0
36
0
63
0
36
0
50
0
19
0
31
0
26
0
23
0
71
0
41
0
75
0
39
0
22
0
40
0
33
0
72
0
49
0
36
0
40
0
84
0
53
0
55
0
39
0
86
0
38
0
89
0
98
0
64
0
92
0
36
0
60
0
55
0
46
0
61
0
42
0
57
0
71
0
54
0
67
0
56
0
40
0
23
0
40
0
22
0
64
0
48
0
36
0
57
0
30
0
52
0
78
0
37
0
62
0
27
0
92
0
56
0
61
0
56
0
79
0
41
0
70
0
41
0
21
0
47
0
46
0
20
0
39
0
45
0
69
0
73
0
53
0
42
0
52
0
57
0
45
0
36
0
38
0
69
0
46
0
20
0
57
0
68
0
58
0
82
0
64
0
43
0
46
0
36
0
60
0
54
0
36
0
87
0
32
0
61
0
50
0
50
0
72
0
51
0
63
0
54
0
40
0
44
0
49
0
58
0
44
0
68
0
26
0
32
0
40
0
73
0
37
0
28
0
59
0
36
0
46
0
35
0
70
0
41
0
60
0
40
0
49
0
40
0
26
0
54
0
50
0
48
0
31
0
59
0
38
0
53
0
56
0
56
0
63
0
61
0
38
0
25
0
72
0
33
0
39
0
42
0
41
0
27
0
48
0
59
0
54
0
32
0
64
0
53
0
59
0
93
0
37
0
73
0
60
0
52
0
66
0
47
0
73
0
77
0
57
0
74
0
50
0
33
0
36
0
60
0
71
0
30
0
66
0
43
0
59
0
60
0
64
0
26
0
47
0
65
0
54
0
34
0
61
0
51
0
