0
48
0
28
0
68
0
41
0
36
0
64
0
40
0
41
0
33
0
72
0
60
0
67
0
66
0
61
0
58
0
67
0
19
0
68
0
58
0
46
0
20
0
55
0
33
0
76
0
30
0
34
0
32
0
61
0
51
0
45
0
35
0
47
0
54
0
41
0
45
0
45
0
55
0
49
0
56
0
62
0
67
0
40
0
63
0
49
0
28
0
35
0
60
0
38
0
35
0
57
0
68
0
37
0
23
0
32
0
86
0
16
0
25
0
43
0
76
0
45
0
38
0
63
0
62
0
44
0
52
0
58
0
65
0
33
0
43
0
50
0
34
0
56
0
54
0
25
0
80
0
71
0
38
0
36
0
25
0
22
0
36
0
56
0
31
0
36
0
72
0
68
0
37
0
51
0
47
0
37
0
62
0
52
0
47
0
34
0
73
0
34
0
47
0
61
0
58
0
41
0
43
0
56
0
56
0
37
0
50
0
51
0
49
0
44
0
63
0
35
0
55
0
53
0
55
0
26
0
70
0
46
0
57
0
13
0
42
0
51
0
40
0
44
0
40
0
53
0
41
0
56
0
66
0
29
0
76
0
37
0
57
0
38
0
58
0
66
0
88
0
59
0
39
0
32
0
26
0
62
0
37
0
65
0
30
0
52
0
57
0
16
0
60
0
41
0
41
0
65
0
74
0
41
0
54
0
54
0
50
0
44
0
76
0
50
0
39
0
49
0
81
0
74
0
51
0
51
0
49
0
53
0
38
0
20
0
60
0
64
0
55
0
81
0
54
0
71
0
35
0
27
0
50
0
63
0
30
0
43
0
39
0
62
0
28
0
60
0
61
0
37
0
66
0
45
0
60
0
65
0
65
0
65
0
47
0
54
0
35
0
52
0
62
0
51
0
34
0
64
0
50
0
44
0
53
0
57
0
65
0
33
0
18
0
75
0
36
0
66
0
32
0
67
0
39
0
38
0
40
0
71
0
38
0
47
0
56
0
72
0
43
0
50
0
31
0
34
0
20
0
48
0
39
0
46
0
38
0
51
0
41
0
59
0
73
0
26
0
36
0
47
0
51
0
38
0
67
0
51
0
44
0
40
0
45
0
56
0
49
0
48
0
30
0
50
0
38
0
83
0
61
0
54
0
41
0
56
0
54
0
50
0
26
0
51
0
35
0
62
0
69
0
43
0
72
0
42
0
75
0
41
0
52
0
50
0
30
0
39
0
22
0
70
0
37
0
53
0
32
0
35
0
56
0
54
0
38
0
38
0
25
0
47
0
45
0
32
0
54
0
56
0
35
0
34
0
60
0
35
0
53
0
46
0
50
0
46
0
34
0
70
0
69
0
24
0
70
0
52
0
36
0
52
0
58
0
50
0
51
0
63
0
69
0
55
0
54
0
59
0
40
0
72
0
50
0
12
0
37
0
71
0
57
0
65
0
64
0
46
0
58
0
37
0
64
0
68
0
32
0
40
0
28
0
68
0
36
0
47
0
56
0
37
0
93
0
78
0
48
0
52
0
33
0
52
0
66
0
62
0
75
0
49
0
46
0
41
0
44
0
36
0
44
0
37
0
78
0
76
0
53
0
22
0
20
0
57
0
46
0
56
0
44
0
57
0
22
0
41
0
49
0
50
0
39
0
52
0
66
0
44
0
41
0
47
0
53
0
46
0
76
0
58
0
50
0
49
0
66
0
55
0
39
0
52
0
49
0
44
0
34
0
59
0
82
0
67
0
69
0
28
0
64
0
70
0
43
0
53
0
47
0
51
0
39
0
32
0
36
0
64
0
41
0
63
0
51
0
52
0
84
0
61
0
57
0
76
0
53
0
91
0
46
0
48
0
43
0
45
0
38
0
59
0
56
0
43
0
47
0
36
0
48
0
53
0
33
0
33
0
56
0
59
0
49
0
33
0
56
0
65
0
28
0
29
0
57
0
51
0
39
0
65
0
33
0
37
0
34
0
59
0
64
0
27
0
26
0
58
0
49
0
46
0
48
0
36
0
35
0
49
0
78
0
35
0
29
0
31
0
46
0
47
0
48
0
43
0
71
0
64
0
13
0
43
0
32
0
40
0
54
0
57
0
26
0
57
0
59
0
52
0
68
0
64
0
50
0
29
0
75
0
56
0
64
0
55
0
43
0
39
0
50
0
48
0
59
0
21
0
53
0
25
0
61
0
132
0
62
0
50
0
26
0
80
0
54
0
33
0
47
0
54
0
24
0
32
0
36
0
29
0
52
0
56
0
38
0
32
0
