3338
0
51
0
42
0
50
0
34
0
39
0
40
0
20
0
30
0
33
0
41
0
36
0
45
0
32
0
24
0
37
0
38
0
40
0
48
0
33
0
33
0
46
0
38
0
47
0
50
0
36
0
39
0
50
0
61
0
21
0
47
0
53
0
41
0
32
0
48
0
49
0
53
0
21
0
53
0
39
0
35
0
37
0
69
0
32
0
44
0
36
0
29
0
68
0
56
0
26
0
48
0
33
0
57
0
40
0
49
0
35
0
29
0
31
0
40
0
26
0
31
0
51
0
30
0
40
0
40
0
29
0
40
0
47
0
39
0
42
0
42
0
49
0
41
0
31
0
50
0
38
0
44
0
19
0
42
0
29
0
31
0
61
0
42
0
54
0
40
0
46
0
45
0
28
0
19
0
46
0
26
0
37
0
58
0
33
0
41
0
27
0
33
0
52
0
42
0
51
0
51
0
52
0
32
0
47
0
44
0
39
0
59
0
30
0
32
0
36
0
38
0
42
0
54
0
25
0
40
0
28
0
38
0
43
0
60
0
50
0
37
0
40
0
36
0
47
0
27
0
66
0
42
0
55
0
70
0
21
0
35
0
31
0
36
0
61
0
31
0
37
0
34
0
44
0
66
0
37
0
40
0
35
0
24
0
54
0
50
0
37
0
40
0
37
0
39
0
67
0
43
0
24
0
45
0
45
0
44
0
27
0
36
0
51
0
38
0
54
0
32
0
42
0
48
0
41
0
43
0
41
0
27
0
48
0
38
0
22
0
30
0
33
0
51
0
39
0
28
0
60
0
34
0
53
0
42
0
48
0
28
0
30
0
34
0
28
0
53
0
33
0
35
0
21
0
43
0
45
0
41
0
46
0
23
0
16
0
46
0
27
0
41
0
35
0
50
0
35
0
44
0
67
0
59
0
50
0
41
0
50
0
24
0
58
0
48
0
41
0
68
0
43
0
50
0
27
0
27
0
51
0
49
0
55
0
45
0
34
0
25
0
48
0
51
0
26
0
29
0
36
0
41
0
42
0
40
0
33
0
51
0
31
0
26
0
41
0
63
0
30
0
39
0
65
0
37
0
37
0
45
0
31
0
48
0
31
0
50
0
34
0
23
0
29
0
36
0
32
0
33
0
80
0
39
0
60
0
37
0
39
0
27
0
47
0
54
0
36
0
41
0
32
0
45
0
40
0
34
0
44
0
36
0
58
0
50
0
48
0
53
0
61
0
40
0
35
0
29
0
35
0
39
0
48
0
42
0
40
0
16
0
55
0
45
0
42
0
38
0
37
0
64
0
50
0
39
0
78
0
39
0
36
0
32
0
45
0
49
0
30
0
35
0
39
0
56
0
45
0
37
0
27
0
28
0
44
0
42
0
35
0
32
0
50
0
39
0
43
0
38
0
29
0
34
0
47
0
29
0
44
0
45
0
31
0
66
0
71
0
46
0
26
0
35
0
40
0
44
0
61
0
37
0
44
0
52
0
30
0
51
0
26
0
28
0
39
0
49
0
47
0
28
0
26
0
44
0
40
0
23
0
26
0
36
0
37
0
36
0
25
0
36
0
39
0
55
0
44
0
50
0
43
0
30
0
42
0
41
0
45
0
40
0
30
0
46
0
40
0
53
0
44
0
48
0
39
0
31
0
49
0
37
0
20
0
55
0
44
0
55
0
36
0
45
0
46
0
41
0
41
0
30
0
68
0
32
0
41
0
64
0
44
0
32
0
55
0
31
0
33
0
43
0
36
0
38
0
77
0
34
0
17
0
29
0
65
0
35
0
63
0
39
0
37
0
29
0
30
0
33
0
29
0
38
0
21
0
38
0
39
0
53
0
42
0
40
0
22
0
29
0
35
0
54
0
39
0
42
0
45
0
27
0
43
0
37
0
33
0
27
0
37
0
35
0
46
0
54
0
28
0
56
0
48
0
32
0
26
0
40
0
34
0
57
0
47
0
23
0
30
0
28
0
36
0
43
0
24
0
19
0
34
0
72
0
47
0
40
0
22
0
30
0
29
0
45
0
38
0
52
0
62
0
47
0
31
0
35
0
62
0
25
0
46
0
47
0
33
0
57
0
57
0
33
0
52
0
46
0
63
0
74
0
32
0
44
0
35
0
29
0
58
0
34
0
40
0
31
0
36
0
36
0
48
0
48
0
59
0
48
0
27
0
39
0
28
0
57
0
42
0
65
0
50
0
41
0
31
0
43
0
32
0
47
0
46
0
34
0
36
0
46
0
42
0
56
0
56
0
41
