0
0
0
4
0
12
0
13
0
0
0
7
0
7
0
0
0
0
0
8
0
0
0
3
0
3
0
6
0
0
0
5
0
17
0
43
0
71
0
84
0
166
85
240
166
279
215
298
239
315
257
358
309
434
367
428
263
409
228
314
278
273
181
260
130
227
58
174
0
93
0
44
0
3
0
28
0
4
0
1
0
8
0
0
0
0
0
12
0
0
0
13
0
8
0
0
0
5
0
8
0
0
0
0
0
7
0
3
0
1
0
0
0
0
0
0
0
6
0
0
0
0
0
0
0
7
0
0
0
0
0
3
0
9
0
2
0
3
0
1
0
7
0
4
0
3
0
0
0
8
0
1
0
0
0
1
0
6
0
1
0
0
0
5
0
0
0
11
0
5
0
2
0
5
0
10
0
14
0
17
0
2
0
5
0
0
0
15
0
6
0
0
0
0
0
0
0
3
0
1
0
0
0
2
0
15
0
8
0
11
0
3
0
0
0
12
0
9
0
2
0
4
0
1
0
14
0
12
0
1
0
7
0
13
0
0
0
8
0
6
0
9
0
0
0
2
0
1
0
6
0
0
0
4
0
3
0
0
0
0
0
4
0
3
0
16
0
23
0
0
0
0
0
1
0
0
0
0
0
2
0
4
0
7
0
0
0
0
0
0
0
0
0
0
0
0
0
0
0
0
0
18
0
4
0
6
0
6
0
0
0
6
0
5
0
15
0
0
0
0
0
9
0
0
0
0
0
0
0
0
0
1
0
0
0
0
0
0
0
2
0
0
0
7
0
15
0
5
0
12
0
0
0
13
0
0
0
0
0
0
0
5
0
0
0
1
0
0
0
0
0
5
0
0
0
0
0
6
0
0
0
3
0
10
0
0
0
1
0
0
0
0
0
3
0
5
0
0
0
6
0
0
0
0
0
7
0
4
0
0
0
11
0
2
0
1
0
8
0
6
0
12
0
5
0
5
0
0
0
0
0
18
0
9
0
6
0
0
0
0
0
0
0
0
0
0
0
7
0
0
0
8
0
8
0
5
0
0
0
12
0
0
0
2
0
2
0
0
0
9
0
3
0
1
0
4
0
0
0
4
0
4
0
0
0
0
0
0
0
6
0
0
0
6
0
21
0
5
0
0
0
11
0
5
0
0
0
1
0
8
0
0
0
1
0
19
0
14
0
0
0
0
0
2
0
15
0
0
0
6
0
8
0
12
0
0
0
0
0
15
0
5
0
1
0
4
0
5
0
7
0
6
0
0
0
0
0
4
0
2
0
12
0
0
0
11
0
0
0
1
0
18
0
2
0
0
0
0
0
0
0
15
0
0
0
3
0
2
0
0
0
6
0
0
0
0
0
0
0
10
0
0
0
3
0
0
0
7
0
5
0
0
0
13
0
2
0
1
0
2
0
4
0
0
0
17
0
1
0
1
0
4
0
10
0
5
0
3
0
31
0
0
0
4
0
4
0
0
0
2
0
6
0
0
0
10
0
0
0
3
0
0
0
2
0
19
0
8
0
5
0
0
0
0
0
6
0
3
0
0
0
4
0
8
0
2
0
10
0
4
0
9
0
0
0
16
0
0
0
0
0
7
0
4
0
0
0
0
0
13
0
0
0
0
0
2
0
0
0
0
0
0
0
7
0
5
0
12
0
2
0
10
0
0
0
1
0
11
0
17
0
0
0
0
0
1
0
0
0
11
0
5
0
12
0
1
0
0
0
0
0
0
0
5
0
0
0
6
0
10
0
0
0
0
0
1
0
10
0
0
0
4
0
0
0
0
0
4
0
0
0
5
0
0
0
3
0
0
0
9
0
2
0
15
0
0
0
2
0
0
0
1
0
21
0
10
0
0
0
1
0
10
0
0
0
1
0
0
0
7
0
9
0
2
0
0
0
11
0
1
0
0
0
0
0
0
0
16
0
10
0
5
0
1
0
5
0
8
0
6
0
18
0
10
0
0
0
3
0
1
0
0
0
0
0
0
0
1
0
5
0
0
0
3
0
0
0
0
0
6
0
8
0
0
0
4
0
1
0
0
0
9
0
0
0
0
0
12
0
0
0
17
0
3
0
0
0
0
0
0
0
10
0
4
0
9
0
5
0
7
0
5
0
12
0
0
0
0
0
1
0
6
0
6
0
1
0
2
0
16
0
12
0
0
0
0
0
1
0
0
0
0
0
0
0
0
0
174
0
1
0
9
0
2
0
6
0
2
0
4
0
7
0
1
0
6
0
1
0
0
0
0
0
11
0
0
0
20
0
0
0
