0
5
0
9
0
0
0
0
0
20
0
3
0
17
0
0
0
2
0
6
0
9
0
0
0
6
0
4
0
11
0
0
0
6
0
0
0
2
0
0
0
0
0
14
0
2
0
3
0
0
0
0
0
2
0
0
0
0
0
20
0
8
0
3
0
2
0
5
0
8
0
8
0
1
0
11
0
15
0
12
0
17
0
13
0
0
0
2
0
0
0
8
0
1
0
1
0
4
0
0
0
0
0
6
0
3
0
1
0
8
0
1
0
16
0
6
0
0
0
2
0
0
0
17
0
3
0
9
0
12
0
13
0
0
0
10
0
6
0
9
0
3
0
8
0
9
0
1
0
13
0
15
0
46
0
82
0
108
9
135
34
178
81
204
48
192
91
211
121
229
148
262
172
290
209
566
512
570
573
574
582
599
537
621
562
638
637
636
638
634
632
629
571
627
570
624
567
622
565
619
557
616
607
605
605
610
560
627
575
627
563
620
511
596
495
550
471
531
0
483
0
32
0
27
0
20
0
21
0
15
0
8
0
7
0
10
0
0
0
1
0
8
0
2
0
0
0
18
0
9
0
22
0
3
0
0
0
0
0
10
0
8
0
6
0
8
0
15
0
7
0
0
0
11
0
13
0
7
0
3
0
19
0
11
0
12
0
5
0
13
0
13
0
1
0
1
0
9
0
0
0
6
0
0
0
11
0
1
0
12
0
0
0
2
0
0
0
2
0
0
0
21
0
9
0
0
0
1
0
14
0
1
0
1
0
5
0
6
0
7
0
7
0
6
0
8
0
3
0
9
0
1
0
9
0
26
0
7
0
13
0
15
0
4
0
1
0
9
0
4
0
8
0
4
0
5
0
0
0
10
0
2
0
6
0
6
0
15
0
0
0
3
0
15
0
5
0
8
0
1
0
0
0
2
0
0
0
0
0
9
0
16
0
0
0
0
0
9
0
0
0
10
0
6
0
0
0
13
0
0
0
8
0
1
0
7
0
6
0
4
0
3
0
0
0
12
0
13
0
4
0
7
0
0
0
0
0
4
0
6
0
9
0
12
0
10
0
2
0
0
0
8
0
8
0
11
0
12
0
13
0
10
0
3
0
0
0
4
0
0
0
7
0
4
0
3
0
0
0
0
0
0
0
5
0
6
0
0
0
0
0
1
0
9
0
12
0
4
0
9
0
8
0
3
0
3
0
6
0
14
0
0
0
1
0
6
0
3
0
10
0
15
0
0
0
0
0
5
0
0
0
5
0
15
0
0
0
0
0
9
0
2
0
8
0
13
0
8
0
0
0
4
0
11
0
1
0
15
0
3
0
0
0
2
0
0
0
11
0
1
0
2
0
13
0
0
0
0
0
9
0
1
0
0
0
0
0
6
0
6
0
4
0
0
0
9
0
0
0
5
0
16
0
9
0
0
0
0
0
8
0
4
0
11
0
15
0
0
0
0
0
5
0
0
0
0
0
7
0
13
0
2
0
4
0
5
0
6
0
1
0
1
0
0
0
3
0
0
0
0
0
3
0
4
0
0
0
0
0
5
0
0
0
0
0
0
0
1
0
2
0
0
0
0
0
0
0
0
0
3
0
3
0
0
0
4
0
5
0
10
0
0
0
4
0
11
0
0
0
10
0
7
0
2
0
18
0
1
0
5
0
10
0
12
0
12
0
5
0
0
0
17
0
0
0
26
0
14
0
1
0
0
0
4
0
0
0
0
0
1
0
5
0
0
0
19
0
0
0
12
0
0
0
1
0
0
0
6
0
5
0
9
0
0
0
8
0
8
0
2
0
0
0
13
0
9
0
0
0
3
0
0
0
11
0
13
0
0
0
11
0
0
0
7
0
0
0
11
0
0
0
10
0
7
0
0
0
8
0
0
0
0
0
0
0
0
0
0
0
1
0
0
0
2
0
5
0
4
0
0
0
0
0
12
0
12
0
5
0
0
0
3
0
0
0
3
0
19
0
11
0
1
0
0
0
1
0
0
0
0
0
10
0
0
0
17
0
0
0
5
0
0
0
16
0
14
0
2
0
0
0
12
0
14
0
12
0
1
0
6
0
0
0
0
0
2
0
12
0
2
0
4
0
13
0
1
0
2
0
9
0
3
0
11
0
6
0
3
0
0
0
0
0
3
0
7
0
9
0
4
0
24
0
14
0
0
0
6
0
5
0
5
0
0
0
6
0
315
0
4
0
17
0
1
0
8
0
12
0
3
0
7
0
3
0
2
0
4
0
6
0
0
0
11
0
6
0
0
0
18
0
