0
13
0
2
0
2
0
0
0
11
0
0
0
4
0
0
0
6
0
0
0
0
0
5
0
8
0
0
0
4
0
5
0
0
0
5
0
13
0
5
0
0
0
0
0
19
0
5
0
0
0
0
0
0
0
0
0
10
0
0
0
0
0
0
0
15
0
6
0
4
0
2
0
7
0
0
0
1
0
0
0
2
0
5
0
17
0
0
0
0
0
13
0
0
0
6
0
0
0
8
0
0
0
2
0
0
0
5
0
16
0
0
0
0
0
0
0
4
0
0
0
0
0
0
0
8
0
0
0
3
0
20
0
0
0
2
0
16
0
9
0
0
0
1
0
7
0
7
0
13
0
0
0
0
0
2
0
1
0
8
0
0
0
0
0
1
0
5
0
9
0
4
0
0
0
1
0
0
0
5
0
0
0
5
0
1
0
10
0
5
0
2
0
11
0
8
0
6
0
7
0
0
0
6
0
3
0
1
0
1
0
0
0
2
0
4
0
11
0
0
0
0
0
16
0
4
0
4
0
3
0
7
0
8
0
0
0
0
0
7
0
4
0
3
0
0
0
19
0
0
0
1
0
0
0
1
0
2
0
18
0
15
0
22
0
0
0
0
0
2
0
7
0
2
0
0
0
0
0
3
0
6
0
0
0
5
0
0
0
6
0
7
0
0
0
1
0
12
0
2
0
12
0
0
0
6
0
0
0
2
0
7
0
13
0
16
0
3
0
1
0
0
0
9
0
0
0
0
0
12
0
10
0
2
0
0
0
14
0
16
0
196
117
210
140
223
153
231
161
239
240
246
182
258
180
263
185
259
191
263
196
267
201
274
276
279
213
290
224
301
236
531
478
531
477
531
478
531
532
531
477
534
471
528
436
494
443
501
504
504
507
509
514
518
464
520
518
508
457
515
519
520
518
517
517
518
516
513
439
438
381
436
375
432
424
419
417
413
409
427
372
427
419
416
409
404
342
400
392
387
384
382
317
374
303
364
351
345
282
372
307
369
356
351
281
344
330
327
255
319
238
305
213
282
189
262
0
241
0
10
0
8
0
5
0
4
0
13
0
3
0
5
0
18
0
3
0
0
0
0
0
18
0
8
0
1
0
12
0
11
0
1
0
11
0
14
0
3
0
0
0
11
0
2
0
0
0
4
0
0
0
2
0
7
0
4
0
1
0
2
0
0
0
5
0
5
0
3
0
6
0
7
0
0
0
7
0
0
0
0
0
7
0
9
0
4
0
0
0
14
0
8
0
10
0
4
0
0
0
14
0
6
0
15
0
2
0
3
0
3
0
0
0
3
0
0
0
0
0
0
0
2
0
14
0
4
0
0
0
1
0
4
0
17
0
1
0
16
0
1
0
9
0
7
0
0
0
1
0
0
0
10
0
0
0
1
0
0
0
4
0
7
0
14
0
8
0
0
0
0
0
10
0
1
0
13
0
3
0
4
0
8
0
0
0
10
0
6
0
0
0
3
0
0
0
14
0
4
0
0
0
2
0
0
0
0
0
5
0
8
0
0
0
5
0
0
0
10
0
4
0
3
0
0
0
1
0
6
0
6
0
3
0
1
0
19
0
0
0
11
0
1
0
13
0
1
0
11
0
17
0
0
0
0
0
6
0
19
0
1
0
20
0
2
0
3
0
4
0
9
0
7
0
7
0
0
0
2
0
0
0
0
0
13
0
11
0
0
0
0
0
15
0
1
0
3
0
0
0
16
0
1
0
1
0
0
0
11
0
6
0
0
0
1
0
10
0
0
0
0
0
1
0
0
0
2
0
3
0
20
0
0
0
0
0
11
0
0
0
0
0
6
0
3
0
4
0
11
0
7
0
3
0
15
0
4
0
16
0
1
0
2
0
0
0
0
0
4
0
12
0
0
0
0
0
11
0
0
0
0
0
0
0
1
0
1
0
4
0
0
0
15
0
10
0
0
0
3
0
13
0
14
0
0
0
0
0
0
0
10
0
17
0
0
0
0
0
0
0
5
0
0
0
0
0
11
0
0
0
1
0
0
0
10
0
8
0
0
0
1
0
18
0
0
0
14
0
2
0
2
0
4
0
0
0
0
0
3
0
1
0
2
0
10
0
2
0
6
0
5
0
4
0
0
0
6
0
1
0
4
0
34
0
11
0
0
0
0
0
1
0
0
0
0
0
23
0
18
0
13
0
11
0
2
0
16
0
399
0
0
0
6
0
0
0
13
0
0
0
6
0
24
0
0
0
5
0
1
0
0
0
0
0
9
0
0
0
0
0
0
0
