0
0
0
2
0
0
0
0
0
7
0
3
0
2
0
9
0
4
0
5
0
4
0
0
0
9
0
0
0
13
0
8
0
0
0
4
0
1
0
4
0
0
0
0
0
0
0
11
0
11
0
0
0
13
0
6
0
0
0
9
0
0
0
0
0
0
0
14
0
0
0
5
0
16
0
17
0
8
0
10
0
2
0
0
0
0
0
1
0
2
0
14
0
3
0
0
0
2
0
0
0
5
0
12
0
13
0
20
0
11
0
7
0
6
0
13
0
15
0
7
0
5
0
0
0
0
0
3
0
0
0
1
0
18
0
0
0
0
0
4
0
3
0
0
0
17
0
0
0
0
0
0
0
10
0
3
0
18
0
1
0
2
0
0
0
5
0
6
0
0
0
0
0
8
0
0
0
0
0
2
0
15
0
11
0
0
0
1
0
4
0
16
0
7
0
3
0
14
0
12
0
5
0
18
0
0
0
3
0
14
0
5
0
0
0
9
0
4
0
12
0
25
0
0
0
8
0
12
0
6
0
0
0
13
0
0
0
6
0
0
0
0
0
3
0
2
0
14
0
3
0
4
0
0
0
6
0
46
0
79
0
94
24
170
79
231
157
539
488
554
506
564
569
573
575
577
519
578
527
582
533
584
585
587
586
588
537
589
538
591
543
591
592
595
598
671
673
670
665
658
539
597
365
587
349
411
334
394
384
379
319
377
317
373
313
375
310
368
356
352
286
346
339
336
275
334
326
323
321
316
253
313
242
312
251
310
242
305
221
292
267
254
0
242
0
14
0
8
0
12
0
12
0
7
0
13
0
15
0
10
0
16
0
5
0
11
0
3
0
0
0
3
0
6
0
10
0
3
0
0
0
8
0
7
0
10
0
9
0
8
0
15
0
16
0
12
0
4
0
10
0
0
0
0
0
9
0
13
0
0
0
0
0
0
0
9
0
9
0
0
0
11
0
0
0
0
0
15
0
11
0
0
0
0
0
8
0
3
0
18
0
0
0
12
0
9
0
0
0
5
0
0
0
2
0
2
0
6
0
1
0
13
0
8
0
0
0
17
0
15
0
11
0
2
0
13
0
9
0
0
0
2
0
5
0
4
0
7
0
9
0
7
0
3
0
8
0
2
0
1
0
0
0
1
0
1
0
0
0
5
0
2
0
9
0
0
0
5
0
10
0
0
0
16
0
0
0
2
0
1
0
13
0
16
0
0
0
17
0
11
0
10
0
0
0
10
0
0
0
18
0
0
0
12
0
2
0
6
0
3
0
0
0
5
0
4
0
10
0
0
0
0
0
1
0
3
0
0
0
2
0
8
0
6
0
0
0
10
0
4
0
1
0
2
0
5
0
13
0
10
0
10
0
6
0
13
0
0
0
0
0
0
0
2
0
0
0
6
0
0
0
1
0
5
0
0
0
4
0
9
0
7
0
5
0
1
0
0
0
0
0
0
0
3
0
8
0
0
0
3
0
1
0
6
0
3
0
3
0
3
0
10
0
13
0
0
0
2
0
24
0
13
0
3
0
14
0
0
0
0
0
10
0
0
0
4
0
4
0
9
0
2
0
0
0
3
0
16
0
5
0
1
0
1
0
2
0
2
0
22
0
3
0
4
0
0
0
5
0
9
0
0
0
10
0
13
0
19
0
14
0
0
0
0
0
0
0
5
0
4
0
0
0
22
0
6
0
12
0
1
0
14
0
0
0
16
0
12
0
9
0
0
0
6
0
14
0
6
0
22
0
0
0
5
0
1
0
5
0
9
0
25
0
2
0
0
0
1
0
0
0
2
0
0
0
1
0
4
0
5
0
5
0
0
0
3
0
0
0
7
0
16
0
0
0
9
0
15
0
0
0
2
0
0
0
0
0
0
0
0
0
6
0
10
0
4
0
11
0
14
0
2
0
0
0
1
0
1
0
0
0
5
0
10
0
2
0
7
0
5
0
3
0
4
0
12
0
2
0
20
0
0
0
8
0
6
0
3
0
7
0
5
0
7
0
4
0
2
0
21
0
0
0
9
0
0
0
4
0
0
0
4
0
14
0
0
0
2
0
3
0
0
0
0
0
2
0
4
0
7
0
0
0
25
0
7
0
12
0
0
0
1
0
0
0
4
0
4
0
0
0
0
0
9
0
8
0
1
0
0
0
9
0
9
0
0
0
3
0
9
0
0
0
7
0
4
0
525
0
7
0
6
0
5
0
0
0
5
0
8
0
6
0
4
0
8
0
11
0
9
0
0
0
0
0
10
0
0
0
21
0
