0
13
0
11
0
9
0
0
0
14
0
0
0
0
0
0
0
2
0
3
0
0
0
12
0
18
0
1
0
0
0
0
0
4
0
13
0
14
0
24
0
3
0
1
0
0
0
15
0
0
0
0
0
6
0
8
0
6
0
12
0
0
0
5
0
2
0
18
0
0
0
8
0
0
0
14
0
8
0
2
0
1
0
8
0
4
0
1
0
4
0
7
0
17
0
1
0
3
0
9
0
2
0
0
0
6
0
3
0
7
0
0
0
9
0
6
0
2
0
18
0
10
0
0
0
0
0
21
0
5
0
5
0
21
0
3
0
15
0
10
0
16
0
0
0
0
0
7
0
7
0
0
0
8
0
3
0
1
0
5
0
0
0
14
0
6
0
0
0
0
0
0
0
9
0
0
0
1
0
17
0
1
0
18
0
4
0
9
0
6
0
0
0
0
0
6
0
3
0
11
0
5
0
14
0
0
0
0
0
0
0
19
0
0
0
1
0
8
0
0
0
22
0
2
0
2
0
2
0
0
0
15
0
3
0
2
0
3
0
14
0
0
0
0
0
8
0
14
0
8
0
0
0
5
0
9
0
0
0
12
0
18
0
8
0
6
0
5
0
7
0
10
0
8
0
0
0
0
0
0
0
14
0
5
0
0
0
19
0
9
0
0
0
3
0
3
0
4
0
5
0
0
0
4
0
0
0
0
0
0
0
0
0
15
0
0
0
6
0
7
0
0
0
0
0
1
0
0
0
0
0
6
0
2
0
0
0
11
0
0
0
6
0
4
0
8
0
8
0
0
0
0
0
1
0
1
0
8
0
1
0
0
0
8
0
5
0
21
0
4
0
0
0
21
0
16
0
4
0
0
0
9
0
17
0
19
0
5
0
6
0
5
0
1
0
10
0
22
0
5
0
0
0
11
0
4
0
7
0
0
0
7
0
0
0
7
0
14
0
8
0
9
0
17
0
2
0
5
0
10
0
0
0
0
0
6
0
24
0
16
0
5
0
4
0
6
0
16
0
11
0
2
0
7
0
7
0
0
0
0
0
316
255
338
279
384
328
406
345
426
371
444
392
462
364
441
390
464
410
475
426
488
441
595
543
600
602
605
608
608
609
612
610
611
611
611
612
606
550
608
612
612
563
619
621
622
570
625
573
628
575
632
634
635
640
639
640
642
582
637
585
642
644
647
597
649
599
654
604
657
607
658
607
660
658
659
659
660
661
662
663
665
666
658
607
658
606
657
607
658
659
660
662
662
663
666
667
666
189
254
175
240
229
225
153
220
142
257
180
251
234
224
145
217
129
204
118
196
118
190
108
182
98
175
88
167
78
160
75
160
70
194
100
186
89
172
63
151
42
134
25
120
19
109
4
106
0
94
0
98
0
83
0
108
5
99
0
93
0
94
0
82
0
70
0
60
0
14
0
7
0
13
0
0
0
2
0
1
0
2
0
11
0
5
0
5
0
20
0
0
0
6
0
9
0
2
0
2
0
13
0
10
0
8
0
2
0
1
0
5
0
6
0
0
0
3
0
5
0
10
0
18
0
2
0
4
0
11
0
0
0
7
0
14
0
1
0
1
0
2
0
10
0
0
0
2
0
1
0
8
0
16
0
5
0
12
0
0
0
2
0
8
0
6
0
5
0
9
0
3
0
20
0
0
0
7
0
12
0
16
0
0
0
0
0
0
0
8
0
2
0
2
0
10
0
7
0
6
0
4
0
3
0
0
0
0
0
11
0
2
0
13
0
26
0
5
0
2
0
0
0
0
0
0
0
0
0
0
0
3
0
8
0
11
0
10
0
0
0
7
0
0
0
0
0
6
0
1
0
20
0
5
0
2
0
0
0
6
0
0
0
4
0
7
0
0
0
0
0
7
0
8
0
5
0
0
0
0
0
1
0
0
0
9
0
0
0
15
0
14
0
0
0
11
0
2
0
4
0
0
0
4
0
14
0
0
0
7
0
9
0
2
0
0
0
19
0
1
0
2
0
0
0
0
0
11
0
0
0
0
0
8
0
7
0
0
0
6
0
7
0
8
0
13
0
4
0
9
0
3
0
0
0
2
0
0
0
9
0
0
0
6
0
9
0
18
0
8
0
0
0
11
0
0
0
2
0
5
0
2
0
20
0
0
0
12
0
7
0
0
0
0
0
9
0
12
0
15
0
2
0
1
0
21
0
10
0
512
0
5
0
0
0
3
0
5
0
0
0
3
0
1
0
0
0
4
0
4
0
3
0
11
0
0
0
6
0
0
0
0
0
