3338
0
29
0
14
0
27
0
24
0
14
0
12
0
17
0
12
0
27
0
2
0
44
0
30
0
16
0
26
0
38
0
26
0
26
0
15
0
32
0
20
0
20
0
28
0
39
0
26
0
23
0
9
0
16
0
21
0
31
0
28
0
14
0
20
0
31
0
27
0
26
0
10
0
7
0
29
0
18
0
18
0
21
0
29
0
47
0
27
0
41
0
21
0
8
0
25
0
19
0
25
0
15
0
23
0
18
0
30
0
12
0
22
0
17
0
20
0
18
0
10
0
25
0
15
0
7
0
20
0
32
0
9
0
47
0
29
0
17
0
27
0
30
0
8
0
24
0
27
0
24
0
28
0
17
0
28
0
23
0
24
0
16
0
26
0
32
0
13
0
26
0
29
0
16
0
26
0
24
0
24
0
31
0
19
0
14
0
21
0
26
0
14
0
29
0
22
0
5
0
14
0
26
0
21
0
19
0
27
0
21
0
61
0
24
0
23
0
40
0
36
0
18
0
17
0
21
0
16
0
18
0
8
0
12
0
11
0
13
0
21
0
10
0
13
0
16
0
29
0
19
0
7
0
21
0
39
0
30
0
7
0
17
0
4
0
31
0
35
0
20
0
29
0
12
0
32
0
36
0
22
0
22
0
26
0
29
0
37
0
30
0
53
0
19
0
17
0
18
0
33
0
16
0
16
0
17
0
38
0
22
0
19
0
27
0
16
0
29
0
27
0
25
0
19
0
22
0
15
0
35
0
13
0
13
0
23
0
23
0
15
0
26
0
19
0
19
0
32
0
34
0
15
0
23
0
25
0
7
0
26
0
22
0
21
0
28
0
24
0
13
0
17
0
32
0
13
0
11
0
16
0
33
0
15
0
24
0
17
0
29
0
22
0
13
0
43
0
30
0
19
0
13
0
26
0
25
0
19
0
32
0
22
0
18
0
15
0
8
0
6
0
21
0
8
0
17
0
25
0
30
0
23
0
32
0
7
0
37
0
22
0
21
0
0
0
15
0
17
0
28
0
22
0
19
0
19
0
35
0
37
0
24
0
32
0
12
0
13
0
15
0
23
0
2
0
20
0
28
0
23
0
29
0
12
0
25
0
43
0
17
0
15
0
18
0
24
0
11
0
15
0
29
0
36
0
31
0
18
0
19
0
40
0
22
0
18
0
18
0
26
0
39
0
6
0
6
0
20
0
34
0
30
0
42
0
19
0
24
0
16
0
26
0
53
0
33
0
38
0
44
0
0
0
18
0
30
0
18
0
14
0
18
0
8
0
14
0
21
0
20
0
16
0
13
0
20
0
27
0
40
0
26
0
19
0
8
0
10
0
11
0
27
0
9
0
14
0
21
0
14
0
15
0
6
0
35
0
15
0
16
0
47
0
8
0
26
0
18
0
6
0
30
0
44
0
42
0
20
0
19
0
20
0
25
0
18
0
19
0
22
0
14
0
10
0
19
0
36
0
20
0
22
0
29
0
10
0
63
0
42
0
32
0
26
0
12
0
26
0
17
0
16
0
24
0
27
0
13
0
25
0
16
0
31
0
12
0
19
0
18
0
31
0
17
0
30
0
28
0
26
0
11
0
27
0
11
0
8
0
27
0
38
0
26
0
8
0
13
0
16
0
11
0
26
0
21
0
28
0
20
0
20
0
29
0
17
0
23
0
36
0
34
0
16
0
16
0
25
0
33
0
22
0
27
0
18
0
17
0
42
0
11
0
17
0
20
0
19
0
18
0
32
0
37
0
34
0
27
0
41
0
33
0
27
0
22
0
19
0
20
0
42
0
23
0
37
0
11
0
18
0
23
0
22
0
11
0
32
0
49
0
49
0
36
0
17
0
38
0
22
0
5
0
31
0
26
0
12
0
17
0
14
0
0
0
18
0
20
0
15
0
26
0
11
0
22
0
24
0
15
0
48
0
1
0
11
0
39
0
20
0
16
0
35
0
36
0
28
0
25
0
27
0
23
0
12
0
29
0
25
0
41
0
10
0
14
0
12
0
26
0
17
0
39
0
19
0
20
0
15
0
35
0
21
0
14
0
21
0
22
0
8
0
29
0
18
0
54
0
22
0
12
0
33
0
30
0
21
0
17
0
25
0
15
0
31
0
11
0
45
0
30
0
15
0
22
0
33
0
32
0
25
0
39
0
8
0
454
0
7
0
25
0
22
0
326
0
179
0
41
0
33
0
41
0
24
0
30
0
31
0
15
0
19
0
23
0
16
0
31
0
16
0
5
0
24
0
24
0
7
