0
22
0
10
0
23
0
34
0
35
0
36
0
22
0
10
0
21
0
24
0
27
0
9
0
28
0
33
0
17
0
25
0
26
0
12
0
14
0
20
0
9
0
37
0
37
0
20
0
28
0
12
0
30
0
16
0
8
0
12
0
12
0
32
0
27
0
11
0
16
0
30
0
28
0
19
0
16
0
39
0
30
0
44
0
27
0
15
0
20
0
10
0
22
0
27
0
21
0
16
0
21
0
28
0
31
0
8
0
24
0
15
0
19
0
24
0
13
0
13
0
19
0
40
0
27
0
29
0
23
0
49
0
31
0
28
0
12
0
5
0
26
0
23
0
20
0
21
0
18
0
28
0
12
0
24
0
21
0
24
0
8
0
24
0
25
0
26
0
25
0
30
0
21
0
15
0
37
0
23
0
43
0
50
0
22
0
27
0
21
0
16
0
15
0
12
0
37
0
55
0
19
0
14
0
28
0
26
0
26
0
19
0
37
0
25
0
40
0
15
0
22
0
20
0
36
0
23
0
15
0
41
0
23
0
36
0
19
0
35
0
28
0
34
0
37
0
29
0
40
0
38
0
13
0
50
0
14
0
24
0
28
0
27
0
23
0
15
0
11
0
4
0
32
0
28
0
8
0
18
0
29
0
21
0
11
0
20
0
17
0
29
0
14
0
27
0
16
0
16
0
8
0
28
0
20
0
20
0
19
0
33
0
7
0
20
0
31
0
25
0
28
0
29
0
29
0
14
0
18
0
15
0
28
0
16
0
48
0
43
0
58
0
33
0
17
0
26
0
25
0
12
0
17
0
30
0
41
0
16
0
14
0
15
0
30
0
51
0
20
0
48
0
37
0
23
0
12
0
42
0
0
0
34
0
38
0
25
0
13
0
34
0
34
0
21
0
34
0
35
0
36
0
14
0
20
0
22
0
26
0
38
0
35
0
17
0
37
0
32
0
24
0
26
0
15
0
42
0
22
0
30
0
25
0
30
0
20
0
16
0
38
0
20
0
22
0
22
0
14
0
25
0
41
0
8
0
20
0
30
0
12
0
17
0
13
0
22
0
16
0
31
0
28
0
33
0
25
0
16
0
26
0
28
0
15
0
9
0
18
0
17
0
22
0
18
0
5
0
16
0
16
0
16
0
18
0
10
0
17
0
26
0
13
0
5
0
20
0
11
0
5
0
52
0
25
0
18
0
9
0
23
0
30
0
28
0
36
0
29
0
23
0
17
0
27
0
16
0
41
0
22
0
26
0
19
0
22
0
47
0
44
0
12
0
25
0
11
0
15
0
23
0
11
0
29
0
26
0
24
0
34
0
18
0
12
0
19
0
41
0
4
0
13
0
32
0
13
0
18
0
18
0
29
0
10
0
19
0
21
0
40
0
48
0
22
0
24
0
20
0
47
0
27
0
5
0
39
0
30
0
16
0
26
0
9
0
15
0
52
0
36
0
24
0
12
0
3
0
20
0
21
0
8
0
31
0
27
0
26
0
29
0
18
0
0
0
16
0
26
0
28
0
26
0
18
0
23
0
24
0
29
0
2
0
21
0
32
0
15
0
27
0
11
0
30
0
7
0
21
0
25
0
24
0
22
0
28
0
33
0
21
0
27
0
17
0
21
0
31
0
21
0
16
0
8
0
22
0
18
0
21
0
20
0
42
0
17
0
24
0
26
0
38
0
28
0
27
0
29
0
29
0
18
0
36
0
24
0
32
0
12
0
7
0
11
0
27
0
40
0
22
0
22
0
42
0
30
0
18
0
54
0
21
0
29
0
17
0
25
0
41
0
42
0
27
0
36
0
20
0
25
0
22
0
25
0
26
0
35
0
11
0
39
0
30
0
51
0
11
0
38
0
24
0
37
0
25
0
21
0
14
0
9
0
51
0
15
0
22
0
11
0
5
0
34
0
26
0
34
0
33
0
8
0
22
0
28
0
17
0
17
0
23
0
30
0
13
0
22
0
32
0
34
0
33
0
16
0
16
0
25
0
19
0
17
0
18
0
25
0
34
0
35
0
36
0
16
0
20
0
14
0
24
0
15
0
37
0
39
0
35
0
43
0
30
0
42
0
29
0
34
0
33
0
23
0
27
0
21
0
16
0
14
0
49
0
13
0
26
0
36
0
7
0
18
0
32
0
16
0
26
0
8
0
12
0
18
0
41
0
20
0
38
0
18
0
80
0
37
0
18
0
7
0
22
0
21
0
10
0
19
0
12
0
22
0
28
0
31
0
26
0
44
0
27
0
17
0
28
0
