0
17
0
29
0
30
0
27
0
26
0
26
0
22
0
20
0
26
0
27
0
22
0
24
0
15
0
25
0
22
0
26
0
25
0
30
0
24
0
22
0
31
0
13
0
29
0
28
0
23
0
27
0
27
0
16
0
25
0
24
0
24
0
42
0
28
0
11
0
10
0
35
0
24
0
28
0
32
0
38
0
32
0
22
0
17
0
33
0
20
0
10
0
12
0
16
0
17
0
7
0
22
0
23
0
9
0
26
0
15
0
15
0
11
0
18
0
34
0
30
0
49
0
25
0
36
0
22
0
32
0
21
0
11
0
22
0
21
0
23
0
13
0
46
0
19
0
17
0
32
0
8
0
20
0
41
0
39
0
18
0
21
0
21
0
10
0
45
0
15
0
15
0
8
0
14
0
19
0
19
0
21
0
18
0
7
0
22
0
16
0
20
0
28
0
11
0
20
0
18
0
7
0
13
0
30
0
34
0
9
0
12
0
5
0
20
0
23
0
23
0
21
0
25
0
17
0
18
0
21
0
20
0
10
0
8
0
22
0
11
0
25
0
20
0
13
0
30
0
29
0
14
0
17
0
1
0
25
0
9
0
21
0
22
0
21
0
21
0
22
0
21
0
16
0
19
0
26
0
9
0
17
0
31
0
31
0
20
0
47
0
10
0
17
0
32
0
33
0
14
0
35
0
30
0
15
0
17
0
17
0
39
0
39
0
32
0
20
0
24
0
30
0
27
0
24
0
16
0
17
0
19
0
11
0
41
0
15
0
31
0
9
0
21
0
8
0
22
0
26
0
13
0
11
0
12
0
27
0
20
0
32
0
9
0
22
0
26
0
21
0
24
0
22
0
14
0
8
0
27
0
10
0
10
0
35
0
15
0
28
0
15
0
23
0
28
0
27
0
12
0
32
0
20
0
15
0
26
0
22
0
13
0
18
0
18
0
48
0
40
0
17
0
14
0
13
0
22
0
3
0
15
0
10
0
12
0
23
0
30
0
19
0
15
0
18
0
23
0
38
0
29
0
37
0
21
0
24
0
13
0
25
0
29
0
22
0
14
0
16
0
16
0
33
0
22
0
11
0
24
0
37
0
24
0
14
0
21
0
22
0
69
0
38
0
18
0
26
0
19
0
17
0
13
0
33
0
38
0
21
0
22
0
16
0
48
0
25
0
24
0
25
0
16
0
11
0
33
0
12
0
29
0
18
0
23
0
26
0
29
0
23
0
16
0
29
0
15
0
34
0
13
0
6
0
26
0
19
0
25
0
11
0
23
0
21
0
12
0
21
0
24
0
20
0
19
0
30
0
31
0
22
0
34
0
39
0
22
0
18
0
21
0
24
0
7
0
28
0
26
0
19
0
18
0
20
0
31
0
36
0
30
0
25
0
30
0
14
0
17
0
21
0
25
0
34
0
27
0
10
0
22
0
11
0
26
0
13
0
34
0
18
0
26
0
54
0
21
0
24
0
25
0
36
0
21
0
25
0
20
0
19
0
20
0
30
0
34
0
19
0
20
0
7
0
30
0
36
0
29
0
26
0
25
0
21
0
15
0
28
0
65
0
28
0
19
0
25
0
42
0
27
0
14
0
27
0
40
0
20
0
29
0
18
0
37
0
25
0
15
0
13
0
38
0
22
0
22
0
29
0
36
0
6
0
32
0
33
0
22
0
10
0
14
0
28
0
28
0
21
0
26
0
24
0
23
0
32
0
19
0
22
0
12
0
36
0
14
0
13
0
28
0
19
0
23
0
23
0
15
0
31
0
19
0
18
0
47
0
14
0
20
0
15
0
10
0
22
0
18
0
42
0
25
0
22
0
10
0
7
0
37
0
7
0
2
0
20
0
17
0
8
0
24
0
28
0
26
0
16
0
24
0
9
0
24
0
50
0
19
0
37
0
20
0
15
0
46
0
15
0
28
0
13
0
22
0
14
0
12
0
11
0
22
0
27
0
22
0
34
0
19
0
16
0
21
0
27
0
28
0
19
0
45
0
6
0
10
0
19
0
30
0
16
0
13
0
26
0
14
0
31
0
21
0
27
0
27
0
24
0
10
0
16
0
24
0
21
0
10
0
22
0
39
0
29
0
17
0
0
0
13
0
6
0
20
0
11
0
27
0
28
0
16
0
21
0
19
0
8
0
17
0
23
0
36
0
16
0
16
0
13
0
30
0
27
0
44
0
4
0
19
0
20
0
10
0
38
0
23
0
27
0
15
0
39
0
31
0
17
0
26
0
20
0
19
0
35
0
21
0
