0
8
0
25
0
13
0
30
0
16
0
31
0
16
0
19
0
21
0
19
0
41
0
12
0
18
0
7
0
24
0
42
0
26
0
15
0
42
0
39
0
26
0
13
0
38
0
43
0
25
0
31
0
23
0
2
0
22
0
16
0
32
0
13
0
9
0
16
0
9
0
21
0
17
0
28
0
24
0
10
0
9
0
15
0
23
0
14
0
9
0
25
0
31
0
27
0
45
0
39
0
16
0
17
0
32
0
24
0
17
0
27
0
23
0
19
0
31
0
26
0
14
0
23
0
20
0
17
0
18
0
31
0
327
278
450
403
525
484
594
554
643
604
656
0
42
0
38
0
35
0
16
0
23
0
24
0
18
0
19
0
22
0
18
0
33
0
22
0
10
0
48
0
24
0
17
0
45
0
10
0
18
0
22
0
15
0
16
0
35
0
23
0
7
0
11
0
9
0
17
0
28
0
20
0
33
0
18
0
23
0
26
0
26
0
4
0
12
0
21
0
18
0
29
0
32
0
7
0
19
0
23
0
34
0
10
0
25
0
0
0
13
0
20
0
4
0
7
0
25
0
30
0
30
0
25
0
25
0
17
0
17
0
22
0
12
0
31
0
16
0
6
0
24
0
11
0
12
0
38
0
30
0
23
0
25
0
20
0
25
0
46
0
40
0
41
0
26
0
6
0
9
0
25
0
6
0
45
0
32
0
29
0
32
0
20
0
24
0
20
0
15
0
32
0
23
0
14
0
10
0
15
0
14
0
19
0
16
0
22
0
18
0
20
0
12
0
38
0
12
0
25
0
20
0
18
0
20
0
26
0
22
0
22
0
32
0
12
0
32
0
30
0
29
0
26
0
25
0
22
0
12
0
26
0
17
0
19
0
22
0
28
0
12
0
13
0
17
0
22
0
17
0
20
0
43
0
24
0
30
0
24
0
26
0
22
0
3
0
16
0
25
0
7
0
30
0
18
0
6
0
14
0
14
0
23
0
33
0
19
0
19
0
33
0
12
0
22
0
23
0
31
0
30
0
14
0
15
0
26
0
18
0
25
0
21
0
34
0
15
0
9
0
16
0
24
0
32
0
43
0
20
0
17
0
10
0
10
0
19
0
19
0
28
0
10
0
16
0
41
0
13
0
13
0
28
0
21
0
14
0
22
0
26
0
26
0
8
0
25
0
32
0
21
0
11
0
22
0
27
0
36
0
17
0
38
0
20
0
24
0
26
0
18
0
41
0
14
0
13
0
22
0
24
0
26
0
16
0
5
0
13
0
12
0
31
0
33
0
28
0
28
0
22
0
25
0
17
0
9
0
19
0
3
0
17
0
37
0
6
0
20
0
22
0
19
0
22
0
8
0
16
0
17
0
38
0
16
0
25
0
36
0
19
0
12
0
43
0
19
0
12
0
7
0
19
0
22
0
36
0
13
0
29
0
24
0
24
0
18
0
33
0
24
0
19
0
29
0
28
0
8
0
27
0
21
0
33
0
37
0
33
0
19
0
38
0
43
0
35
0
25
0
10
0
29
0
14
0
27
0
22
0
20
0
30
0
26
0
42
0
17
0
46
0
26
0
9
0
27
0
34
0
59
0
30
0
21
0
42
0
26
0
26
0
13
0
35
0
34
0
32
0
12
0
20
0
19
0
15
0
40
0
36
0
19
0
18
0
19
0
21
0
34
0
23
0
28
0
22
0
32
0
27
0
14
0
2
0
14
0
37
0
17
0
47
0
14
0
35
0
32
0
34
0
27
0
24
0
33
0
10
0
15
0
35
0
26
0
13
0
20
0
32
0
43
0
21
0
24
0
20
0
29
0
28
0
17
0
24
0
41
0
16
0
30
0
12
0
16
0
32
0
26
0
32
0
29
0
19
0
30
0
20
0
20
0
37
0
23
0
21
0
20
0
5
0
27
0
28
0
23
0
12
0
31
0
38
0
30
0
18
0
10
0
12
0
35
0
19
0
3
0
27
0
36
0
26
0
30
0
24
0
29
0
10
0
19
0
2
0
3
0
33
0
37
0
18
0
10
0
26
0
32
0
28
0
20
0
14
0
26
0
22
0
28
0
22
0
20
0
8
0
24
0
21
0
19
0
21
0
14
0
43
0
18
0
10
0
6
0
28
0
25
0
13
0
47
0
31
0
21
0
26
0
15
0
27
0
9
0
10
0
16
0
268
0
497
0
12
0
22
0
17
0
34
0
37
0
27
0
28
0
24
0
29
0
28
0
20
0
6
0
2
0
12
0
11
0
16
0
