0
23
0
17
0
14
0
24
0
20
0
26
0
28
0
19
0
33
0
44
0
17
0
30
0
19
0
9
0
28
0
20
0
8
0
37
0
43
0
25
0
36
0
36
0
18
0
21
0
27
0
13
0
20
0
20
0
12
0
19
0
38
0
3
0
26
0
20
0
27
0
28
0
30
0
22
0
19
0
25
0
38
0
10
0
19
0
12
0
27
0
35
0
28
0
12
0
37
0
21
0
22
0
35
0
30
0
35
0
18
0
40
0
32
0
25
0
589
459
560
278
416
0
213
0
29
0
46
0
16
0
22
0
56
0
16
0
18
0
20
0
4
0
10
0
7
0
39
0
25
0
21
0
25
0
13
0
31
0
20
0
44
0
15
0
8
0
25
0
25
0
17
0
12
0
47
0
40
0
3
0
20
0
11
0
27
0
17
0
29
0
20
0
18
0
24
0
49
0
7
0
27
0
60
0
7
0
32
0
26
0
12
0
39
0
17
0
25
0
26
0
24
0
26
0
27
0
33
0
20
0
16
0
18
0
16
0
12
0
24
0
23
0
40
0
21
0
24
0
33
0
23
0
34
0
10
0
17
0
21
0
28
0
31
0
25
0
26
0
26
0
39
0
19
0
27
0
42
0
16
0
25
0
16
0
10
0
12
0
25
0
22
0
23
0
19
0
13
0
14
0
18
0
22
0
27
0
28
0
32
0
14
0
42
0
17
0
16
0
23
0
28
0
17
0
16
0
26
0
17
0
15
0
29
0
30
0
23
0
32
0
6
0
29
0
11
0
13
0
13
0
12
0
26
0
16
0
28
0
25
0
21
0
35
0
13
0
30
0
31
0
22
0
18
0
15
0
31
0
30
0
33
0
35
0
32
0
18
0
22
0
33
0
9
0
32
0
24
0
33
0
27
0
21
0
7
0
27
0
15
0
20
0
18
0
24
0
20
0
31
0
41
0
30
0
34
0
21
0
34
0
8
0
18
0
36
0
15
0
28
0
20
0
24
0
23
0
27
0
12
0
16
0
22
0
30
0
36
0
2
0
34
0
37
0
24
0
27
0
23
0
14
0
20
0
35
0
15
0
14
0
20
0
21
0
14
0
19
0
14
0
8
0
40
0
60
0
41
0
30
0
30
0
34
0
35
0
27
0
11
0
19
0
14
0
8
0
14
0
25
0
12
0
4
0
27
0
27
0
13
0
10
0
24
0
17
0
26
0
37
0
17
0
16
0
16
0
17
0
12
0
12
0
9
0
22
0
47
0
18
0
8
0
26
0
24
0
40
0
39
0
34
0
22
0
10
0
11
0
15
0
19
0
10
0
20
0
4
0
22
0
8
0
28
0
13
0
23
0
47
0
19
0
16
0
16
0
12
0
20
0
16
0
23
0
23
0
18
0
16
0
10
0
10
0
2
0
19
0
21
0
27
0
35
0
24
0
33
0
21
0
15
0
18
0
18
0
19
0
15
0
11
0
44
0
28
0
9
0
20
0
28
0
21
0
21
0
21
0
38
0
21
0
18
0
14
0
21
0
13
0
15
0
37
0
8
0
13
0
18
0
20
0
22
0
27
0
22
0
31
0
17
0
25
0
34
0
21
0
28
0
18
0
17
0
27
0
37
0
10
0
17
0
25
0
24
0
18
0
16
0
39
0
20
0
32
0
31
0
26
0
31
0
33
0
19
0
15
0
10
0
15
0
12
0
34
0
18
0
24
0
10
0
41
0
35
0
33
0
25
0
42
0
13
0
26
0
26
0
30
0
22
0
10
0
27
0
28
0
35
0
22
0
22
0
15
0
27
0
30
0
39
0
20
0
29
0
14
0
18
0
25
0
40
0
18
0
16
0
23
0
21
0
11
0
17
0
12
0
22
0
5
0
15
0
15
0
15
0
20
0
17
0
8
0
23
0
24
0
28
0
35
0
22
0
33
0
9
0
18
0
29
0
7
0
19
0
25
0
9
0
13
0
19
0
17
0
51
0
15
0
23
0
9
0
14
0
32
0
31
0
7
0
20
0
17
0
13
0
30
0
33
0
25
0
52
0
22
0
24
0
18
0
24
0
28
0
19
0
50
0
24
0
16
0
28
0
28
0
14
0
19
0
18
0
20
0
43
0
27
0
31
0
20
0
4
0
17
0
21
0
32
0
17
0
9
0
19
0
3
0
47
0
9
0
12
0
208
0
13
0
18
0
16
0
15
0
10
0
34
0
34
0
22
0
22
0
20
0
15
0
9
0
12
0
21
0
38
0
21
0
