0
46
0
17
0
5
0
4
0
147
0
17
0
32
0
641
371
616
0
105
0
14
0
34
0
26
0
10
0
20
0
12
0
43
0
23
0
39
0
16
0
10
0
21
0
29
0
12
0
33
0
12
0
14
0
7
0
14
0
19
0
25
0
17
0
43
0
5
0
28
0
31
0
15
0
22
0
12
0
24
0
27
0
32
0
21
0
10
0
26
0
22
0
34
0
26
0
28
0
14
0
17
0
19
0
26
0
35
0
11
0
29
0
13
0
37
0
29
0
16
0
8
0
33
0
26
0
29
0
20
0
32
0
20
0
37
0
23
0
18
0
29
0
13
0
10
0
8
0
20
0
12
0
41
0
4
0
26
0
25
0
27
0
13
0
35
0
30
0
25
0
54
0
18
0
7
0
24
0
35
0
34
0
23
0
17
0
14
0
17
0
24
0
14
0
25
0
27
0
40
0
15
0
24
0
33
0
18
0
24
0
28
0
56
0
32
0
23
0
40
0
39
0
24
0
28
0
35
0
14
0
26
0
23
0
17
0
20
0
8
0
9
0
22
0
9
0
19
0
25
0
13
0
10
0
33
0
20
0
40
0
18
0
40
0
39
0
18
0
32
0
36
0
24
0
30
0
16
0
31
0
17
0
12
0
40
0
30
0
10
0
20
0
12
0
23
0
12
0
5
0
14
0
12
0
17
0
7
0
23
0
15
0
16
0
26
0
22
0
35
0
17
0
19
0
16
0
9
0
28
0
14
0
39
0
8
0
18
0
7
0
27
0
32
0
17
0
14
0
9
0
25
0
25
0
17
0
41
0
10
0
31
0
21
0
21
0
30
0
10
0
11
0
19
0
12
0
10
0
21
0
26
0
13
0
16
0
31
0
12
0
12
0
20
0
9
0
27
0
35
0
20
0
18
0
23
0
29
0
32
0
19
0
23
0
18
0
30
0
26
0
15
0
11
0
20
0
43
0
26
0
8
0
27
0
32
0
22
0
27
0
28
0
31
0
18
0
19
0
42
0
36
0
18
0
21
0
13
0
25
0
32
0
32
0
20
0
23
0
14
0
20
0
12
0
17
0
16
0
18
0
34
0
24
0
22
0
16
0
17
0
32
0
21
0
22
0
19
0
18
0
26
0
24
0
21
0
15
0
29
0
17
0
32
0
28
0
30
0
19
0
23
0
23
0
15
0
48
0
7
0
23
0
30
0
19
0
37
0
24
0
11
0
15
0
19
0
40
0
22
0
30
0
24
0
14
0
37
0
26
0
4
0
21
0
15
0
54
0
35
0
4
0
25
0
38
0
8
0
19
0
8
0
20
0
47
0
18
0
29
0
22
0
21
0
34
0
23
0
33
0
7
0
23
0
24
0
8
0
22
0
29
0
22
0
15
0
19
0
42
0
13
0
14
0
20
0
2
0
16
0
17
0
28
0
21
0
37
0
20
0
23
0
19
0
10
0
15
0
28
0
26
0
17
0
30
0
14
0
23
0
10
0
25
0
19
0
30
0
13
0
18
0
20
0
21
0
26
0
16
0
8
0
25
0
14
0
20
0
36
0
12
0
32
0
24
0
16
0
14
0
12
0
16
0
8
0
13
0
30
0
22
0
10
0
44
0
15
0
15
0
9
0
22
0
17
0
29
0
4
0
16
0
18
0
28
0
33
0
18
0
29
0
19
0
18
0
13
0
26
0
15
0
37
0
43
0
21
0
15
0
19
0
36
0
31
0
28
0
22
0
39
0
33
0
20
0
44
0
1
0
36
0
26
0
35
0
21
0
25
0
20
0
27
0
12
0
21
0
32
0
18
0
17
0
9
0
20
0
28
0
15
0
15
0
24
0
24
0
12
0
19
0
14
0
24
0
12
0
9
0
36
0
30
0
16
0
13
0
33
0
30
0
18
0
14
0
16
0
20
0
55
0
45
0
17
0
18
0
36
0
24
0
15
0
4
0
22
0
11
0
34
0
30
0
27
0
18
0
28
0
25
0
31
0
45
0
28
0
12
0
25
0
20
0
33
0
18
0
8
0
45
0
17
0
16
0
19
0
8
0
28
0
29
0
17
0
52
0
27
0
9
0
32
0
27
0
19
0
38
0
28
0
20
0
32
0
17
0
29
0
14
0
37
0
9
0
20
0
16
0
17
0
47
0
24
0
11
0
14
0
21
0
23
0
25
0
55
0
24
0
41
0
11
0
23
0
2
0
22
0
25
0
22
0
11
0
12
0
7
0
2
0
24
0
28
0
7
0
15
0
