0
33
0
31
0
11
0
27
0
21
0
28
0
18
0
19
0
16
0
16
0
21
0
32
0
30
0
27
0
13
0
39
0
20
0
24
0
14
0
13
0
17
0
25
0
29
0
27
0
22
0
39
0
32
0
12
0
16
0
17
0
32
0
5
0
44
0
27
0
23
0
4
0
26
0
6
0
25
0
21
0
19
0
21
0
36
0
43
0
42
0
22
0
24
0
13
0
26
0
25
0
17
0
28
0
23
0
22
0
26
0
13
0
6
0
20
0
32
0
35
0
22
0
13
0
26
0
126
0
19
0
139
0
644
561
621
575
554
451
526
340
458
154
324
0
12
0
31
0
27
0
23
0
18
0
28
0
20
0
12
0
26
0
19
0
43
0
28
0
34
0
27
0
27
0
20
0
9
0
29
0
8
0
25
0
37
0
30
0
24
0
26
0
17
0
18
0
21
0
18
0
21
0
32
0
17
0
34
0
26
0
9
0
19
0
39
0
39
0
37
0
21
0
32
0
38
0
34
0
10
0
25
0
26
0
23
0
52
0
14
0
12
0
14
0
2
0
25
0
13
0
17
0
30
0
10
0
28
0
24
0
24
0
17
0
20
0
27
0
14
0
18
0
25
0
14
0
17
0
40
0
50
0
28
0
29
0
39
0
35
0
22
0
27
0
30
0
43
0
32
0
32
0
15
0
51
0
34
0
5
0
15
0
41
0
17
0
25
0
20
0
6
0
13
0
25
0
26
0
31
0
13
0
18
0
21
0
30
0
27
0
15
0
23
0
24
0
27
0
35
0
32
0
4
0
13
0
11
0
30
0
33
0
21
0
19
0
20
0
14
0
28
0
30
0
16
0
35
0
26
0
15
0
23
0
31
0
16
0
23
0
15
0
27
0
27
0
5
0
32
0
18
0
30
0
20
0
43
0
29
0
43
0
11
0
32
0
23
0
33
0
22
0
16
0
12
0
23
0
33
0
7
0
31
0
15
0
14
0
26
0
26
0
15
0
15
0
30
0
30
0
25
0
27
0
12
0
14
0
8
0
34
0
12
0
35
0
22
0
2
0
8
0
44
0
36
0
24
0
26
0
17
0
12
0
27
0
20
0
9
0
25
0
16
0
18
0
22
0
16
0
29
0
36
0
29
0
15
0
10
0
14
0
29
0
16
0
14
0
9
0
32
0
17
0
27
0
28
0
27
0
33
0
33
0
24
0
9
0
20
0
9
0
18
0
24
0
18
0
22
0
21
0
23
0
65
0
24
0
27
0
21
0
69
0
34
0
20
0
17
0
19
0
27
0
14
0
9
0
26
0
16
0
36
0
20
0
18
0
23
0
26
0
13
0
23
0
17
0
7
0
24
0
24
0
21
0
16
0
31
0
35
0
6
0
11
0
44
0
21
0
26
0
19
0
26
0
32
0
7
0
9
0
4
0
13
0
42
0
14
0
26
0
19
0
19
0
10
0
31
0
41
0
22
0
38
0
19
0
10
0
14
0
23
0
21
0
40
0
36
0
8
0
21
0
8
0
4
0
37
0
13
0
22
0
36
0
14
0
26
0
21
0
37
0
21
0
31
0
29
0
20
0
29
0
11
0
23
0
7
0
21
0
11
0
11
0
17
0
27
0
8
0
21
0
3
0
14
0
17
0
25
0
32
0
26
0
14
0
10
0
23
0
29
0
19
0
41
0
27
0
43
0
26
0
29
0
19
0
39
0
6
0
28
0
23
0
28
0
10
0
19
0
27
0
19
0
21
0
35
0
27
0
31
0
26
0
30
0
0
0
32
0
19
0
18
0
25
0
15
0
35
0
41
0
21
0
33
0
22
0
18
0
5
0
5
0
39
0
18
0
15
0
30
0
14
0
37
0
27
0
26
0
14
0
24
0
30
0
20
0
17
0
41
0
16
0
14
0
14
0
15
0
22
0
10
0
14
0
22
0
45
0
19
0
19
0
30
0
13
0
16
0
29
0
24
0
15
0
30
0
32
0
19
0
20
0
31
0
5
0
26
0
21
0
18
0
19
0
30
0
24
0
8
0
26
0
17
0
16
0
39
0
21
0
25
0
39
0
9
0
19
0
30
0
18
0
8
0
25
0
22
0
15
0
21
0
16
0
25
0
23
0
31
0
28
0
14
0
12
0
20
0
14
0
17
0
56
0
27
0
13
0
22
0
24
0
346
0
31
0
15
0
21
0
35
0
28
0
27
0
42
0
8
0
25
0
19
0
36
0
29
0
11
0
39
0
13
0
14
0
