0
12
0
5
0
31
0
19
0
6
0
16
0
9
0
16
0
20
0
27
0
40
0
27
0
30
0
17
0
21
0
23
0
19
0
25
0
22
0
15
0
19
0
15
0
15
0
29
0
32
0
11
0
20
0
15
0
23
0
26
0
22
0
41
0
14
0
29
0
22
0
21
0
25
0
7
0
36
0
13
0
30
0
26
0
16
0
12
0
32
0
27
0
20
0
24
0
20
0
25
0
46
0
16
0
27
0
38
0
35
0
39
0
37
0
14
0
22
0
6
0
31
0
17
0
39
0
28
0
23
0
32
0
43
0
36
0
29
0
28
0
32
0
26
0
18
0
7
0
6
0
13
0
0
0
11
0
20
0
20
0
17
0
21
0
24
0
8
0
13
0
18
0
24
0
27
0
17
0
11
0
21
0
22
0
7
0
22
0
23
0
24
0
22
0
16
0
26
0
37
0
14
0
23
0
19
0
14
0
41
0
39
0
32
0
26
0
31
0
11
0
30
0
17
0
29
0
45
0
32
0
29
0
26
0
22
0
0
0
34
0
29
0
15
0
28
0
20
0
16
0
45
0
28
0
19
0
22
0
10
0
21
0
22
0
15
0
30
0
21
0
21
0
9
0
20
0
9
0
17
0
28
0
18
0
13
0
23
0
20
0
14
0
35
0
18
0
21
0
17
0
23
0
18
0
16
0
17
0
34
0
30
0
27
0
36
0
34
0
9
0
32
0
26
0
19
0
36
0
16
0
16
0
19
0
16
0
16
0
27
0
26
0
30
0
29
0
9
0
21
0
48
0
33
0
15
0
12
0
25
0
32
0
23
0
22
0
12
0
17
0
24
0
26
0
15
0
20
0
41
0
17
0
25
0
32
0
23
0
10
0
10
0
39
0
35
0
29
0
20
0
7
0
51
0
19
0
19
0
32
0
51
0
25
0
47
0
22
0
13
0
23
0
48
0
8
0
27
0
19
0
27
0
13
0
37
0
15
0
12
0
16
0
20
0
18
0
28
0
23
0
15
0
33
0
28
0
23
0
23
0
11
0
22
0
42
0
32
0
38
0
21
0
24
0
12
0
15
0
28
0
45
0
20
0
13
0
17
0
12
0
26
0
18
0
20
0
21
0
16
0
24
0
19
0
27
0
35
0
20
0
26
0
22
0
32
0
22
0
16
0
17
0
31
0
31
0
24
0
26
0
24
0
14
0
14
0
28
0
29
0
19
0
28
0
7
0
13
0
39
0
32
0
23
0
13
0
16
0
26
0
15
0
11
0
45
0
24
0
17
0
49
0
30
0
48
0
12
0
11
0
19
0
34
0
19
0
23
0
22
0
36
0
30
0
11
0
39
0
27
0
23
0
34
0
22
0
16
0
20
0
29
0
18
0
25
0
4
0
20
0
28
0
15
0
29
0
17
0
10
0
27
0
15
0
19
0
24
0
12
0
26
0
29
0
30
0
30
0
29
0
25
0
33
0
35
0
30
0
15
0
70
0
33
0
26
0
17
0
22
0
40
0
23
0
24
0
23
0
14
0
25
0
20
0
39
0
23
0
11
0
25
0
26
0
25
0
21
0
29
0
29
0
32
0
28
0
12
0
31
0
11
0
24
0
29
0
19
0
8
0
24
0
20
0
16
0
36
0
29
0
21
0
16
0
19
0
24
0
16
0
28
0
17
0
27
0
19
0
16
0
17
0
14
0
10
0
15
0
26
0
20
0
28
0
22
0
35
0
24
0
24
0
19
0
15
0
29
0
4
0
2
0
24
0
20
0
19
0
18
0
30
0
17
0
16
0
28
0
23
0
30
0
12
0
27
0
19
0
16
0
25
0
24
0
7
0
29
0
28
0
19
0
27
0
24
0
35
0
20
0
0
0
25
0
21
0
35
0
18
0
19
0
22
0
35
0
24
0
17
0
30
0
23
0
13
0
26
0
41
0
17
0
11
0
9
0
32
0
25
0
18
0
9
0
13
0
5
0
14
0
15
0
9
0
54
0
18
0
16
0
20
0
6
0
26
0
6
0
22
0
23
0
18
0
22
0
33
0
31
0
27
0
24
0
23
0
24
0
27
0
24
0
65
0
33
0
14
0
28
0
20
0
16
0
2
0
13
0
8
0
17
0
24
0
9
0
13
0
18
0
54
0
23
0
14
0
15
0
16
0
24
0
8
0
33
0
101
0
41
0
34
0
22
0
25
0
45
0
11
0
32
0
26
0
13
0
33
0
22
0
13
0
19
0
23
0
28
0
13
0
