0
6
0
32
0
10
0
40
0
28
0
16
0
23
0
8
0
17
0
17
0
19
0
23
0
31
0
25
0
35
0
7
0
36
0
9
0
17
0
27
0
36
0
12
0
18
0
21
0
20
0
40
0
19
0
24
0
34
0
26
0
31
0
38
0
12
0
8
0
26
0
24
0
54
0
24
0
626
324
621
0
31
0
32
0
20
0
26
0
39
0
20
0
14
0
4
0
32
0
23
0
7
0
8
0
19
0
15
0
24
0
32
0
23
0
49
0
28
0
13
0
7
0
18
0
22
0
13
0
28
0
1
0
9
0
11
0
26
0
7
0
16
0
22
0
17
0
28
0
21
0
12
0
19
0
21
0
50
0
27
0
14
0
15
0
22
0
27
0
18
0
24
0
25
0
22
0
23
0
11
0
18
0
31
0
46
0
22
0
39
0
9
0
26
0
30
0
12
0
23
0
30
0
25
0
15
0
32
0
27
0
17
0
34
0
19
0
6
0
13
0
12
0
19
0
13
0
22
0
39
0
9
0
17
0
21
0
29
0
13
0
28
0
43
0
25
0
36
0
25
0
15
0
20
0
22
0
27
0
18
0
14
0
37
0
36
0
24
0
14
0
7
0
10
0
16
0
23
0
22
0
24
0
30
0
29
0
32
0
18
0
46
0
12
0
19
0
22
0
41
0
22
0
24
0
31
0
29
0
20
0
17
0
12
0
38
0
21
0
6
0
16
0
11
0
17
0
21
0
21
0
9
0
20
0
23
0
25
0
24
0
12
0
20
0
21
0
8
0
30
0
26
0
25
0
24
0
36
0
23
0
22
0
19
0
20
0
22
0
13
0
32
0
27
0
29
0
21
0
27
0
8
0
33
0
16
0
21
0
13
0
22
0
42
0
24
0
27
0
33
0
21
0
29
0
18
0
13
0
42
0
18
0
24
0
5
0
49
0
16
0
28
0
12
0
21
0
23
0
0
0
14
0
14
0
13
0
26
0
26
0
18
0
26
0
33
0
33
0
20
0
23
0
26
0
44
0
30
0
26
0
8
0
16
0
24
0
36
0
35
0
50
0
11
0
33
0
44
0
14
0
18
0
25
0
27
0
24
0
10
0
14
0
20
0
32
0
8
0
40
0
13
0
32
0
18
0
29
0
12
0
21
0
11
0
27
0
9
0
22
0
23
0
20
0
35
0
23
0
15
0
16
0
16
0
22
0
36
0
21
0
21
0
19
0
21
0
21
0
6
0
32
0
18
0
37
0
21
0
32
0
30
0
18
0
11
0
41
0
35
0
13
0
17
0
15
0
26
0
32
0
34
0
35
0
26
0
11
0
27
0
19
0
25
0
30
0
12
0
39
0
18
0
22
0
15
0
21
0
10
0
35
0
13
0
16
0
25
0
35
0
14
0
30
0
14
0
20
0
16
0
32
0
40
0
20
0
26
0
35
0
32
0
17
0
18
0
14
0
15
0
40
0
26
0
15
0
24
0
20
0
32
0
23
0
28
0
24
0
20
0
40
0
22
0
5
0
20
0
22
0
16
0
22
0
16
0
17
0
25
0
28
0
20
0
22
0
37
0
27
0
29
0
21
0
24
0
21
0
26
0
18
0
17
0
13
0
16
0
37
0
43
0
5
0
17
0
23
0
18
0
12
0
30
0
12
0
26
0
41
0
32
0
19
0
26
0
17
0
34
0
39
0
17
0
42
0
33
0
43
0
13
0
28
0
21
0
19
0
24
0
19
0
19
0
25
0
14
0
21
0
28
0
30
0
35
0
11
0
15
0
19
0
19
0
0
0
20
0
35
0
13
0
34
0
38
0
12
0
18
0
26
0
22
0
12
0
7
0
17
0
23
0
24
0
44
0
23
0
24
0
6
0
20
0
16
0
23
0
23
0
20
0
18
0
29
0
8
0
42
0
28
0
18
0
34
0
19
0
29
0
16
0
14
0
18
0
21
0
37
0
18
0
22
0
22
0
18
0
21
0
32
0
25
0
20
0
13
0
12
0
19
0
31
0
21
0
17
0
16
0
14
0
6
0
25
0
29
0
18
0
33
0
10
0
27
0
31
0
47
0
33
0
12
0
23
0
12
0
18
0
33
0
25
0
17
0
14
0
31
0
14
0
11
0
1
0
17
0
28
0
23
0
10
0
21
0
65
0
39
0
16
0
31
0
10
0
274
0
9
0
22
0
30
0
11
0
24
0
27
0
37
0
13
0
25
0
47
0
5
0
26
0
31
0
13
0
24
0
21
0
