0
40
0
15
0
28
0
26
0
21
0
20
0
15
0
20
0
15
0
11
0
20
0
5
0
19
0
22
0
28
0
13
0
28
0
23
0
38
0
7
0
21
0
13
0
31
0
16
0
16
0
19
0
16
0
11
0
19
0
22
0
47
0
12
0
33
0
28
0
57
0
30
0
21
0
22
0
22
0
23
0
47
0
8
0
39
0
7
0
18
0
14
0
26
0
43
0
35
0
26
0
16
0
15
0
19
0
32
0
12
0
42
0
24
0
17
0
21
0
24
0
20
0
16
0
29
0
12
0
4
0
40
0
36
0
25
0
13
0
11
0
16
0
18
0
22
0
34
0
24
0
27
0
25
0
7
0
48
0
24
0
23
0
23
0
35
0
8
0
13
0
29
0
20
0
28
0
11
0
27
0
13
0
28
0
19
0
26
0
10
0
12
0
17
0
26
0
33
0
20
0
12
0
18
0
24
0
12
0
42
0
37
0
15
0
14
0
13
0
26
0
12
0
21
0
22
0
22
0
17
0
21
0
32
0
30
0
36
0
17
0
14
0
41
0
33
0
24
0
27
0
21
0
49
0
23
0
19
0
38
0
10
0
13
0
20
0
32
0
17
0
38
0
27
0
6
0
22
0
16
0
22
0
11
0
19
0
38
0
22
0
34
0
11
0
30
0
5
0
17
0
18
0
25
0
30
0
28
0
18
0
33
0
17
0
14
0
18
0
21
0
37
0
14
0
18
0
35
0
20
0
14
0
28
0
15
0
32
0
4
0
30
0
22
0
16
0
31
0
11
0
37
0
9
0
27
0
36
0
14
0
16
0
34
0
39
0
19
0
13
0
19
0
20
0
22
0
25
0
39
0
47
0
13
0
20
0
15
0
25
0
28
0
35
0
44
0
30
0
21
0
34
0
18
0
26
0
10
0
25
0
17
0
32
0
3
0
16
0
33
0
14
0
23
0
12
0
14
0
23
0
15
0
34
0
14
0
41
0
33
0
49
0
22
0
36
0
23
0
10
0
37
0
31
0
9
0
21
0
31
0
4
0
46
0
34
0
29
0
21
0
23
0
22
0
21
0
25
0
12
0
16
0
18
0
41
0
27
0
33
0
37
0
33
0
25
0
27
0
12
0
9
0
40
0
10
0
18
0
8
0
29
0
15
0
18
0
16
0
26
0
15
0
33
0
31
0
32
0
25
0
27
0
18
0
12
0
16
0
33
0
21
0
20
0
18
0
21
0
35
0
25
0
39
0
27
0
33
0
19
0
25
0
46
0
10
0
23
0
19
0
27
0
4
0
18
0
17
0
25
0
16
0
7
0
28
0
36
0
27
0
23
0
26
0
41
0
20
0
12
0
8
0
28
0
18
0
14
0
18
0
33
0
16
0
46
0
20
0
32
0
23
0
32
0
14
0
14
0
30
0
27
0
21
0
19
0
15
0
21
0
19
0
18
0
22
0
13
0
23
0
34
0
30
0
19
0
37
0
21
0
22
0
23
0
19
0
22
0
10
0
18
0
28
0
12
0
19
0
11
0
31
0
19
0
21
0
17
0
22
0
17
0
38
0
18
0
18
0
24
0
23
0
14
0
24
0
28
0
18
0
26
0
32
0
5
0
29
0
33
0
21
0
7
0
18
0
25
0
18
0
12
0
15
0
31
0
28
0
20
0
43
0
6
0
31
0
18
0
22
0
17
0
21
0
28
0
27
0
32
0
27
0
16
0
17
0
18
0
19
0
23
0
21
0
18
0
16
0
14
0
15
0
22
0
36
0
11
0
30
0
24
0
16
0
32
0
40
0
25
0
35
0
19
0
18
0
18
0
25
0
30
0
21
0
15
0
29
0
26
0
42
0
20
0
51
0
11
0
20
0
25
0
28
0
35
0
32
0
30
0
25
0
36
0
21
0
12
0
19
0
16
0
20
0
30
0
28
0
24
0
24
0
27
0
7
0
17
0
37
0
7
0
31
0
25
0
42
0
20
0
9
0
32
0
24
0
32
0
17
0
40
0
16
0
11
0
1
0
40
0
41
0
22
0
14
0
8
0
23
0
25
0
37
0
33
0
13
0
22
0
22
0
12
0
35
0
19
0
33
0
37
0
20
0
32
0
26
0
11
0
24
0
30
0
11
0
26
0
30
0
24
0
32
0
27
0
50
0
17
0
13
0
49
0
27
0
25
0
11
0
30
0
12
0
19
0
20
0
29
0
20
0
24
0
24
0
8
0
23
0
17
0
33
0
18
0
20
0
39
0
