0
9
0
22
0
44
0
18
0
16
0
4
0
13
0
29
0
31
0
11
0
21
0
12
0
23
0
17
0
13
0
22
0
15
0
8
0
20
0
20
0
34
0
22
0
14
0
8
0
12
0
20
0
35
0
26
0
22
0
20
0
9
0
27
0
13
0
31
0
9
0
32
0
26
0
20
0
9
0
16
0
30
0
9
0
24
0
13
0
35
0
30
0
20
0
15
0
21
0
9
0
29
0
17
0
44
0
13
0
13
0
13
0
12
0
37
0
19
0
19
0
32
0
31
0
25
0
22
0
23
0
7
0
13
0
40
0
25
0
28
0
36
0
38
0
24
0
7
0
18
0
15
0
29
0
45
0
36
0
34
0
21
0
0
0
21
0
23
0
27
0
18
0
37
0
19
0
20
0
17
0
8
0
34
0
0
0
22
0
19
0
26
0
44
0
2
0
17
0
22
0
14
0
13
0
23
0
19
0
39
0
35
0
5
0
23
0
28
0
27
0
11
0
28
0
23
0
24
0
36
0
20
0
9
0
24
0
29
0
17
0
31
0
38
0
24
0
20
0
24
0
28
0
7
0
40
0
17
0
26
0
11
0
25
0
19
0
21
0
24
0
29
0
23
0
15
0
27
0
24
0
20
0
19
0
25
0
18
0
19
0
24
0
36
0
34
0
29
0
9
0
11
0
21
0
24
0
20
0
37
0
24
0
15
0
28
0
21
0
31
0
30
0
11
0
31
0
14
0
20
0
19
0
34
0
32
0
19
0
9
0
10
0
15
0
13
0
3
0
20
0
24
0
5
0
24
0
9
0
20
0
13
0
11
0
39
0
41
0
29
0
25
0
24
0
20
0
10
0
24
0
29
0
33
0
17
0
31
0
22
0
25
0
13
0
12
0
32
0
19
0
38
0
25
0
18
0
31
0
27
0
15
0
26
0
24
0
12
0
21
0
24
0
46
0
22
0
22
0
16
0
54
0
16
0
25
0
22
0
37
0
9
0
24
0
13
0
10
0
25
0
20
0
22
0
15
0
19
0
28
0
32
0
36
0
47
0
15
0
18
0
34
0
35
0
23
0
25
0
37
0
26
0
9
0
5
0
21
0
7
0
18
0
16
0
17
0
28
0
18
0
25
0
19
0
8
0
10
0
33
0
22
0
19
0
39
0
24
0
29
0
21
0
32
0
39
0
25
0
21
0
21
0
11
0
35
0
16
0
13
0
6
0
20
0
33
0
33
0
18
0
25
0
50
0
19
0
17
0
18
0
12
0
8
0
30
0
22
0
20
0
20
0
32
0
36
0
14
0
32
0
17
0
39
0
21
0
36
0
19
0
35
0
20
0
38
0
19
0
19
0
6
0
28
0
15
0
10
0
40
0
24
0
25
0
22
0
14
0
4
0
27
0
22
0
21
0
29
0
16
0
25
0
9
0
15
0
31
0
17
0
14
0
36
0
12
0
24
0
12
0
24
0
33
0
24
0
10
0
14
0
12
0
22
0
11
0
48
0
23
0
28
0
28
0
18
0
19
0
30
0
30
0
8
0
10
0
27
0
3
0
19
0
37
0
28
0
23
0
28
0
26
0
10
0
9
0
15
0
22
0
35
0
24
0
21
0
27
0
15
0
27
0
23
0
28
0
10
0
17
0
22
0
45
0
14
0
33
0
11
0
16
0
36
0
29
0
28
0
29
0
34
0
21
0
32
0
4
0
15
0
17
0
22
0
29
0
14
0
38
0
8
0
29
0
19
0
36
0
23
0
23
0
17
0
32
0
11
0
19
0
23
0
13
0
48
0
31
0
32
0
21
0
13
0
15
0
0
0
19
0
17
0
26
0
23
0
2
0
10
0
24
0
16
0
22
0
0
0
2
0
23
0
13
0
14
0
12
0
25
0
16
0
29
0
16
0
8
0
10
0
32
0
29
0
16
0
32
0
11
0
16
0
9
0
28
0
18
0
20
0
16
0
14
0
19
0
28
0
7
0
21
0
25
0
33
0
15
0
6
0
34
0
26
0
21
0
33
0
13
0
37
0
22
0
54
0
25
0
22
0
28
0
21
0
32
0
21
0
12
0
18
0
24
0
12
0
28
0
38
0
30
0
21
0
14
0
8
0
38
0
26
0
24
0
29
0
20
0
17
0
24
0
25
0
32
0
15
0
14
0
23
0
33
0
30
0
134
0
36
0
46
0
20
0
21
0
23
0
11
0
13
0
26
0
27
0
9
0
22
0
11
0
11
0
14
0
42
0
34
0
