0
14
0
23
0
8
0
27
0
24
0
20
0
8
0
14
0
18
0
18
0
30
0
18
0
26
0
35
0
43
0
28
0
6
0
22
0
47
0
33
0
15
0
42
0
14
0
23
0
11
0
23
0
26
0
45
0
16
0
29
0
23
0
16
0
17
0
28
0
7
0
14
0
21
0
4
0
24
0
27
0
22
0
14
0
25
0
14
0
7
0
22
0
22
0
21
0
16
0
17
0
14
0
50
0
46
0
26
0
18
0
21
0
16
0
5
0
18
0
21
0
31
0
35
0
27
0
41
0
27
0
6
0
19
0
14
0
17
0
29
0
34
0
30
0
31
0
30
0
33
0
16
0
33
0
36
0
14
0
19
0
23
0
14
0
40
0
14
0
11
0
9
0
12
0
40
0
30
0
15
0
12
0
20
0
26
0
17
0
14
0
34
0
17
0
19
0
26
0
21
0
14
0
30
0
17
0
17
0
16
0
5
0
15
0
25
0
22
0
12
0
14
0
14
0
25
0
20
0
22
0
15
0
45
0
44
0
12
0
27
0
10
0
20
0
35
0
36
0
38
0
19
0
27
0
24
0
23
0
20
0
20
0
10
0
29
0
24
0
13
0
26
0
16
0
21
0
26
0
44
0
26
0
9
0
16
0
20
0
16
0
41
0
6
0
19
0
16
0
20
0
21
0
22
0
33
0
14
0
21
0
21
0
29
0
30
0
11
0
21
0
13
0
17
0
21
0
40
0
18
0
27
0
26
0
20
0
21
0
28
0
26
0
28
0
16
0
23
0
33
0
41
0
25
0
31
0
54
0
26
0
24
0
20
0
3
0
34
0
32
0
4
0
15
0
8
0
35
0
9
0
23
0
23
0
27
0
20
0
29
0
39
0
21
0
12
0
23
0
35
0
20
0
16
0
26
0
48
0
23
0
41
0
28
0
26
0
19
0
20
0
16
0
19
0
16
0
29
0
18
0
10
0
18
0
22
0
34
0
9
0
16
0
23
0
27
0
24
0
31
0
27
0
27
0
17
0
18
0
31
0
36
0
27
0
20
0
20
0
48
0
23
0
50
0
19
0
46
0
24
0
33
0
30
0
22
0
24
0
19
0
1
0
202
0
38
0
47
0
67
0
59
0
47
0
30
0
31
0
49
0
283
205
448
397
542
496
601
556
631
583
639
592
650
444
577
533
662
619
696
703
710
669
713
670
713
710
707
655
703
635
685
621
698
697
695
694
691
695
689
638
695
635
687
597
660
503
601
207
489
0
416
362
431
375
430
329
410
265
343
269
375
303
371
0
376
324
386
295
364
266
342
200
298
89
252
20
177
0
118
0
90
0
231
0
31
0
17
0
22
0
39
0
24
0
21
0
21
0
8
0
29
0
40
0
28
0
28
0
30
0
22
0
31
0
23
0
18
0
20
0
30
0
34
0
35
0
23
0
22
0
25
0
15
0
21
0
21
0
23
0
14
0
15
0
22
0
30
0
21
0
30
0
17
0
11
0
21
0
29
0
36
0
14
0
30
0
26
0
25
0
32
0
31
0
38
0
19
0
24
0
14
0
20
0
14
0
28
0
29
0
20
0
30
0
34
0
28
0
25
0
15
0
28
0
33
0
14
0
19
0
43
0
32
0
11
0
27
0
38
0
17
0
29
0
21
0
14
0
25
0
25
0
2
0
18
0
22
0
22
0
30
0
31
0
16
0
27
0
31
0
38
0
22
0
14
0
34
0
26
0
25
0
18
0
31
0
25
0
17
0
11
0
38
0
34
0
24
0
34
0
16
0
22
0
22
0
38
0
30
0
31
0
25
0
22
0
25
0
27
0
33
0
12
0
16
0
36
0
20
0
23
0
14
0
24
0
40
0
19
0
24
0
19
0
16
0
24
0
26
0
35
0
21
0
11
0
14
0
15
0
17
0
4
0
13
0
9
0
30
0
10
0
22
0
33
0
19
0
18
0
19
0
30
0
18
0
30
0
18
0
13
0
25
0
24
0
35
0
11
0
46
0
22
0
43
0
30
0
29
0
11
0
29
0
15
0
23
0
22
0
35
0
11
0
24
0
24
0
29
0
28
0
6
0
25
0
31
0
24
0
13
0
34
0
24
0
24
0
28
0
36
0
20
0
26
0
25
0
20
0
32
0
5
0
24
0
19
0
32
0
17
0
23
0
15
0
213
0
19
0
17
0
23
0
7
0
32
0
16
0
35
0
40
0
26
0
29
0
10
0
32
0
28
0
33
0
38
0
9
0
