0
36
0
22
0
20
0
14
0
10
0
9
0
7
0
51
0
22
0
34
0
17
0
13
0
28
0
32
0
22
0
26
0
30
0
16
0
16
0
24
0
28
0
23
0
11
0
27
0
9
0
43
0
27
0
22
0
26
0
16
0
46
0
36
0
36
0
27
0
34
0
20
0
31
0
44
0
28
0
22
0
40
0
13
0
22
0
27
0
16
0
23
0
43
0
34
0
18
0
27
0
24
0
3
0
28
0
32
0
24
0
24
0
34
0
21
0
28
0
35
0
10
0
15
0
22
0
17
0
17
0
15
0
20
0
24
0
39
0
18
0
19
0
22
0
14
0
27
0
11
0
22
0
12
0
32
0
25
0
20
0
25
0
8
0
21
0
5
0
16
0
14
0
21
0
22
0
38
0
22
0
17
0
9
0
25
0
24
0
4
0
26
0
23
0
10
0
20
0
15
0
15
0
17
0
10
0
23
0
0
0
30
0
23
0
12
0
14
0
26
0
19
0
27
0
19
0
26
0
9
0
41
0
9
0
25
0
16
0
21
0
21
0
30
0
31
0
22
0
31
0
24
0
13
0
19
0
32
0
22
0
10
0
50
0
22
0
20
0
36
0
40
0
28
0
20
0
29
0
16
0
14
0
37
0
24
0
8
0
22
0
33
0
12
0
18
0
9
0
38
0
12
0
15
0
28
0
14
0
23
0
21
0
36
0
11
0
36
0
30
0
23
0
29
0
17
0
39
0
11
0
12
0
11
0
14
0
33
0
28
0
34
0
26
0
23
0
16
0
20
0
12
0
15
0
29
0
21
0
24
0
21
0
34
0
17
0
24
0
9
0
18
0
13
0
24
0
45
0
9
0
27
0
25
0
42
0
5
0
10
0
16
0
31
0
22
0
7
0
41
0
25
0
6
0
25
0
34
0
13
0
15
0
25
0
13
0
22
0
11
0
24
0
38
0
19
0
40
0
36
0
32
0
22
0
12
0
14
0
21
0
13
0
13
0
1
0
22
0
21
0
30
0
16
0
24
0
16
0
10
0
39
0
16
0
32
0
23
0
22
0
19
0
32
0
14
0
9
0
25
0
37
0
37
0
13
0
15
0
12
0
16
0
22
0
25
0
16
0
23
0
8
0
25
0
15
0
19
0
34
0
15
0
19
0
19
0
21
0
14
0
7
0
29
0
37
0
40
0
21
0
23
0
16
0
45
0
18
0
22
0
17
0
17
0
28
0
34
0
27
0
24
0
14
0
17
0
13
0
32
0
19
0
47
0
19
0
22
0
32
0
19
0
17
0
17
0
25
0
25
0
18
0
23
0
21
0
43
0
9
0
18
0
20
0
9
0
25
0
28
0
33
0
33
0
18
0
18
0
20
0
19
0
34
0
44
0
69
0
26
0
21
0
15
0
25
0
18
0
13
0
43
0
9
0
10
0
28
0
25
0
26
0
39
0
13
0
16
0
367
0
24
0
30
0
27
0
16
0
24
0
20
0
97
0
192
0
23
0
59
0
29
0
21
0
37
0
186
0
27
0
23
0
19
0
22
0
26
0
16
0
22
0
27
0
13
0
21
0
26
0
552
551
551
547
534
0
513
0
20
0
32
0
44
0
30
0
39
0
31
0
14
0
35
0
19
0
11
0
22
0
34
0
18
0
22
0
10
0
17
0
26
0
23
0
30
0
22
0
14
0
42
0
16
0
42
0
10
0
21
0
20
0
28
0
17
0
28
0
21
0
11
0
39
0
19
0
18
0
14
0
12
0
19
0
23
0
26
0
22
0
27
0
11
0
37
0
22
0
4
0
19
0
18
0
17
0
12
0
29
0
30
0
8
0
13
0
23
0
19
0
17
0
29
0
24
0
24
0
19
0
28
0
19
0
14
0
32
0
20
0
11
0
40
0
21
0
8
0
27
0
24
0
14
0
17
0
23
0
26
0
24
0
36
0
18
0
19
0
15
0
13
0
24
0
19
0
0
0
12
0
45
0
13
0
20
0
22
0
20
0
15
0
19
0
25
0
13
0
11
0
17
0
38
0
17
0
26
0
12
0
18
0
16
0
17
0
35
0
41
0
45
0
27
0
8
0
19
0
26
0
113
0
6
0
19
0
26
0
28
0
21
0
35
0
40
0
14
0
23
0
16
0
18
0
20
0
21
0
28
0
30
0
38
0
139
0
231
0
0
0
36
0
15
0
35
0
26
0
33
0
28
0
22
0
24
0
21
0
10
0
23
0
17
0
20
0
20
0
23
0
