0
31
0
16
0
35
0
45
0
38
0
22
0
24
0
2
0
33
0
22
0
24
0
21
0
12
0
33
0
42
0
36
0
15
0
20
0
10
0
31
0
14
0
17
0
22
0
25
0
9
0
20
0
13
0
15
0
30
0
41
0
22
0
10
0
12
0
18
0
18
0
45
0
22
0
13
0
20
0
24
0
28
0
34
0
23
0
23
0
40
0
20
0
28
0
18
0
29
0
13
0
25
0
24
0
27
0
38
0
31
0
22
0
30
0
35
0
16
0
28
0
39
0
35
0
20
0
15
0
27
0
22
0
20
0
14
0
58
0
27
0
23
0
20
0
27
0
35
0
18
0
30
0
24
0
21
0
18
0
31
0
29
0
20
0
35
0
8
0
13
0
26
0
36
0
20
0
21
0
12
0
31
0
34
0
16
0
18
0
24
0
31
0
22
0
27
0
26
0
26
0
22
0
14
0
15
0
12
0
36
0
12
0
23
0
31
0
2
0
16
0
22
0
15
0
25
0
24
0
13
0
23
0
6
0
31
0
26
0
17
0
36
0
22
0
23
0
25
0
40
0
36
0
30
0
18
0
24
0
14
0
10
0
30
0
17
0
21
0
17
0
19
0
34
0
28
0
42
0
14
0
27
0
23
0
11
0
33
0
14
0
22
0
39
0
4
0
40
0
24
0
12
0
38
0
17
0
21
0
25
0
21
0
30
0
32
0
16
0
20
0
22
0
27
0
29
0
17
0
31
0
37
0
28
0
17
0
32
0
17
0
28
0
24
0
12
0
31
0
17
0
33
0
45
0
21
0
35
0
39
0
34
0
24
0
30
0
17
0
15
0
14
0
36
0
18
0
21
0
12
0
30
0
14
0
26
0
25
0
14
0
23
0
26
0
29
0
18
0
19
0
28
0
16
0
27
0
26
0
22
0
21
0
28
0
12
0
28
0
24
0
17
0
30
0
56
0
17
0
20
0
15
0
24
0
11
0
19
0
14
0
30
0
34
0
21
0
32
0
24
0
8
0
25
0
32
0
8
0
36
0
19
0
38
0
39
0
12
0
9
0
21
0
2
0
12
0
12
0
9
0
29
0
18
0
44
0
29
0
20
0
23
0
19
0
28
0
28
0
15
0
16
0
15
0
40
0
20
0
16
0
26
0
30
0
23
0
24
0
22
0
19
0
22
0
21
0
39
0
35
0
14
0
27
0
24
0
3
0
22
0
28
0
39
0
36
0
13
0
9
0
39
0
12
0
45
0
13
0
12
0
18
0
15
0
18
0
31
0
39
0
8
0
14
0
18
0
33
0
5
0
41
0
33
0
22
0
32
0
31
0
23
0
28
0
24
0
23
0
34
0
35
0
16
0
17
0
25
0
30
0
38
0
36
0
29
0
20
0
14
0
23
0
17
0
17
0
29
0
23
0
13
0
18
0
21
0
20
0
24
0
13
0
21
0
14
0
25
0
24
0
21
0
45
0
40
0
23
0
30
0
18
0
15
0
18
0
22
0
16
0
8
0
19
0
17
0
32
0
30
0
24
0
13
0
18
0
15
0
20
0
35
0
21
0
17
0
33
0
18
0
21
0
20
0
25
0
35
0
35
0
9
0
23
0
37
0
22
0
20
0
27
0
23
0
22
0
25
0
9
0
28
0
22
0
12
0
27
0
43
0
23
0
17
0
26
0
22
0
31
0
37
0
20
0
22
0
18
0
34
0
31
0
15
0
25
0
50
0
28
0
27
0
33
0
22
0
36
0
24
0
40
0
25
0
15
0
10
0
28
0
15
0
19
0
22
0
23
0
22
0
30
0
23
0
9
0
25
0
32
0
27
0
21
0
19
0
12
0
18
0
20
0
8
0
23
0
38
0
32
0
20
0
12
0
32
0
18
0
38
0
18
0
12
0
35
0
51
0
30
0
23
0
21
0
17
0
14
0
8
0
19
0
22
0
28
0
12
0
13
0
19
0
32
0
24
0
41
0
25
0
29
0
21
0
24
0
20
0
12
0
16
0
22
0
37
0
31
0
16
0
30
0
29
0
15
0
19
0
27
0
12
0
26
0
26
0
23
0
25
0
34
0
17
0
35
0
19
0
7
0
25
0
17
0
20
0
29
0
24
0
30
0
17
0
19
0
15
0
27
0
17
0
24
0
25
0
21
0
27
0
20
0
20
0
13
0
31
0
12
0
25
0
36
0
31
0
20
0
17
0
26
0
6
0
12
0
8
0
13
0
23
0
25
0
34
0
33
0
9
0
