0
17
0
21
0
31
0
21
0
23
0
37
0
16
0
28
0
40
0
23
0
15
0
18
0
15
0
20
0
3
0
17
0
36
0
23
0
9
0
13
0
20
0
18
0
15
0
33
0
39
0
25
0
13
0
14
0
40
0
41
0
24
0
23
0
24
0
54
0
31
0
18
0
16
0
19
0
8
0
19
0
21
0
18
0
42
0
10
0
26
0
12
0
34
0
32
0
22
0
30
0
20
0
27
0
13
0
24
0
13
0
22
0
9
0
16
0
30
0
10
0
7
0
29
0
19
0
34
0
12
0
20
0
23
0
19
0
24
0
14
0
16
0
17
0
20
0
47
0
24
0
15
0
26
0
18
0
4
0
16
0
15
0
17
0
22
0
23
0
37
0
13
0
30
0
9
0
23
0
17
0
39
0
40
0
33
0
6
0
30
0
44
0
29
0
31
0
28
0
19
0
16
0
33
0
22
0
6
0
5
0
28
0
13
0
26
0
23
0
9
0
27
0
17
0
9
0
12
0
18
0
17
0
27
0
7
0
33
0
14
0
32
0
15
0
53
0
28
0
28
0
20
0
17
0
29
0
17
0
20
0
24
0
11
0
22
0
18
0
12
0
25
0
25
0
29
0
23
0
21
0
27
0
20
0
5
0
20
0
28
0
32
0
29
0
21
0
23
0
22
0
34
0
37
0
17
0
37
0
23
0
15
0
21
0
13
0
39
0
10
0
5
0
8
0
27
0
24
0
23
0
19
0
8
0
13
0
26
0
31
0
27
0
30
0
29
0
20
0
18
0
15
0
20
0
6
0
26
0
21
0
33
0
38
0
22
0
37
0
22
0
32
0
44
0
36
0
21
0
22
0
24
0
0
0
25
0
6
0
32
0
24
0
15
0
13
0
7
0
19
0
30
0
11
0
28
0
22
0
19
0
13
0
28
0
23
0
19
0
10
0
41
0
13
0
28
0
27
0
18
0
29
0
20
0
4
0
5
0
21
0
21
0
16
0
30
0
22
0
12
0
17
0
8
0
24
0
20
0
19
0
29
0
12
0
36
0
15
0
18
0
25
0
24
0
26
0
15
0
37
0
19
0
17
0
18
0
40
0
20
0
22
0
16
0
8
0
14
0
8
0
9
0
31
0
18
0
22
0
7
0
21
0
30
0
26
0
18
0
16
0
51
0
19
0
46
0
19
0
21
0
17
0
12
0
14
0
10
0
0
0
23
0
12
0
17
0
44
0
31
0
24
0
35
0
17
0
14
0
12
0
21
0
23
0
44
0
18
0
20
0
6
0
28
0
35
0
18
0
16
0
21
0
33
0
32
0
9
0
8
0
26
0
25
0
12
0
18
0
12
0
27
0
3
0
30
0
6
0
19
0
40
0
11
0
20
0
11
0
32
0
32
0
9
0
32
0
18
0
16
0
13
0
19
0
19
0
16
0
21
0
16
0
11
0
7
0
7
0
25
0
10
0
29
0
20
0
23
0
26
0
4
0
19
0
24
0
11
0
22
0
27
0
16
0
33
0
17
0
39
0
4
0
16
0
23
0
17
0
27
0
28
0
19
0
19
0
32
0
22
0
16
0
34
0
27
0
19
0
12
0
19
0
36
0
32
0
15
0
28
0
16
0
51
0
43
0
8
0
9
0
26
0
15
0
24
0
27
0
27
0
17
0
23
0
20
0
28
0
28
0
21
0
33
0
23
0
21
0
30
0
18
0
12
0
16
0
13
0
23
0
40
0
23
0
16
0
7
0
28
0
24
0
24
0
30
0
40
0
17
0
14
0
15
0
24
0
12
0
18
0
8
0
28
0
24
0
10
0
34
0
38
0
16
0
14
0
32
0
7
0
16
0
17
0
27
0
10
0
21
0
42
0
21
0
35
0
40
0
26
0
20
0
23
0
24
0
16
0
9
0
54
0
38
0
15
0
22
0
22
0
31
0
8
0
18
0
21
0
32
0
16
0
24
0
24
0
35
0
28
0
13
0
26
0
12
0
20
0
27
0
30
0
25
0
13
0
25
0
40
0
31
0
22
0
28
0
39
0
25
0
9
0
18
0
24
0
11
0
10
0
23
0
6
0
24
0
14
0
11
0
54
0
19
0
26
0
10
0
21
0
33
0
18
0
10
0
18
0
21
0
25
0
17
0
11
0
17
0
188
0
31
0
22
0
31
0
153
0
11
0
15
0
20
0
23
0
17
0
20
0
34
0
22
0
35
0
14
0
13
0
22
0
21
0
7
0
26
0
30
0
