0
21
0
36
0
25
0
33
0
42
0
46
0
13
0
25
0
8
0
40
0
37
0
19
0
26
0
24
0
18
0
22
0
32
0
36
0
10
0
26
0
21
0
23
0
22
0
43
0
10
0
17
0
24
0
39
0
12
0
16
0
21
0
36
0
24
0
26
0
41
0
15
0
26
0
32
0
27
0
8
0
32
0
20
0
24
0
15
0
23
0
32
0
21
0
27
0
14
0
22
0
15
0
36
0
17
0
14
0
18
0
13
0
19
0
32
0
13
0
36
0
23
0
32
0
6
0
32
0
23
0
11
0
8
0
12
0
35
0
17
0
7
0
27
0
16
0
7
0
28
0
19
0
26
0
25
0
16
0
14
0
28
0
6
0
42
0
41
0
19
0
16
0
23
0
30
0
29
0
21
0
13
0
16
0
24
0
38
0
31
0
27
0
22
0
24
0
25
0
9
0
27
0
18
0
32
0
19
0
18
0
28
0
12
0
13
0
32
0
11
0
8
0
37
0
23
0
15
0
32
0
21
0
13
0
12
0
24
0
21
0
28
0
30
0
26
0
13
0
24
0
26
0
18
0
29
0
22
0
20
0
25
0
20
0
26
0
31
0
11
0
48
0
27
0
19
0
34
0
20
0
23
0
18
0
17
0
36
0
18
0
20
0
11
0
25
0
27
0
32
0
20
0
20
0
31
0
29
0
15
0
20
0
27
0
30
0
28
0
38
0
16
0
7
0
17
0
15
0
37
0
12
0
5
0
18
0
29
0
24
0
19
0
46
0
29
0
13
0
24
0
7
0
18
0
47
0
20
0
19
0
15
0
24
0
17
0
15
0
41
0
26
0
22
0
26
0
9
0
19
0
22
0
54
0
39
0
24
0
36
0
2
0
31
0
25
0
18
0
30
0
42
0
27
0
9
0
19
0
42
0
36
0
32
0
26
0
26
0
14
0
23
0
8
0
37
0
23
0
38
0
28
0
34
0
20
0
7
0
28
0
9
0
22
0
17
0
21
0
24
0
26
0
32
0
39
0
9
0
25
0
34
0
15
0
15
0
25
0
20
0
13
0
37
0
14
0
12
0
11
0
12
0
22
0
8
0
11
0
16
0
29
0
18
0
23
0
28
0
9
0
29
0
19
0
21
0
45
0
9
0
24
0
28
0
21
0
18
0
21
0
13
0
25
0
32
0
15
0
25
0
17
0
35
0
16
0
22
0
7
0
20
0
11
0
24
0
26
0
20
0
24
0
27
0
9
0
19
0
25
0
16
0
16
0
15
0
30
0
36
0
17
0
29
0
17
0
26
0
21
0
20
0
36
0
23
0
20
0
21
0
15
0
28
0
18
0
19
0
8
0
29
0
20
0
9
0
17
0
23
0
26
0
14
0
23
0
22
0
26
0
19
0
21
0
20
0
12
0
5
0
7
0
32
0
17
0
4
0
7
0
19
0
24
0
15
0
10
0
32
0
12
0
25
0
18
0
10
0
11
0
17
0
14
0
38
0
28
0
24
0
23
0
23
0
28
0
22
0
31
0
29
0
36
0
26
0
14
0
0
0
32
0
24
0
22
0
26
0
4
0
16
0
33
0
21
0
25
0
24
0
12
0
7
0
21
0
53
0
16
0
14
0
15
0
32
0
28
0
30
0
19
0
14
0
21
0
29
0
32
0
17
0
24
0
12
0
47
0
19
0
13
0
30
0
18
0
14
0
25
0
36
0
37
0
17
0
14
0
18
0
28
0
5
0
41
0
20
0
21
0
45
0
18
0
26
0
5
0
36
0
18
0
22
0
14
0
33
0
30
0
19
0
21
0
31
0
26
0
7
0
34
0
31
0
29
0
29
0
43
0
27
0
24
0
14
0
12
0
15
0
17
0
28
0
20
0
28
0
44
0
23
0
16
0
20
0
20
0
8
0
36
0
23
0
21
0
19
0
34
0
32
0
22
0
26
0
17
0
50
0
15
0
16
0
20
0
25
0
19
0
30
0
22
0
33
0
36
0
10
0
35
0
15
0
20
0
16
0
17
0
28
0
16
0
10
0
37
0
9
0
21
0
36
0
29
0
46
0
31
0
28
0
13
0
15
0
27
0
12
0
27
0
15
0
9
0
14
0
28
0
25
0
14
0
22
0
40
0
14
0
21
0
27
0
30
0
266
0
14
0
24
0
18
0
17
0
145
0
16
0
34
0
34
0
33
0
9
0
7
0
17
0
16
0
24
0
16
0
14
0
19
0
22
0
16
0
18
0
25
0
