0
26
0
22
0
23
0
20
0
9
0
8
0
20
0
16
0
167
0
18
0
635
0
626
0
44
0
15
0
16
0
39
0
21
0
39
0
49
0
30
0
36
0
26
0
38
0
23
0
15
0
15
0
19
0
11
0
17
0
18
0
26
0
29
0
22
0
15
0
12
0
28
0
8
0
4
0
21
0
21
0
12
0
10
0
37
0
35
0
18
0
23
0
21
0
16
0
35
0
34
0
23
0
23
0
36
0
19
0
22
0
20
0
15
0
23
0
23
0
22
0
22
0
21
0
30
0
20
0
7
0
29
0
24
0
30
0
20
0
22
0
16
0
20
0
35
0
34
0
21
0
27
0
29
0
41
0
8
0
32
0
13
0
30
0
20
0
21
0
32
0
2
0
40
0
15
0
29
0
32
0
21
0
17
0
27
0
31
0
35
0
21
0
29
0
18
0
11
0
27
0
17
0
2
0
1
0
22
0
23
0
10
0
18
0
16
0
22
0
49
0
44
0
24
0
19
0
34
0
5
0
14
0
22
0
14
0
16
0
36
0
22
0
13
0
33
0
15
0
38
0
24
0
10
0
17
0
24
0
28
0
25
0
32
0
17
0
14
0
26
0
36
0
9
0
23
0
27
0
30
0
4
0
28
0
6
0
26
0
24
0
9
0
20
0
24
0
12
0
24
0
39
0
25
0
6
0
36
0
13
0
12
0
22
0
46
0
32
0
7
0
31
0
11
0
31
0
36
0
16
0
24
0
19
0
13
0
29
0
8
0
11
0
33
0
21
0
25
0
30
0
15
0
34
0
29
0
41
0
20
0
21
0
53
0
24
0
19
0
25
0
18
0
18
0
16
0
22
0
23
0
23
0
20
0
9
0
34
0
19
0
26
0
18
0
18
0
21
0
13
0
16
0
42
0
27
0
33
0
17
0
13
0
14
0
12
0
11
0
16
0
32
0
28
0
24
0
21
0
18
0
27
0
24
0
12
0
21
0
13
0
33
0
26
0
16
0
18
0
17
0
47
0
15
0
29
0
8
0
15
0
9
0
28
0
27
0
10
0
24
0
16
0
14
0
17
0
13
0
44
0
32
0
17
0
26
0
32
0
20
0
29
0
24
0
13
0
15
0
5
0
15
0
17
0
28
0
32
0
16
0
20
0
11
0
12
0
8
0
9
0
35
0
24
0
14
0
23
0
26
0
36
0
6
0
26
0
24
0
16
0
21
0
19
0
21
0
16
0
40
0
32
0
19
0
46
0
15
0
12
0
22
0
26
0
32
0
21
0
27
0
9
0
26
0
10
0
9
0
21
0
31
0
36
0
8
0
21
0
13
0
21
0
35
0
9
0
7
0
26
0
36
0
36
0
26
0
29
0
27
0
30
0
16
0
30
0
16
0
28
0
28
0
15
0
21
0
14
0
27
0
14
0
10
0
22
0
24
0
15
0
17
0
34
0
22
0
27
0
36
0
29
0
26
0
24
0
24
0
25
0
15
0
22
0
46
0
17
0
16
0
27
0
38
0
13
0
12
0
44
0
13
0
35
0
16
0
29
0
21
0
4
0
18
0
28
0
6
0
10
0
22
0
26
0
20
0
14
0
14
0
14
0
28
0
8
0
30
0
13
0
9
0
17
0
25
0
21
0
7
0
12
0
23
0
26
0
18
0
17
0
25
0
10
0
24
0
28
0
19
0
27
0
10
0
25
0
26
0
20
0
23
0
14
0
32
0
12
0
20
0
20
0
11
0
35
0
11
0
10
0
41
0
28
0
22
0
22
0
29
0
1
0
22
0
27
0
15
0
17
0
36
0
15
0
49
0
25
0
33
0
19
0
27
0
22
0
25
0
21
0
16
0
6
0
23
0
27
0
18
0
42
0
35
0
34
0
18
0
22
0
20
0
22
0
27
0
19
0
36
0
24
0
17
0
34
0
37
0
28
0
18
0
35
0
19
0
11
0
13
0
23
0
22
0
18
0
18
0
18
0
37
0
24
0
35
0
18
0
27
0
21
0
24
0
15
0
30
0
25
0
15
0
18
0
19
0
12
0
8
0
14
0
17
0
31
0
18
0
16
0
32
0
17
0
18
0
36
0
16
0
29
0
17
0
44
0
27
0
11
0
26
0
6
0
19
0
18
0
21
0
11
0
24
0
12
0
44
0
30
0
35
0
33
0
24
0
170
0
10
0
15
0
25
0
43
0
17
0
12
0
14
0
22
0
23
0
15
0
33
0
28
0
15
0
22
0
0
0
33
0
