0
15
0
23
0
13
0
9
0
30
0
26
0
21
0
26
0
9
0
11
0
14
0
27
0
21
0
26
0
9
0
26
0
19
0
18
0
22
0
28
0
37
0
13
0
33
0
11
0
28
0
17
0
20
0
25
0
6
0
19
0
35
0
29
0
21
0
0
0
9
0
28
0
23
0
25
0
23
0
21
0
12
0
15
0
31
0
26
0
12
0
25
0
30
0
29
0
24
0
23
0
20
0
13
0
36
0
12
0
35
0
3
0
11
0
29
0
19
0
34
0
27
0
31
0
13
0
29
0
21
0
15
0
43
0
29
0
19
0
14
0
5
0
31
0
21
0
17
0
26
0
31
0
30
0
12
0
16
0
18
0
26
0
25
0
19
0
9
0
21
0
21
0
20
0
38
0
43
0
16
0
29
0
16
0
32
0
10
0
12
0
41
0
15
0
31
0
33
0
34
0
18
0
9
0
12
0
19
0
16
0
18
0
28
0
21
0
15
0
23
0
27
0
27
0
28
0
27
0
21
0
14
0
35
0
31
0
36
0
17
0
28
0
24
0
32
0
31
0
28
0
17
0
19
0
20
0
16
0
0
0
15
0
34
0
39
0
7
0
26
0
28
0
11
0
29
0
12
0
10
0
11
0
16
0
24
0
15
0
26
0
34
0
43
0
21
0
20
0
13
0
27
0
27
0
21
0
42
0
23
0
16
0
24
0
27
0
13
0
25
0
17
0
24
0
30
0
22
0
24
0
33
0
16
0
18
0
18
0
16
0
33
0
18
0
15
0
19
0
14
0
24
0
15
0
34
0
16
0
21
0
19
0
29
0
20
0
14
0
30
0
16
0
33
0
25
0
30
0
13
0
5
0
29
0
42
0
31
0
22
0
17
0
22
0
16
0
42
0
26
0
29
0
20
0
26
0
26
0
30
0
21
0
29
0
12
0
24
0
25
0
22
0
23
0
36
0
29
0
26
0
32
0
19
0
4
0
31
0
16
0
18
0
19
0
36
0
18
0
19
0
26
0
21
0
48
0
19
0
21
0
11
0
3
0
19
0
22
0
25
0
31
0
26
0
10
0
28
0
32
0
45
0
55
0
13
0
13
0
6
0
24
0
36
0
29
0
38
0
17
0
21
0
32
0
15
0
21
0
37
0
13
0
34
0
17
0
34
0
8
0
22
0
14
0
24
0
3
0
31
0
20
0
32
0
39
0
28
0
37
0
39
0
23
0
21
0
15
0
18
0
18
0
17
0
5
0
17
0
25
0
29
0
20
0
17
0
24
0
31
0
18
0
34
0
13
0
40
0
23
0
33
0
34
0
27
0
2
0
25
0
26
0
13
0
9
0
45
0
13
0
20
0
17
0
48
0
23
0
27
0
14
0
22
0
44
0
16
0
17
0
6
0
12
0
19
0
47
0
16
0
10
0
21
0
6
0
8
0
14
0
23
0
13
0
39
0
38
0
28
0
27
0
47
0
7
0
23
0
26
0
24
0
18
0
37
0
27
0
35
0
19
0
41
0
34
0
25
0
29
0
26
0
38
0
15
0
28
0
36
0
35
0
15
0
12
0
38
0
17
0
26
0
8
0
23
0
11
0
33
0
13
0
11
0
34
0
11
0
10
0
16
0
18
0
18
0
23
0
8
0
26
0
20
0
18
0
12
0
17
0
23
0
22
0
21
0
13
0
43
0
53
0
24
0
31
0
24
0
34
0
23
0
24
0
17
0
17
0
8
0
22
0
19
0
38
0
14
0
16
0
11
0
10
0
26
0
35
0
16
0
24
0
18
0
9
0
27
0
14
0
32
0
30
0
21
0
7
0
13
0
20
0
31
0
38
0
20
0
29
0
37
0
48
0
22
0
17
0
20
0
38
0
27
0
32
0
28
0
24
0
21
0
20
0
20
0
34
0
31
0
31
0
14
0
23
0
25
0
19
0
15
0
16
0
12
0
46
0
11
0
12
0
8
0
24
0
12
0
27
0
29
0
12
0
28
0
16
0
15
0
37
0
39
0
30
0
7
0
38
0
16
0
30
0
18
0
25
0
15
0
38
0
23
0
26
0
13
0
23
0
10
0
6
0
12
0
12
0
27
0
18
0
29
0
29
0
45
0
29
0
14
0
27
0
15
0
22
0
17
0
10
0
43
0
27
0
52
0
19
0
16
0
12
0
27
0
41
0
31
0
34
0
5
0
12
0
23
0
30
0
17
0
22
0
15
0
15
0
16
0
9
0
24
0
7
0
25
0
40
0
