3338
0
21
0
17
0
32
0
18
0
19
0
30
0
18
0
32
0
16
0
24
0
22
0
17
0
33
0
29
0
19
0
19
0
18
0
12
0
24
0
28
0
23
0
13
0
20
0
27
0
22
0
19
0
21
0
16
0
13
0
6
0
22
0
22
0
25
0
8
0
13
0
22
0
35
0
25
0
11
0
21
0
10
0
16
0
19
0
17
0
23
0
34
0
14
0
20
0
11
0
10
0
13
0
16
0
30
0
37
0
27
0
23
0
33
0
4
0
21
0
17
0
22
0
18
0
19
0
18
0
9
0
29
0
22
0
28
0
5
0
26
0
16
0
24
0
7
0
25
0
26
0
49
0
12
0
20
0
30
0
24
0
23
0
9
0
13
0
19
0
15
0
20
0
19
0
15
0
33
0
27
0
22
0
37
0
22
0
38
0
22
0
22
0
23
0
22
0
29
0
17
0
13
0
35
0
11
0
10
0
39
0
8
0
34
0
13
0
31
0
23
0
17
0
9
0
20
0
14
0
30
0
36
0
49
0
20
0
11
0
21
0
9
0
32
0
19
0
27
0
30
0
14
0
30
0
28
0
10
0
18
0
15
0
36
0
22
0
23
0
1
0
30
0
29
0
26
0
39
0
11
0
30
0
26
0
19
0
27
0
6
0
15
0
27
0
25
0
17
0
19
0
22
0
8
0
32
0
21
0
7
0
10
0
27
0
25
0
15
0
23
0
31
0
30
0
22
0
33
0
11
0
40
0
206
0
157
47
288
219
430
376
559
517
644
603
675
634
686
579
679
640
695
0
19
0
28
0
39
0
47
0
28
0
13
0
20
0
33
0
29
0
30
0
52
0
18
0
17
0
23
0
17
0
18
0
18
0
30
0
39
0
22
0
24
0
33
0
8
0
29
0
10
0
29
0
16
0
19
0
23
0
7
0
32
0
13
0
18
0
17
0
17
0
30
0
17
0
28
0
27
0
28
0
31
0
30
0
26
0
35
0
32
0
19
0
17
0
17
0
22
0
19
0
28
0
28
0
22
0
9
0
20
0
28
0
18
0
38
0
21
0
22
0
18
0
15
0
24
0
20
0
45
0
12
0
22
0
10
0
24
0
33
0
12
0
34
0
26
0
25
0
31
0
26
0
17
0
16
0
19
0
26
0
6
0
40
0
44
0
11
0
29
0
43
0
27
0
20
0
23
0
33
0
31
0
21
0
17
0
19
0
33
0
22
0
43
0
22
0
16
0
51
0
25
0
15
0
21
0
30
0
21
0
10
0
11
0
20
0
25
0
30
0
24
0
13
0
17
0
12
0
36
0
21
0
23
0
20
0
16
0
16
0
40
0
12
0
7
0
2
0
25
0
24
0
20
0
21
0
14
0
15
0
20
0
12
0
22
0
19
0
29
0
18
0
16
0
13
0
16
0
35
0
39
0
6
0
19
0
36
0
38
0
19
0
30
0
43
0
35
0
24
0
20
0
15
0
28
0
12
0
20
0
24
0
29
0
4
0
23
0
25
0
27
0
18
0
35
0
10
0
26
0
25
0
35
0
8
0
25
0
34
0
24
0
17
0
38
0
26
0
22
0
7
0
18
0
26
0
12
0
14
0
20
0
26
0
31
0
15
0
20
0
13
0
14
0
15
0
29
0
45
0
22
0
22
0
22
0
28
0
9
0
28
0
30
0
18
0
17
0
24
0
5
0
29
0
31
0
20
0
6
0
28
0
16
0
23
0
18
0
11
0
15
0
26
0
9
0
20
0
50
0
36
0
35
0
25
0
20
0
17
0
15
0
31
0
35
0
18
0
23
0
21
0
14
0
30
0
27
0
12
0
14
0
14
0
37
0
32
0
17
0
31
0
26
0
21
0
16
0
28
0
12
0
20
0
21
0
35
0
18
0
13
0
24
0
25
0
22
0
47
0
11
0
7
0
40
0
20
0
30
0
23
0
34
0
21
0
42
0
22
0
17
0
13
0
25
0
13
0
29
0
22
0
52
0
13
0
33
0
22
0
18
0
14
0
23
0
34
0
10
0
18
0
22
0
21
0
10
0
37
0
3
0
47
0
31
0
18
0
34
0
40
0
33
0
27
0
11
0
7
0
28
0
39
0
26
0
22
0
33
0
23
0
6
0
12
0
15
0
22
0
11
0
19
0
28
0
54
0
36
0
6
0
14
0
377
0
22
0
17
0
20
0
32
0
14
0
20
0
27
0
7
0
14
0
26
0
20
0
14
0
4
0
21
0
27
0
30
