0
21
0
18
0
32
0
48
0
23
0
41
0
20
0
19
0
23
0
25
0
17
0
19
0
13
0
32
0
29
0
18
0
18
0
32
0
30
0
10
0
18
0
21
0
22
0
14
0
12
0
11
0
20
0
8
0
42
0
65
0
19
0
39
0
15
0
27
0
31
0
19
0
26
0
23
0
16
0
10
0
27
0
37
0
12
0
25
0
23
0
21
0
2
0
12
0
22
0
12
0
34
0
21
0
28
0
24
0
36
0
31
0
10
0
30
0
20
0
21
0
22
0
22
0
57
0
33
0
11
0
39
0
22
0
28
0
27
0
38
0
22
0
539
271
516
0
16
0
12
0
15
0
22
0
24
0
26
0
29
0
15
0
25
0
17
0
21
0
10
0
21
0
15
0
41
0
10
0
32
0
18
0
39
0
11
0
18
0
36
0
17
0
28
0
15
0
6
0
16
0
29
0
39
0
26
0
32
0
22
0
39
0
14
0
30
0
16
0
22
0
20
0
46
0
17
0
13
0
21
0
30
0
18
0
21
0
18
0
19
0
19
0
33
0
8
0
13
0
18
0
26
0
29
0
16
0
23
0
10
0
26
0
35
0
24
0
26
0
20
0
16
0
22
0
30
0
24
0
16
0
24
0
13
0
31
0
18
0
22
0
14
0
0
0
20
0
27
0
40
0
17
0
15
0
24
0
10
0
15
0
20
0
28
0
28
0
25
0
28
0
21
0
32
0
52
0
29
0
15
0
25
0
28
0
15
0
22
0
17
0
19
0
15
0
18
0
13
0
34
0
33
0
27
0
31
0
33
0
9
0
33
0
18
0
44
0
36
0
8
0
21
0
29
0
39
0
22
0
9
0
14
0
16
0
13
0
17
0
7
0
29
0
33
0
16
0
16
0
14
0
22
0
22
0
22
0
17
0
11
0
4
0
30
0
16
0
18
0
31
0
25
0
12
0
22
0
16
0
18
0
21
0
12
0
18
0
12
0
42
0
16
0
47
0
32
0
29
0
27
0
10
0
32
0
49
0
26
0
22
0
23
0
29
0
27
0
12
0
19
0
17
0
38
0
34
0
38
0
43
0
6
0
31
0
18
0
16
0
21
0
22
0
21
0
16
0
21
0
29
0
25
0
18
0
35
0
27
0
24
0
33
0
18
0
21
0
17
0
19
0
21
0
26
0
18
0
18
0
24
0
18
0
17
0
32
0
22
0
26
0
25
0
27
0
36
0
39
0
45
0
31
0
30
0
19
0
12
0
10
0
14
0
18
0
29
0
25
0
18
0
17
0
27
0
9
0
3
0
33
0
7
0
15
0
20
0
20
0
27
0
10
0
18
0
9
0
26
0
23
0
37
0
18
0
29
0
14
0
28
0
43
0
43
0
45
0
35
0
16
0
40
0
24
0
15
0
19
0
17
0
41
0
20
0
20
0
25
0
5
0
25
0
24
0
33
0
13
0
30
0
33
0
37
0
18
0
27
0
33
0
15
0
20
0
26
0
31
0
35
0
30
0
34
0
15
0
16
0
27
0
15
0
26
0
32
0
35
0
20
0
20
0
24
0
22
0
35
0
29
0
12
0
24
0
23
0
40
0
18
0
21
0
44
0
37
0
16
0
12
0
16
0
19
0
22
0
20
0
18
0
17
0
22
0
20
0
16
0
16
0
8
0
21
0
30
0
25
0
26
0
21
0
23
0
12
0
30
0
28
0
30
0
18
0
29
0
31
0
17
0
45
0
16
0
39
0
47
0
29
0
31
0
20
0
33
0
24
0
14
0
20
0
6
0
23
0
18
0
35
0
25
0
14
0
18
0
25
0
13
0
32
0
6
0
27
0
27
0
31
0
21
0
28
0
34
0
26
0
24
0
23
0
14
0
20
0
8
0
30
0
12
0
22
0
27
0
19
0
19
0
17
0
30
0
15
0
27
0
24
0
26
0
12
0
22
0
56
0
33
0
52
0
23
0
20
0
21
0
7
0
26
0
26
0
13
0
34
0
24
0
24
0
7
0
15
0
14
0
17
0
17
0
32
0
32
0
15
0
42
0
19
0
21
0
38
0
21
0
27
0
9
0
25
0
38
0
16
0
20
0
22
0
31
0
28
0
20
0
30
0
15
0
43
0
24
0
17
0
29
0
24
0
15
0
11
0
12
0
7
0
15
0
27
0
23
0
403
0
21
0
23
0
20
0
15
0
19
0
26
0
48
0
7
0
26
0
12
0
27
0
35
0
41
0
16
0
38
0
14
0
