0
21
0
18
0
34
0
17
0
26
0
25
0
25
0
32
0
13
0
14
0
9
0
23
0
28
0
23
0
23
0
28
0
15
0
11
0
16
0
27
0
26
0
24
0
16
0
24
0
19
0
17
0
41
0
28
0
37
0
31
0
22
0
38
0
6
0
23
0
14
0
15
0
24
0
21
0
34
0
30
0
15
0
17
0
9
0
24
0
7
0
22
0
25
0
25
0
31
0
34
0
16
0
23
0
33
0
36
0
20
0
33
0
31
0
13
0
19
0
23
0
26
0
28
0
11
0
21
0
23
0
8
0
17
0
31
0
29
0
23
0
29
0
30
0
23
0
22
0
9
0
7
0
18
0
12
0
21
0
22
0
22
0
19
0
17
0
13
0
34
0
15
0
25
0
22
0
14
0
22
0
20
0
21
0
25
0
16
0
35
0
15
0
22
0
13
0
12
0
14
0
23
0
33
0
20
0
19
0
11
0
23
0
22
0
10
0
24
0
17
0
20
0
11
0
34
0
27
0
22
0
11
0
19
0
19
0
28
0
37
0
22
0
30
0
10
0
11
0
38
0
16
0
17
0
16
0
15
0
19
0
19
0
30
0
19
0
25
0
29
0
18
0
21
0
23
0
30
0
23
0
34
0
18
0
3
0
24
0
25
0
27
0
17
0
39
0
49
0
17
0
28
0
46
0
27
0
36
0
8
0
32
0
25
0
20
0
16
0
24
0
15
0
20
0
23
0
19
0
45
0
15
0
29
0
21
0
9
0
37
0
32
0
17
0
16
0
16
0
7
0
15
0
12
0
17
0
26
0
41
0
26
0
8
0
33
0
52
0
11
0
30
0
33
0
25
0
39
0
15
0
34
0
29
0
41
0
10
0
24
0
25
0
22
0
18
0
24
0
15
0
23
0
22
0
16
0
24
0
25
0
19
0
28
0
17
0
30
0
15
0
17
0
13
0
21
0
46
0
19
0
11
0
16
0
16
0
21
0
29
0
30
0
33
0
28
0
40
0
41
0
13
0
17
0
17
0
23
0
20
0
19
0
43
0
21
0
29
0
15
0
21
0
36
0
31
0
44
0
26
0
22
0
24
0
12
0
34
0
14
0
40
0
29
0
23
0
8
0
17
0
17
0
38
0
39
0
33
0
18
0
10
0
26
0
8
0
19
0
30
0
25
0
32
0
26
0
13
0
19
0
22
0
26
0
22
0
22
0
19
0
8
0
42
0
45
0
9
0
8
0
6
0
40
0
21
0
27
0
13
0
22
0
29
0
9
0
19
0
46
0
29
0
41
0
13
0
21
0
28
0
14
0
30
0
20
0
16
0
26
0
33
0
22
0
25
0
28
0
34
0
16
0
34
0
28
0
29
0
34
0
10
0
14
0
26
0
24
0
28
0
17
0
22
0
27
0
11
0
27
0
12
0
20
0
14
0
13
0
18
0
13
0
8
0
11
0
27
0
25
0
33
0
4
0
9
0
27
0
22
0
38
0
19
0
14
0
17
0
37
0
22
0
16
0
29
0
40
0
35
0
39
0
17
0
27
0
8
0
31
0
14
0
21
0
21
0
23
0
41
0
16
0
32
0
10
0
20
0
20
0
20
0
36
0
9
0
22
0
15
0
39
0
21
0
7
0
27
0
30
0
25
0
32
0
22
0
9
0
24
0
28
0
32
0
6
0
21
0
38
0
38
0
20
0
17
0
36
0
13
0
38
0
21
0
3
0
19
0
20
0
20
0
27
0
17
0
24
0
23
0
27
0
25
0
27
0
25
0
46
0
7
0
12
0
18
0
33
0
18
0
25
0
21
0
41
0
22
0
6
0
8
0
13
0
26
0
17
0
42
0
26
0
28
0
20
0
11
0
28
0
15
0
46
0
27
0
33
0
5
0
8
0
22
0
20
0
28
0
12
0
17
0
14
0
23
0
30
0
15
0
9
0
14
0
25
0
22
0
15
0
20
0
30
0
38
0
10
0
18
0
18
0
21
0
37
0
30
0
30
0
35
0
32
0
30
0
33
0
21
0
19
0
22
0
14
0
26
0
5
0
20
0
37
0
17
0
29
0
14
0
36
0
17
0
16
0
11
0
15
0
26
0
21
0
20
0
11
0
16
0
13
0
22
0
10
0
30
0
26
0
10
0
32
0
28
0
24
0
10
0
32
0
28
0
6
0
29
0
29
0
19
0
18
0
11
0
20
0
26
0
35
0
34
0
18
0
27
0
31
0
7
0
3
0
38
0
38
0
25
0
