0
25
0
29
0
8
0
24
0
38
0
43
0
31
0
35
0
39
0
17
0
24
0
30
0
10
0
15
0
37
0
25
0
12
0
17
0
3
0
14
0
48
0
12
0
23
0
18
0
16
0
36
0
11
0
11
0
20
0
12
0
30
0
9
0
14
0
19
0
33
0
34
0
40
0
24
0
19
0
20
0
13
0
14
0
69
0
17
0
33
0
38
0
9
0
19
0
37
0
21
0
34
0
29
0
11
0
32
0
28
0
30
0
23
0
23
0
34
0
51
0
4
0
24
0
34
0
10
0
38
0
46
0
23
0
18
0
19
0
34
0
17
0
34
0
34
0
32
0
12
0
31
0
22
0
24
0
53
0
12
0
10
0
21
0
22
0
38
0
24
0
24
0
26
0
8
0
29
0
41
0
6
0
27
0
29
0
29
0
30
0
28
0
21
0
7
0
10
0
21
0
40
0
9
0
8
0
17
0
8
0
23
0
30
0
40
0
26
0
0
0
24
0
17
0
11
0
23
0
16
0
24
0
11
0
14
0
26
0
28
0
7
0
18
0
15
0
17
0
33
0
37
0
12
0
27
0
21
0
20
0
4
0
22
0
33
0
38
0
5
0
16
0
10
0
23
0
17
0
23
0
6
0
4
0
13
0
15
0
18
0
12
0
16
0
23
0
14
0
15
0
17
0
17
0
21
0
45
0
14
0
20
0
19
0
23
0
16
0
22
0
19
0
26
0
29
0
11
0
12
0
53
0
7
0
20
0
25
0
30
0
32
0
27
0
36
0
22
0
17
0
29
0
19
0
11
0
14
0
20
0
29
0
9
0
15
0
39
0
20
0
31
0
36
0
21
0
15
0
32
0
18
0
16
0
22
0
18
0
25
0
20
0
36
0
28
0
6
0
28
0
17
0
19
0
10
0
11
0
29
0
25
0
24
0
10
0
23
0
13
0
30
0
42
0
14
0
12
0
32
0
17
0
24
0
18
0
17
0
8
0
12
0
24
0
25
0
11
0
23
0
36
0
39
0
16
0
21
0
30
0
20
0
18
0
29
0
16
0
25
0
14
0
7
0
29
0
18
0
14
0
15
0
26
0
18
0
17
0
13
0
28
0
24
0
38
0
30
0
23
0
25
0
20
0
17
0
21
0
23
0
17
0
22
0
22
0
15
0
37
0
21
0
25
0
23
0
24
0
32
0
43
0
15
0
7
0
53
0
18
0
24
0
8
0
25
0
21
0
6
0
4
0
29
0
24
0
42
0
35
0
12
0
25
0
41
0
16
0
20
0
26
0
16
0
30
0
16
0
29
0
18
0
34
0
25
0
26
0
29
0
15
0
15
0
26
0
27
0
34
0
39
0
64
0
15
0
16
0
31
0
13
0
47
0
11
0
11
0
34
0
23
0
9
0
23
0
38
0
22
0
26
0
36
0
17
0
17
0
13
0
9
0
13
0
16
0
24
0
16
0
19
0
24
0
18
0
18
0
23
0
41
0
41
0
5
0
16
0
25
0
14
0
41
0
34
0
18
0
29
0
35
0
11
0
34
0
21
0
18
0
23
0
32
0
23
0
24
0
24
0
23
0
9
0
23
0
23
0
13
0
25
0
31
0
23
0
20
0
28
0
25
0
0
0
22
0
19
0
76
0
39
0
13
0
18
0
18
0
16
0
30
0
52
0
16
0
32
0
9
0
17
0
32
0
19
0
10
0
25
0
19
0
6
0
23
0
33
0
18
0
17
0
33
0
19
0
19
0
43
0
48
0
4
0
23
0
33
0
26
0
11
0
21
0
13
0
24
0
15
0
35
0
8
0
19
0
6
0
22
0
37
0
17
0
18
0
21
0
27
0
14
0
5
0
17
0
29
0
23
0
16
0
12
0
33
0
9
0
33
0
17
0
28
0
25
0
38
0
12
0
11
0
24
0
20
0
18
0
13
0
22
0
30
0
22
0
15
0
22
0
16
0
9
0
17
0
16
0
14
0
20
0
20
0
19
0
9
0
26
0
34
0
18
0
11
0
27
0
35
0
27
0
24
0
30
0
18
0
22
0
19
0
12
0
35
0
12
0
20
0
14
0
14
0
49
0
21
0
29
0
24
0
25
0
29
0
26
0
26
0
30
0
51
0
13
0
26
0
19
0
25
0
18
0
22
0
61
0
90
0
35
0
19
0
18
0
106
0
40
0
13
0
22
0
39
0
24
0
25
0
18
0
11
0
33
0
21
0
17
0
39
0
16
0
11
0
11
0
39
0
