0
35
0
32
0
10
0
36
0
20
0
38
0
29
0
25
0
29
0
28
0
8
0
40
0
17
0
14
0
20
0
21
0
14
0
50
0
21
0
18
0
3
0
43
0
22
0
16
0
36
0
12
0
24
0
19
0
17
0
3
0
27
0
19
0
27
0
33
0
16
0
28
0
39
0
55
0
31
0
5
0
28
0
23
0
6
0
13
0
37
0
36
0
20
0
7
0
13
0
23
0
24
0
24
0
22
0
14
0
23
0
32
0
11
0
45
0
21
0
31
0
11
0
24
0
25
0
23
0
16
0
30
0
27
0
45
0
0
0
30
0
33
0
28
0
21
0
18
0
27
0
16
0
52
0
13
0
30
0
26
0
16
0
10
0
20
0
10
0
43
0
16
0
22
0
18
0
2
0
19
0
34
0
18
0
34
0
36
0
14
0
8
0
28
0
14
0
17
0
22
0
30
0
40
0
20
0
16
0
20
0
16
0
23
0
25
0
20
0
21
0
31
0
24
0
13
0
33
0
9
0
11
0
14
0
26
0
14
0
20
0
15
0
32
0
14
0
48
0
26
0
28
0
20
0
10
0
19
0
15
0
25
0
6
0
17
0
25
0
26
0
18
0
35
0
17
0
15
0
19
0
27
0
27
0
27
0
13
0
36
0
23
0
5
0
38
0
39
0
37
0
18
0
13
0
36
0
6
0
22
0
5
0
29
0
34
0
48
0
29
0
27
0
22
0
14
0
18
0
28
0
10
0
34
0
12
0
31
0
14
0
17
0
8
0
22
0
30
0
14
0
16
0
22
0
40
0
32
0
29
0
17
0
16
0
12
0
31
0
9
0
26
0
39
0
20
0
15
0
21
0
24
0
42
0
16
0
32
0
14
0
29
0
27
0
16
0
26
0
16
0
23
0
14
0
20
0
29
0
32
0
42
0
18
0
20
0
11
0
20
0
43
0
18
0
29
0
17
0
22
0
19
0
34
0
22
0
16
0
21
0
12
0
20
0
13
0
17
0
23
0
43
0
4
0
8
0
6
0
6
0
41
0
35
0
10
0
15
0
18
0
16
0
19
0
20
0
21
0
17
0
18
0
14
0
28
0
27
0
32
0
54
0
35
0
26
0
20
0
32
0
28
0
20
0
22
0
33
0
31
0
10
0
20
0
25
0
22
0
11
0
22
0
15
0
15
0
27
0
16
0
13
0
33
0
27
0
18
0
22
0
37
0
18
0
35
0
29
0
10
0
28
0
31
0
13
0
14
0
27
0
22
0
24
0
9
0
6
0
54
0
9
0
28
0
18
0
24
0
10
0
7
0
20
0
19
0
18
0
13
0
17
0
22
0
14
0
24
0
19
0
34
0
16
0
13
0
29
0
28
0
24
0
30
0
30
0
8
0
12
0
24
0
29
0
24
0
43
0
28
0
20
0
19
0
43
0
36
0
41
0
27
0
23
0
25
0
27
0
21
0
14
0
18
0
27
0
44
0
36
0
10
0
40
0
21
0
38
0
10
0
34
0
36
0
29
0
36
0
22
0
23
0
24
0
25
0
13
0
21
0
27
0
37
0
9
0
14
0
16
0
16
0
15
0
16
0
38
0
9
0
9
0
32
0
9
0
35
0
21
0
43
0
26
0
36
0
32
0
30
0
19
0
34
0
10
0
24
0
22
0
18
0
15
0
20
0
13
0
7
0
10
0
14
0
25
0
15
0
37
0
10
0
23
0
11
0
32
0
21
0
15
0
29
0
24
0
34
0
31
0
11
0
14
0
26
0
11
0
47
0
25
0
11
0
17
0
13
0
24
0
20
0
21
0
27
0
19
0
23
0
26
0
31
0
18
0
22
0
26
0
18
0
34
0
27
0
15
0
16
0
36
0
49
0
14
0
16
0
22
0
24
0
25
0
25
0
19
0
31
0
20
0
38
0
30
0
38
0
19
0
23
0
23
0
30
0
13
0
14
0
36
0
44
0
32
0
16
0
24
0
25
0
18
0
21
0
17
0
35
0
20
0
22
0
11
0
14
0
32
0
16
0
23
0
24
0
18
0
27
0
38
0
23
0
18
0
17
0
56
0
8
0
21
0
16
0
14
0
12
0
50
0
22
0
12
0
26
0
12
0
24
0
20
0
16
0
17
0
19
0
14
0
34
0
44
0
26
0
16
0
20
0
25
0
32
0
94
0
23
0
8
0
20
0
31
0
21
0
17
0
19
0
13
0
9
0
16
0
17
0
19
0
29
0
18
0
13
0
16
0
