0
24
0
19
0
7
0
15
0
28
0
26
0
31
0
28
0
26
0
6
0
9
0
4
0
38
0
1
0
14
0
34
0
22
0
28
0
34
0
5
0
13
0
22
0
23
0
28
0
9
0
14
0
17
0
15
0
23
0
36
0
19
0
13
0
27
0
29
0
25
0
27
0
7
0
35
0
32
0
13
0
28
0
45
0
25
0
18
0
32
0
28
0
35
0
18
0
23
0
14
0
29
0
23
0
26
0
15
0
25
0
33
0
12
0
18
0
37
0
25
0
12
0
24
0
36
0
31
0
18
0
26
0
19
0
33
0
34
0
18
0
15
0
28
0
9
0
24
0
29
0
15
0
18
0
24
0
29
0
8
0
24
0
23
0
12
0
29
0
36
0
25
0
37
0
13
0
27
0
19
0
24
0
27
0
11
0
20
0
20
0
40
0
16
0
15
0
6
0
31
0
23
0
27
0
39
0
20
0
13
0
19
0
24
0
18
0
38
0
17
0
30
0
31
0
15
0
13
0
22
0
22
0
14
0
38
0
15
0
14
0
11
0
17
0
18
0
24
0
32
0
17
0
32
0
21
0
25
0
19
0
13
0
16
0
17
0
18
0
18
0
10
0
25
0
38
0
32
0
24
0
21
0
38
0
26
0
30
0
22
0
30
0
32
0
34
0
3
0
23
0
16
0
25
0
29
0
13
0
5
0
53
0
18
0
13
0
18
0
20
0
54
0
21
0
47
0
46
0
14
0
9
0
20
0
25
0
22
0
9
0
23
0
18
0
36
0
27
0
32
0
24
0
22
0
14
0
54
0
15
0
34
0
26
0
19
0
20
0
0
0
22
0
30
0
8
0
29
0
10
0
24
0
39
0
20
0
12
0
21
0
16
0
180
0
20
0
20
0
24
0
17
0
104
0
22
0
17
0
16
0
10
0
30
0
30
0
28
0
30
0
39
0
52
0
61
0
93
0
106
0
64
0
93
0
117
0
163
0
205
109
323
255
450
395
649
607
705
615
706
648
705
647
697
612
665
535
628
401
521
0
320
0
33
0
19
0
19
0
20
0
17
0
32
0
23
0
41
0
33
0
26
0
18
0
17
0
23
0
27
0
31
0
40
0
66
0
34
0
30
0
29
0
21
0
35
0
21
0
30
0
25
0
16
0
13
0
20
0
24
0
25
0
14
0
34
0
21
0
17
0
12
0
19
0
19
0
10
0
18
0
22
0
40
0
17
0
19
0
23
0
24
0
23
0
28
0
21
0
16
0
29
0
21
0
12
0
16
0
12
0
15
0
18
0
27
0
28
0
26
0
37
0
56
0
22
0
12
0
23
0
16
0
25
0
14
0
16
0
19
0
30
0
15
0
36
0
16
0
60
0
32
0
24
0
12
0
23
0
20
0
21
0
19
0
14
0
29
0
41
0
30
0
23
0
13
0
32
0
8
0
29
0
39
0
19
0
17
0
24
0
30
0
20
0
33
0
19
0
24
0
23
0
21
0
7
0
12
0
26
0
14
0
36
0
17
0
28
0
24
0
33
0
23
0
5
0
9
0
34
0
44
0
37
0
8
0
26
0
19
0
20
0
27
0
17
0
16
0
5
0
46
0
31
0
38
0
12
0
26
0
18
0
17
0
28
0
36
0
26
0
28
0
13
0
17
0
9
0
8
0
35
0
20
0
24
0
13
0
37
0
13
0
18
0
19
0
14
0
4
0
16
0
1
0
19
0
13
0
20
0
32
0
17
0
27
0
23
0
23
0
31
0
32
0
13
0
35
0
34
0
48
0
20
0
24
0
32
0
26
0
28
0
18
0
16
0
13
0
60
0
19
0
42
0
5
0
27
0
32
0
16
0
7
0
17
0
26
0
28
0
11
0
41
0
8
0
19
0
9
0
18
0
14
0
29
0
34
0
21
0
8
0
25
0
22
0
23
0
13
0
18
0
11
0
36
0
19
0
35
0
41
0
11
0
21
0
32
0
25
0
18
0
24
0
17
0
25
0
12
0
29
0
38
0
17
0
21
0
7
0
34
0
34
0
18
0
28
0
20
0
34
0
29
0
8
0
52
0
37
0
37
0
12
0
31
0
22
0
12
0
20
0
34
0
17
0
21
0
14
0
22
0
38
0
20
0
46
0
40
0
16
0
10
0
28
0
54
0
40
0
28
0
14
0
14
0
450
0
26
0
23
0
21
0
19
0
38
0
21
0
26
0
21
0
36
0
19
0
12
0
20
0
40
0
12
0
16
0
26
0
