0
41
0
24
0
41
0
11
0
18
0
18
0
22
0
20
0
23
0
15
0
8
0
26
0
42
0
16
0
17
0
14
0
24
0
31
0
35
0
21
0
14
0
14
0
27
0
18
0
11
0
28
0
28
0
16
0
22
0
26
0
17
0
16
0
37
0
34
0
20
0
33
0
12
0
22
0
9
0
4
0
17
0
28
0
17
0
13
0
21
0
20
0
38
0
33
0
22
0
20
0
28
0
16
0
34
0
16
0
17
0
20
0
17
0
38
0
16
0
11
0
17
0
44
0
22
0
17
0
24
0
29
0
33
0
9
0
26
0
27
0
20
0
35
0
27
0
34
0
21
0
35
0
13
0
15
0
23
0
28
0
21
0
18
0
32
0
6
0
23
0
17
0
33
0
7
0
55
0
32
0
48
0
40
0
20
0
31
0
36
0
50
0
22
0
25
0
21
0
6
0
27
0
22
0
23
0
10
0
19
0
19
0
17
0
29
0
39
0
27
0
11
0
28
0
25
0
27
0
29
0
37
0
23
0
17
0
18
0
22
0
10
0
24
0
30
0
19
0
18
0
12
0
29
0
17
0
29
0
8
0
20
0
34
0
31
0
20
0
23
0
30
0
17
0
29
0
44
0
28
0
9
0
23
0
42
0
9
0
27
0
38
0
9
0
17
0
20
0
11
0
10
0
24
0
21
0
13
0
64
0
16
0
29
0
18
0
20
0
36
0
29
0
22
0
24
0
51
0
9
0
32
0
15
0
18
0
7
0
22
0
17
0
29
0
11
0
25
0
17
0
13
0
33
0
11
0
32
0
16
0
20
0
33
0
19
0
11
0
20
0
37
0
35
0
34
0
28
0
36
0
20
0
48
0
38
0
22
0
13
0
25
0
26
0
25
0
20
0
27
0
18
0
13
0
42
0
41
0
22
0
20
0
14
0
22
0
17
0
17
0
16
0
25
0
24
0
9
0
14
0
17
0
40
0
37
0
21
0
16
0
15
0
32
0
36
0
19
0
41
0
6
0
14
0
14
0
29
0
17
0
33
0
16
0
22
0
19
0
15
0
25
0
23
0
26
0
24
0
24
0
13
0
20
0
30
0
16
0
46
0
13
0
42
0
14
0
34
0
7
0
29
0
21
0
27
0
4
0
34
0
20
0
14
0
30
0
23
0
28
0
33
0
24
0
30
0
32
0
18
0
29
0
20
0
33
0
23
0
26
0
27
0
24
0
19
0
40
0
22
0
22
0
29
0
24
0
17
0
34
0
28
0
29
0
39
0
28
0
18
0
16
0
30
0
22
0
34
0
9
0
34
0
23
0
24
0
22
0
5
0
23
0
26
0
15
0
21
0
31
0
22
0
10
0
27
0
26
0
34
0
11
0
18
0
13
0
40
0
14
0
24
0
8
0
20
0
28
0
22
0
27
0
22
0
20
0
36
0
20
0
6
0
32
0
14
0
8
0
25
0
24
0
30
0
29
0
15
0
15
0
19
0
34
0
26
0
20
0
31
0
30
0
32
0
27
0
25
0
12
0
30
0
20
0
14
0
18
0
34
0
5
0
18
0
29
0
15
0
31
0
24
0
19
0
21
0
20
0
23
0
8
0
22
0
29
0
20
0
22
0
20
0
35
0
21
0
11
0
12
0
40
0
10
0
1
0
20
0
13
0
16
0
18
0
12
0
21
0
19
0
20
0
27
0
32
0
30
0
19
0
33
0
20
0
28
0
25
0
29
0
23
0
16
0
42
0
24
0
18
0
24
0
35
0
19
0
46
0
37
0
15
0
13
0
27
0
20
0
22
0
23
0
19
0
15
0
20
0
24
0
24
0
38
0
25
0
31
0
23
0
18
0
34
0
15
0
30
0
27
0
11
0
32
0
33
0
36
0
24
0
22
0
21
0
21
0
24
0
20
0
18
0
28
0
31
0
22
0
32
0
16
0
13
0
31
0
35
0
60
0
24
0
6
0
13
0
17
0
12
0
20
0
22
0
16
0
9
0
26
0
39
0
22
0
21
0
17
0
31
0
23
0
35
0
27
0
33
0
7
0
10
0
19
0
21
0
22
0
32
0
12
0
10
0
33
0
33
0
16
0
19
0
26
0
25
0
25
0
18
0
21
0
37
0
17
0
16
0
19
0
24
0
18
0
30
0
5
0
10
0
13
0
16
0
6
0
11
0
30
0
15
0
20
0
20
0
13
0
28
0
26
0
27
0
19
0
16
0
25
0
45
0
36
0
25
0
5
0
31
0
