0
31
0
28
0
19
0
29
0
14
0
16
0
34
0
14
0
16
0
15
0
18
0
12
0
22
0
36
0
25
0
29
0
21
0
19
0
25
0
36
0
586
592
590
424
573
0
107
0
21
0
17
0
26
0
27
0
29
0
26
0
1
0
18
0
30
0
31
0
28
0
8
0
19
0
20
0
21
0
23
0
22
0
23
0
20
0
34
0
17
0
12
0
3
0
23
0
12
0
9
0
24
0
20
0
31
0
16
0
11
0
21
0
48
0
16
0
11
0
32
0
11
0
12
0
25
0
28
0
22
0
20
0
40
0
36
0
19
0
8
0
32
0
32
0
24
0
35
0
36
0
27
0
9
0
8
0
21
0
25
0
14
0
27
0
29
0
28
0
27
0
24
0
21
0
8
0
13
0
14
0
28
0
8
0
23
0
29
0
24
0
30
0
23
0
21
0
31
0
16
0
15
0
14
0
26
0
16
0
15
0
22
0
17
0
22
0
26
0
15
0
17
0
21
0
22
0
53
0
26
0
6
0
20
0
16
0
11
0
25
0
4
0
31
0
12
0
44
0
45
0
15
0
15
0
21
0
24
0
26
0
19
0
22
0
23
0
20
0
21
0
32
0
26
0
41
0
11
0
13
0
14
0
30
0
36
0
40
0
14
0
31
0
33
0
19
0
18
0
12
0
16
0
5
0
28
0
18
0
10
0
28
0
21
0
27
0
26
0
25
0
18
0
20
0
11
0
27
0
3
0
28
0
33
0
38
0
27
0
16
0
26
0
11
0
13
0
22
0
20
0
6
0
29
0
1
0
35
0
12
0
20
0
19
0
16
0
22
0
15
0
29
0
28
0
23
0
25
0
14
0
24
0
30
0
13
0
11
0
21
0
5
0
28
0
16
0
21
0
17
0
16
0
16
0
22
0
15
0
15
0
32
0
21
0
14
0
24
0
39
0
19
0
21
0
25
0
17
0
25
0
27
0
11
0
12
0
21
0
9
0
17
0
18
0
29
0
26
0
15
0
39
0
28
0
31
0
29
0
14
0
36
0
19
0
11
0
37
0
21
0
20
0
23
0
20
0
33
0
31
0
21
0
12
0
17
0
12
0
26
0
32
0
4
0
28
0
6
0
30
0
23
0
28
0
29
0
32
0
13
0
41
0
20
0
28
0
18
0
24
0
3
0
18
0
22
0
14
0
13
0
16
0
15
0
26
0
4
0
13
0
26
0
28
0
34
0
16
0
22
0
15
0
8
0
23
0
15
0
18
0
14
0
41
0
33
0
29
0
10
0
15
0
8
0
25
0
28
0
16
0
26
0
21
0
21
0
19
0
32
0
43
0
30
0
34
0
24
0
20
0
13
0
38
0
22
0
19
0
37
0
25
0
11
0
26
0
26
0
26
0
17
0
10
0
24
0
14
0
30
0
19
0
37
0
14
0
10
0
25
0
20
0
28
0
10
0
15
0
29
0
31
0
25
0
46
0
24
0
36
0
15
0
24
0
14
0
28
0
11
0
15
0
12
0
5
0
17
0
37
0
15
0
34
0
29
0
17
0
8
0
12
0
20
0
40
0
17
0
36
0
17
0
28
0
23
0
13
0
32
0
38
0
22
0
12
0
10
0
31
0
13
0
29
0
7
0
17
0
22
0
19
0
38
0
15
0
18
0
22
0
14
0
31
0
37
0
28
0
21
0
24
0
1
0
23
0
12
0
39
0
48
0
32
0
23
0
19
0
32
0
11
0
3
0
25
0
34
0
23
0
32
0
23
0
6
0
32
0
17
0
28
0
13
0
22
0
15
0
32
0
35
0
15
0
15
0
25
0
28
0
17
0
24
0
14
0
19
0
36
0
31
0
23
0
32
0
18
0
20
0
16
0
17
0
21
0
7
0
19
0
36
0
29
0
22
0
17
0
20
0
13
0
6
0
32
0
21
0
7
0
9
0
40
0
14
0
10
0
8
0
20
0
32
0
19
0
42
0
20
0
31
0
20
0
12
0
15
0
38
0
24
0
19
0
38
0
26
0
12
0
22
0
28
0
32
0
14
0
41
0
15
0
24
0
16
0
4
0
18
0
19
0
12
0
24
0
12
0
25
0
48
0
39
0
24
0
21
0
14
0
10
0
23
0
16
0
11
0
18
0
29
0
11
0
20
0
28
0
19
0
16
0
19
0
36
0
106
0
11
0
25
0
26
0
5
0
17
0
46
0
16
0
22
0
29
0
38
0
38
0
9
0
3
0
26
0
12
0
13
0
