0
16
0
21
0
18
0
13
0
32
0
36
0
16
0
28
0
23
0
32
0
26
0
0
0
32
0
17
0
17
0
25
0
19
0
38
0
10
0
22
0
25
0
48
0
27
0
21
0
14
0
27
0
17
0
14
0
14
0
22
0
32
0
13
0
2
0
24
0
15
0
29
0
22
0
27
0
28
0
21
0
14
0
17
0
31
0
28
0
11
0
33
0
24
0
18
0
19
0
30
0
47
0
16
0
21
0
25
0
12
0
29
0
26
0
25
0
29
0
26
0
26
0
22
0
14
0
10
0
25
0
21
0
11
0
19
0
26
0
13
0
29
0
24
0
12
0
40
0
30
0
36
0
16
0
35
0
24
0
23
0
20
0
6
0
13
0
25
0
21
0
26
0
17
0
28
0
22
0
28
0
14
0
24
0
30
0
37
0
14
0
51
0
32
0
32
0
11
0
8
0
18
0
38
0
25
0
12
0
28
0
31
0
32
0
12
0
28
0
42
0
21
0
24
0
22
0
34
0
12
0
37
0
22
0
29
0
13
0
17
0
25
0
10
0
33
0
31
0
21
0
15
0
9
0
18
0
22
0
12
0
45
0
61
0
20
0
53
0
16
0
14
0
26
0
17
0
37
0
37
0
19
0
13
0
19
0
27
0
19
0
32
0
42
0
36
0
21
0
23
0
17
0
16
0
16
0
29
0
36
0
22
0
23
0
15
0
20
0
5
0
18
0
17
0
30
0
24
0
28
0
17
0
16
0
28
0
13
0
16
0
27
0
24
0
15
0
34
0
29
0
13
0
24
0
26
0
26
0
24
0
16
0
10
0
27
0
25
0
17
0
16
0
36
0
30
0
38
0
44
0
23
0
23
0
34
0
30
0
23
0
26
0
13
0
9
0
3
0
24
0
27
0
21
0
24
0
26
0
21
0
14
0
17
0
19
0
7
0
32
0
28
0
16
0
5
0
25
0
10
0
16
0
19
0
21
0
14
0
16
0
19
0
24
0
17
0
15
0
19
0
11
0
27
0
15
0
24
0
27
0
10
0
28
0
33
0
13
0
17
0
12
0
16
0
11
0
31
0
25
0
36
0
33
0
28
0
27
0
21
0
7
0
18
0
16
0
16
0
25
0
20
0
17
0
27
0
10
0
26
0
36
0
9
0
31
0
6
0
27
0
20
0
32
0
13
0
11
0
41
0
19
0
42
0
18
0
23
0
34
0
6
0
11
0
47
0
18
0
11
0
15
0
28
0
24
0
17
0
28
0
14
0
20
0
44
0
14
0
12
0
14
0
22
0
17
0
18
0
23
0
19
0
18
0
22
0
10
0
37
0
23
0
6
0
14
0
13
0
28
0
21
0
18
0
17
0
22
0
3
0
35
0
20
0
17
0
12
0
21
0
17
0
32
0
17
0
27
0
24
0
36
0
5
0
1
0
14
0
13
0
15
0
45
0
18
0
29
0
37
0
33
0
23
0
28
0
24
0
28
0
23
0
19
0
22
0
16
0
23
0
30
0
9
0
24
0
33
0
36
0
31
0
10
0
18
0
8
0
22
0
11
0
17
0
28
0
24
0
36
0
15
0
15
0
23
0
33
0
28
0
5
0
13
0
34
0
32
0
3
0
29
0
32
0
24
0
32
0
22
0
30
0
12
0
22
0
28
0
34
0
9
0
8
0
36
0
18
0
20
0
20
0
16
0
16
0
13
0
29
0
6
0
11
0
32
0
9
0
41
0
28
0
21
0
26
0
16
0
8
0
3
0
27
0
26
0
38
0
30
0
61
0
10
0
15
0
21
0
24
0
11
0
17
0
15
0
27
0
25
0
25
0
26
0
28
0
33
0
19
0
21
0
25
0
20
0
21
0
19
0
12
0
28
0
24
0
20
0
9
0
26
0
11
0
16
0
19
0
10
0
15
0
15
0
20
0
9
0
26
0
25
0
19
0
12
0
24
0
11
0
26
0
27
0
0
0
21
0
26
0
17
0
27
0
14
0
12
0
42
0
33
0
18
0
9
0
23
0
19
0
13
0
26
0
22
0
23
0
20
0
19
0
22
0
36
0
32
0
19
0
16
0
15
0
21
0
31
0
52
0
15
0
29
0
6
0
16
0
20
0
8
0
11
0
18
0
33
0
28
0
20
0
19
0
37
0
40
0
10
0
28
0
5
0
21
0
86
0
34
0
16
0
16
0
8
0
29
0
19
0
19
0
17
0
38
0
16
0
15
0
24
0
20
0
1
0
34
0
24
0
