0
21
0
41
0
18
0
11
0
9
0
25
0
15
0
26
0
37
0
121
0
76
0
551
0
561
0
32
0
28
0
24
0
3
0
13
0
29
0
10
0
27
0
28
0
10
0
18
0
6
0
22
0
15
0
21
0
9
0
41
0
11
0
22
0
22
0
27
0
31
0
11
0
22
0
22
0
18
0
9
0
13
0
34
0
9
0
24
0
9
0
25
0
23
0
34
0
15
0
18
0
28
0
27
0
27
0
15
0
22
0
46
0
44
0
15
0
19
0
23
0
16
0
14
0
14
0
38
0
20
0
32
0
19
0
7
0
16
0
20
0
40
0
31
0
24
0
17
0
37
0
5
0
23
0
0
0
42
0
6
0
25
0
24
0
28
0
36
0
26
0
16
0
22
0
23
0
19
0
32
0
40
0
22
0
13
0
28
0
19
0
6
0
39
0
43
0
16
0
13
0
8
0
11
0
13
0
24
0
18
0
19
0
16
0
15
0
16
0
43
0
35
0
10
0
12
0
19
0
37
0
19
0
40
0
13
0
14
0
18
0
35
0
9
0
20
0
32
0
19
0
32
0
22
0
22
0
37
0
21
0
28
0
26
0
12
0
20
0
17
0
32
0
22
0
22
0
33
0
23
0
15
0
22
0
10
0
41
0
19
0
18
0
25
0
24
0
24
0
18
0
13
0
25
0
36
0
34
0
3
0
42
0
20
0
20
0
14
0
33
0
28
0
20
0
54
0
21
0
12
0
20
0
38
0
30
0
19
0
13
0
30
0
27
0
23
0
27
0
18
0
21
0
35
0
32
0
22
0
38
0
30
0
16
0
32
0
17
0
20
0
15
0
26
0
35
0
16
0
16
0
28
0
14
0
11
0
20
0
37
0
26
0
24
0
64
0
33
0
17
0
15
0
17
0
24
0
23
0
31
0
8
0
15
0
11
0
32
0
29
0
32
0
30
0
36
0
29
0
24
0
37
0
18
0
14
0
21
0
23
0
27
0
12
0
17
0
24
0
15
0
11
0
24
0
7
0
10
0
21
0
7
0
26
0
18
0
4
0
7
0
18
0
47
0
20
0
5
0
38
0
32
0
20
0
39
0
25
0
28
0
27
0
17
0
24
0
26
0
6
0
20
0
41
0
17
0
22
0
14
0
26
0
33
0
37
0
17
0
49
0
20
0
18
0
14
0
11
0
14
0
20
0
28
0
21
0
23
0
36
0
6
0
13
0
19
0
11
0
13
0
38
0
8
0
20
0
15
0
21
0
21
0
32
0
28
0
35
0
14
0
21
0
19
0
13
0
21
0
32
0
28
0
48
0
35
0
26
0
32
0
29
0
9
0
36
0
31
0
32
0
25
0
47
0
28
0
14
0
13
0
14
0
41
0
15
0
19
0
11
0
17
0
17
0
44
0
34
0
21
0
20
0
31
0
23
0
18
0
17
0
25
0
24
0
24
0
24
0
20
0
14
0
17
0
22
0
12
0
36
0
29
0
35
0
21
0
24
0
23
0
30
0
14
0
19
0
16
0
15
0
20
0
22
0
25
0
36
0
25
0
17
0
31
0
25
0
22
0
20
0
19
0
20
0
45
0
15
0
13
0
13
0
28
0
28
0
18
0
24
0
25
0
29
0
22
0
39
0
12
0
25
0
17
0
9
0
41
0
38
0
20
0
12
0
28
0
10
0
13
0
20
0
27
0
12
0
21
0
26
0
27
0
20
0
15
0
17
0
14
0
19
0
25
0
22
0
28
0
54
0
34
0
14
0
20
0
23
0
22
0
38
0
28
0
12
0
21
0
37
0
20
0
18
0
2
0
8
0
27
0
26
0
16
0
22
0
40
0
29
0
28
0
30
0
25
0
39
0
18
0
22
0
30
0
13
0
12
0
22
0
34
0
49
0
15
0
21
0
15
0
36
0
16
0
17
0
35
0
36
0
13
0
32
0
41
0
37
0
22
0
11
0
21
0
21
0
19
0
4
0
13
0
23
0
27
0
11
0
18
0
28
0
24
0
25
0
15
0
23
0
19
0
17
0
25
0
29
0
12
0
21
0
26
0
28
0
20
0
25
0
37
0
23
0
17
0
28
0
40
0
46
0
18
0
20
0
6
0
41
0
27
0
25
0
26
0
26
0
19
0
15
0
25
0
40
0
21
0
0
0
18
0
18
0
26
0
86
0
27
0
23
0
13
0
17
0
12
0
14
0
13
0
32
0
15
0
5
0
40
0
38
0
32
0
14
0
27
0
21
0
