0
23
0
20
0
19
0
24
0
24
0
22
0
17
0
28
0
36
0
19
0
10
0
12
0
7
0
36
0
3
0
14
0
32
0
184
95
507
458
573
298
455
0
272
0
32
0
32
0
22
0
27
0
6
0
21
0
28
0
35
0
16
0
26
0
33
0
27
0
14
0
22
0
24
0
7
0
12
0
10
0
34
0
8
0
20
0
25
0
31
0
15
0
24
0
25
0
27
0
35
0
14
0
22
0
32
0
19
0
32
0
18
0
26
0
34
0
8
0
30
0
29
0
28
0
18
0
20
0
26
0
10
0
0
0
13
0
36
0
10
0
14
0
11
0
16
0
17
0
26
0
6
0
38
0
14
0
25
0
39
0
16
0
9
0
44
0
20
0
14
0
18
0
15
0
9
0
18
0
22
0
15
0
22
0
35
0
25
0
45
0
16
0
19
0
34
0
36
0
23
0
36
0
35
0
10
0
22
0
15
0
18
0
24
0
42
0
23
0
22
0
22
0
26
0
24
0
25
0
24
0
32
0
16
0
20
0
17
0
12
0
22
0
15
0
6
0
30
0
36
0
31
0
16
0
26
0
27
0
22
0
17
0
20
0
32
0
32
0
16
0
36
0
31
0
34
0
35
0
12
0
19
0
15
0
35
0
17
0
24
0
17
0
10
0
23
0
13
0
30
0
23
0
18
0
18
0
31
0
32
0
32
0
24
0
23
0
11
0
15
0
14
0
36
0
11
0
29
0
23
0
26
0
28
0
22
0
19
0
17
0
31
0
27
0
10
0
14
0
20
0
18
0
14
0
20
0
11
0
19
0
11
0
20
0
19
0
25
0
21
0
13
0
29
0
41
0
12
0
31
0
28
0
14
0
19
0
8
0
28
0
37
0
7
0
17
0
27
0
27
0
23
0
21
0
19
0
44
0
13
0
50
0
20
0
31
0
26
0
14
0
18
0
24
0
54
0
9
0
37
0
25
0
23
0
18
0
45
0
27
0
16
0
17
0
41
0
14
0
28
0
22
0
39
0
6
0
37
0
30
0
22
0
22
0
37
0
19
0
32
0
34
0
9
0
24
0
30
0
43
0
13
0
23
0
8
0
14
0
32
0
17
0
18
0
42
0
12
0
22
0
20
0
30
0
17
0
27
0
39
0
15
0
45
0
21
0
26
0
29
0
5
0
31
0
17
0
26
0
21
0
23
0
43
0
17
0
33
0
35
0
24
0
25
0
16
0
17
0
40
0
39
0
35
0
13
0
40
0
18
0
15
0
17
0
54
0
42
0
15
0
32
0
28
0
30
0
39
0
13
0
32
0
23
0
24
0
24
0
20
0
21
0
19
0
5
0
14
0
30
0
17
0
16
0
17
0
41
0
30
0
9
0
10
0
13
0
15
0
21
0
16
0
6
0
2
0
29
0
16
0
16
0
20
0
16
0
34
0
14
0
22
0
15
0
44
0
30
0
14
0
10
0
12
0
30
0
10
0
46
0
24
0
22
0
29
0
5
0
15
0
26
0
17
0
28
0
33
0
6
0
35
0
30
0
19
0
28
0
11
0
29
0
24
0
17
0
25
0
28
0
11
0
22
0
21
0
13
0
26
0
23
0
25
0
33
0
24
0
8
0
22
0
30
0
45
0
10
0
30
0
24
0
21
0
26
0
23
0
25
0
24
0
6
0
36
0
18
0
27
0
29
0
16
0
33
0
14
0
20
0
24
0
11
0
16
0
38
0
33
0
6
0
21
0
22
0
16
0
26
0
3
0
38
0
17
0
10
0
19
0
21
0
20
0
41
0
32
0
29
0
36
0
19
0
27
0
11
0
12
0
6
0
24
0
43
0
17
0
28
0
9
0
13
0
13
0
30
0
14
0
17
0
22
0
10
0
28
0
4
0
14
0
17
0
12
0
20
0
19
0
8
0
30
0
12
0
7
0
18
0
26
0
11
0
16
0
36
0
8
0
29
0
36
0
4
0
14
0
20
0
28
0
58
0
17
0
29
0
10
0
26
0
9
0
11
0
26
0
18
0
9
0
22
0
44
0
26
0
26
0
18
0
37
0
25
0
26
0
15
0
15
0
27
0
14
0
11
0
30
0
31
0
24
0
22
0
26
0
26
0
34
0
24
0
23
0
22
0
19
0
21
0
32
0
21
0
41
0
7
0
22
0
24
0
32
0
38
0
17
0
21
0
23
0
37
0
13
0
35
0
7
0
28
0
28
0
21
0
40
0
25
0
16
0
16
0
20
0
7
0
