0
7
0
8
0
44
0
12
0
21
0
46
0
18
0
31
0
17
0
37
0
26
0
9
0
14
0
17
0
12
0
26
0
24
0
32
0
24
0
19
0
17
0
24
0
6
0
22
0
19
0
10
0
24
0
33
0
38
0
41
0
38
0
16
0
35
0
22
0
26
0
32
0
17
0
5
0
29
0
5
0
21
0
36
0
14
0
30
0
15
0
23
0
22
0
50
0
32
0
47
0
116
0
506
471
663
0
647
0
22
0
32
0
14
0
22
0
12
0
30
0
14
0
6
0
8
0
41
0
38
0
20
0
14
0
27
0
17
0
19
0
18
0
16
0
15
0
21
0
26
0
22
0
19
0
28
0
31
0
7
0
10
0
21
0
12
0
12
0
43
0
20
0
22
0
23
0
23
0
33
0
40
0
13
0
33
0
14
0
22
0
31
0
12
0
17
0
30
0
12
0
17
0
5
0
11
0
17
0
14
0
15
0
43
0
18
0
25
0
24
0
26
0
11
0
10
0
37
0
18
0
22
0
7
0
18
0
32
0
20
0
14
0
20
0
42
0
27
0
7
0
9
0
15
0
22
0
28
0
16
0
18
0
22
0
14
0
38
0
27
0
16
0
43
0
15
0
15
0
26
0
48
0
13
0
41
0
33
0
32
0
15
0
10
0
16
0
9
0
23
0
25
0
21
0
41
0
19
0
16
0
18
0
8
0
28
0
23
0
38
0
28
0
22
0
24
0
35
0
22
0
34
0
29
0
26
0
19
0
36
0
18
0
21
0
18
0
33
0
23
0
19
0
38
0
24
0
33
0
10
0
11
0
14
0
25
0
7
0
30
0
30
0
7
0
37
0
42
0
16
0
14
0
32
0
20
0
6
0
29
0
15
0
32
0
36
0
42
0
27
0
16
0
17
0
6
0
38
0
29
0
7
0
23
0
23
0
14
0
15
0
19
0
19
0
15
0
6
0
21
0
30
0
28
0
26
0
23
0
32
0
42
0
16
0
24
0
17
0
26
0
30
0
46
0
35
0
24
0
30
0
13
0
26
0
19
0
38
0
11
0
40
0
12
0
12
0
23
0
23
0
30
0
39
0
34
0
15
0
16
0
28
0
25
0
22
0
17
0
32
0
24
0
31
0
26
0
16
0
31
0
28
0
35
0
20
0
14
0
8
0
10
0
40
0
22
0
23
0
20
0
21
0
17
0
24
0
21
0
20
0
32
0
31
0
25
0
24
0
18
0
25
0
16
0
18
0
10
0
27
0
14
0
25
0
20
0
9
0
10
0
23
0
27
0
33
0
24
0
30
0
31
0
30
0
33
0
16
0
12
0
19
0
24
0
25
0
32
0
16
0
29
0
49
0
19
0
38
0
38
0
22
0
38
0
18
0
14
0
14
0
45
0
11
0
17
0
20
0
16
0
15
0
18
0
16
0
9
0
18
0
16
0
47
0
17
0
25
0
14
0
33
0
20
0
9
0
29
0
19
0
5
0
27
0
28
0
22
0
13
0
39
0
16
0
28
0
23
0
14
0
28
0
26
0
27
0
10
0
28
0
37
0
31
0
17
0
28
0
21
0
21
0
7
0
14
0
28
0
17
0
15
0
3
0
12
0
2
0
29
0
14
0
25
0
30
0
23
0
40
0
31
0
22
0
19
0
37
0
20
0
22
0
14
0
19
0
22
0
11
0
17
0
35
0
21
0
23
0
22
0
22
0
11
0
8
0
4
0
10
0
32
0
19
0
23
0
26
0
25
0
30
0
19
0
6
0
41
0
17
0
20
0
34
0
14
0
27
0
17
0
17
0
38
0
0
0
22
0
26
0
15
0
13
0
29
0
37
0
15
0
26
0
10
0
17
0
25
0
17
0
21
0
47
0
33
0
15
0
16
0
12
0
8
0
32
0
19
0
14
0
16
0
27
0
16
0
15
0
8
0
37
0
23
0
15
0
29
0
12
0
27
0
34
0
16
0
20
0
28
0
17
0
9
0
21
0
31
0
31
0
17
0
18
0
26
0
30
0
37
0
13
0
32
0
29
0
17
0
15
0
28
0
17
0
28
0
16
0
20
0
26
0
22
0
16
0
19
0
33
0
26
0
22
0
20
0
15
0
44
0
19
0
29
0
17
0
25
0
34
0
9
0
19
0
24
0
36
0
26
0
11
0
36
0
18
0
386
0
34
0
28
0
18
0
11
0
24
0
45
0
39
0
37
0
25
0
20
0
36
0
5
0
4
0
46
0
6
0
12
0
