0
19
0
29
0
26
0
18
0
23
0
38
0
17
0
20
0
20
0
48
0
26
0
17
0
40
0
26
0
11
0
11
0
27
0
20
0
15
0
20
0
24
0
17
0
0
0
21
0
37
0
16
0
19
0
27
0
25
0
16
0
26
0
10
0
24
0
33
0
20
0
8
0
25
0
34
0
50
0
27
0
34
0
16
0
11
0
14
0
13
0
20
0
32
0
16
0
12
0
37
0
41
0
24
0
22
0
22
0
27
0
32
0
13
0
17
0
39
0
9
0
45
0
28
0
16
0
28
0
22
0
20
0
33
0
22
0
20
0
29
0
25
0
21
0
29
0
26
0
17
0
57
0
22
0
14
0
22
0
25
0
23
0
16
0
23
0
17
0
30
0
16
0
16
0
31
0
19
0
20
0
18
0
32
0
15
0
14
0
28
0
23
0
42
0
28
0
18
0
16
0
20
0
26
0
20
0
42
0
27
0
19
0
14
0
33
0
11
0
33
0
32
0
28
0
27
0
37
0
15
0
31
0
16
0
7
0
19
0
14
0
20
0
57
0
29
0
24
0
35
0
13
0
26
0
20
0
20
0
29
0
25
0
11
0
43
0
27
0
22
0
37
0
22
0
26
0
18
0
31
0
22
0
36
0
43
0
18
0
11
0
8
0
13
0
26
0
31
0
8
0
17
0
10
0
16
0
9
0
26
0
23
0
20
0
7
0
24
0
8
0
46
0
34
0
29
0
49
0
25
0
17
0
18
0
14
0
29
0
21
0
24
0
20
0
17
0
24
0
16
0
24
0
48
0
11
0
19
0
22
0
9
0
27
0
23
0
26
0
45
0
49
0
23
0
28
0
30
0
22
0
12
0
18
0
22
0
23
0
34
0
23
0
15
0
45
0
20
0
21
0
37
0
27
0
21
0
14
0
20
0
34
0
25
0
16
0
17
0
18
0
30
0
36
0
17
0
16
0
24
0
10
0
24
0
27
0
23
0
20
0
14
0
15
0
16
0
25
0
14
0
34
0
19
0
24
0
23
0
38
0
34
0
23
0
23
0
16
0
7
0
28
0
40
0
32
0
19
0
12
0
31
0
25
0
16
0
18
0
24
0
28
0
25
0
28
0
33
0
14
0
14
0
37
0
30
0
27
0
29
0
24
0
19
0
19
0
18
0
30
0
30
0
13
0
33
0
18
0
35
0
23
0
17
0
36
0
39
0
7
0
40
0
20
0
9
0
35
0
10
0
28
0
18
0
11
0
48
0
20
0
34
0
11
0
13
0
27
0
30
0
24
0
19
0
30
0
31
0
22
0
11
0
14
0
15
0
36
0
3
0
26
0
26
0
28
0
7
0
23
0
14
0
21
0
18
0
23
0
33
0
41
0
16
0
51
0
8
0
37
0
39
0
31
0
9
0
26
0
9
0
21
0
17
0
37
0
30
0
27
0
8
0
24
0
16
0
30
0
377
0
106
0
87
0
56
0
64
0
57
0
205
46
206
0
144
0
80
0
70
0
87
0
64
0
67
0
27
0
32
0
23
0
18
0
34
0
31
0
37
0
27
0
20
0
329
0
28
0
24
0
183
0
88
0
27
0
23
0
33
0
57
0
32
0
49
0
22
0
14
0
41
0
371
0
34
0
20
0
23
0
51
0
38
0
16
0
18
0
31
0
26
0
41
0
37
0
21
0
19
0
13
0
35
0
21
0
8
0
11
0
13
0
7
0
39
0
36
0
16
0
13
0
19
0
20
0
17
0
26
0
20
0
16
0
22
0
15
0
32
0
25
0
25
0
27
0
56
0
27
0
8
0
23
0
13
0
27
0
19
0
29
0
21
0
5
0
35
0
13
0
18
0
34
0
6
0
26
0
34
0
23
0
32
0
25
0
35
0
20
0
13
0
21
0
54
0
38
0
26
0
29
0
17
0
30
0
11
0
11
0
11
0
25
0
16
0
36
0
14
0
29
0
21
0
25
0
8
0
45
0
12
0
24
0
10
0
20
0
26
0
22
0
22
0
7
0
30
0
24
0
32
0
22
0
18
0
20
0
18
0
27
0
25
0
20
0
32
0
42
0
18
0
24
0
29
0
28
0
19
0
113
0
185
0
25
0
17
0
26
0
28
0
14
0
32
0
23
0
17
0
11
0
23
0
34
0
12
0
28
0
2
0
14
0
58
0
196
0
30
0
13
0
14
0
12
0
29
0
22
0
14
0
30
0
18
0
20
0
21
0
32
0
30
0
19
0
39
0
53
0
