0
24
0
18
0
14
0
30
0
34
0
27
0
30
0
35
0
21
0
35
0
17
0
9
0
22
0
26
0
14
0
9
0
27
0
21
0
63
0
37
0
33
0
29
0
14
0
34
0
26
0
13
0
16
0
24
0
6
0
31
0
11
0
27
0
30
0
41
0
34
0
24
0
4
0
32
0
13
0
26
0
31
0
25
0
22
0
36
0
216
0
14
0
22
0
24
0
18
0
20
0
12
0
18
0
40
0
10
0
10
0
23
0
31
0
47
0
16
0
18
0
24
0
18
0
32
0
24
0
17
0
28
0
7
0
8
0
37
0
13
0
16
0
45
0
23
0
16
0
30
0
16
0
19
0
23
0
22
0
27
0
9
0
8
0
32
0
17
0
26
0
11
0
28
0
17
0
27
0
21
0
16
0
36
0
24
0
17
0
18
0
31
0
27
0
23
0
9
0
4
0
27
0
23
0
26
0
9
0
30
0
18
0
21
0
14
0
57
0
34
0
12
0
24
0
17
0
36
0
20
0
40
0
18
0
27
0
44
0
5
0
12
0
22
0
24
0
8
0
17
0
24
0
29
0
19
0
34
0
20
0
22
0
19
0
34
0
35
0
24
0
53
0
11
0
26
0
12
0
12
0
20
0
32
0
17
0
10
0
15
0
33
0
26
0
19
0
36
0
18
0
34
0
18
0
16
0
38
0
37
0
31
0
24
0
28
0
8
0
19
0
26
0
20
0
13
0
32
0
32
0
10
0
11
0
66
0
28
0
30
0
15
0
28
0
29
0
15
0
45
0
21
0
10
0
32
0
26
0
15
0
30
0
14
0
24
0
26
0
14
0
25
0
29
0
41
0
39
0
10
0
29
0
13
0
38
0
36
0
5
0
26
0
18
0
13
0
52
0
16
0
10
0
22
0
4
0
36
0
16
0
17
0
15
0
37
0
17
0
18
0
15
0
27
0
13
0
5
0
11
0
24
0
26
0
11
0
21
0
21
0
17
0
7
0
15
0
32
0
17
0
22
0
24
0
14
0
13
0
42
0
41
0
40
0
36
0
35
0
32
0
19
0
16
0
23
0
36
0
30
0
39
0
17
0
29
0
12
0
4
0
26
0
11
0
16
0
44
0
28
0
24
0
32
0
21
0
17
0
46
0
11
0
14
0
24
0
44
0
37
0
28
0
38
0
26
0
20
0
23
0
29
0
26
0
33
0
32
0
33
0
14
0
30
0
6
0
12
0
17
0
18
0
25
0
20
0
27
0
13
0
30
0
21
0
15
0
14
0
20
0
10
0
14
0
31
0
22
0
20
0
28
0
29
0
15
0
22
0
22
0
12
0
26
0
9
0
12
0
19
0
27
0
25
0
22
0
18
0
11
0
21
0
27
0
8
0
30
0
40
0
19
0
9
0
14
0
30
0
18
0
29
0
20
0
29
0
36
0
10
0
31
0
27
0
22
0
24
0
22
0
21
0
10
0
10
0
20
0
26
0
19
0
13
0
11
0
19
0
29
0
17
0
25
0
12
0
24
0
22
0
23
0
25
0
22
0
14
0
21
0
26
0
16
0
16
0
18
0
25
0
22
0
30
0
25
0
30
0
30
0
39
0
13
0
17
0
35
0
18
0
24
0
19
0
37
0
18
0
5
0
47
0
23
0
55
0
3
0
23
0
19
0
31
0
0
0
23
0
20
0
22
0
25
0
33
0
41
0
14
0
17
0
18
0
44
0
42
0
24
0
31
0
28
0
22
0
13
0
22
0
32
0
24
0
31
0
12
0
29
0
24
0
37
0
5
0
12
0
23
0
19
0
14
0
26
0
21
0
16
0
6
0
19
0
41
0
15
0
9
0
14
0
29
0
27
0
18
0
34
0
26
0
53
0
11
0
28
0
28
0
30
0
26
0
31
0
58
0
16
0
12
0
15
0
12
0
14
0
21
0
16
0
44
0
12
0
23
0
28
0
41
0
64
0
29
0
38
0
26
0
27
0
27
0
32
0
25
0
22
0
25
0
12
0
21
0
11
0
36
0
24
0
21
0
17
0
29
0
12
0
12
0
17
0
29
0
24
0
20
0
21
0
23
0
20
0
22
0
17
0
37
0
12
0
19
0
19
0
26
0
20
0
30
0
31
0
25
0
25
0
23
0
16
0
21
0
0
0
46
0
14
0
29
0
37
0
176
0
36
0
30
0
11
0
30
0
2
0
20
0
24
0
12
0
12
0
15
0
25
0
39
0
29
0
15
0
39
0
38
0
