0
31
0
11
0
30
0
19
0
35
0
13
0
34
0
32
0
19
0
35
0
11
0
52
0
25
0
27
0
33
0
28
0
29
0
17
0
20
0
18
0
21
0
31
0
39
0
11
0
22
0
16
0
25
0
26
0
38
0
15
0
9
0
36
0
9
0
31
0
15
0
18
0
24
0
35
0
18
0
22
0
48
0
17
0
19
0
27
0
14
0
0
0
8
0
25
0
33
0
30
0
26
0
16
0
35
0
24
0
12
0
9
0
52
0
26
0
14
0
9
0
27
0
23
0
11
0
12
0
33
0
20
0
23
0
13
0
36
0
22
0
27
0
16
0
33
0
20
0
33
0
39
0
13
0
17
0
26
0
17
0
16
0
38
0
28
0
29
0
9
0
17
0
30
0
23
0
20
0
27
0
18
0
9
0
16
0
18
0
20
0
20
0
24
0
27
0
20
0
40
0
20
0
32
0
6
0
37
0
8
0
9
0
15
0
26
0
40
0
30
0
25
0
30
0
41
0
40
0
10
0
36
0
38
0
27
0
32
0
45
0
25
0
29
0
44
0
14
0
23
0
2
0
26
0
42
0
16
0
27
0
26
0
23
0
20
0
23
0
29
0
38
0
17
0
3
0
34
0
36
0
15
0
35
0
25
0
31
0
26
0
36
0
30
0
6
0
20
0
21
0
25
0
22
0
31
0
30
0
9
0
29
0
29
0
33
0
37
0
21
0
10
0
33
0
27
0
14
0
34
0
28
0
23
0
29
0
15
0
23
0
8
0
12
0
22
0
12
0
23
0
8
0
19
0
8
0
22
0
16
0
25
0
19
0
23
0
21
0
23
0
22
0
25
0
28
0
29
0
30
0
34
0
14
0
251
0
27
0
42
0
389
0
117
0
90
0
50
0
41
0
24
0
26
0
18
0
20
0
13
0
11
0
32
0
28
0
18
0
32
0
24
0
28
0
24
0
14
0
18
0
31
0
12
0
32
0
22
0
24
0
35
0
31
0
32
0
31
0
36
0
41
0
21
0
5
0
20
0
25
0
17
0
21
0
13
0
27
0
50
0
31
0
21
0
13
0
33
0
7
0
18
0
28
0
12
0
35
0
24
0
25
0
19
0
38
0
23
0
16
0
35
0
27
0
40
0
30
0
23
0
17
0
20
0
21
0
23
0
7
0
26
0
45
0
27
0
28
0
39
0
41
0
25
0
34
0
13
0
26
0
24
0
32
0
23
0
8
0
16
0
10
0
12
0
42
0
28
0
19
0
17
0
28
0
26
0
15
0
17
0
22
0
19
0
7
0
8
0
12
0
28
0
20
0
22
0
36
0
16
0
8
0
17
0
9
0
27
0
19
0
24
0
23
0
23
0
12
0
20
0
27
0
21
0
19
0
26
0
32
0
30
0
20
0
3
0
25
0
35
0
13
0
34
0
20
0
47
0
19
0
15
0
18
0
10
0
10
0
57
0
6
0
40
0
23
0
36
0
24
0
24
0
24
0
13
0
24
0
7
0
18
0
17
0
41
0
31
0
18
0
12
0
33
0
13
0
31
0
13
0
26
0
22
0
23
0
15
0
25
0
24
0
16
0
10
0
13
0
18
0
12
0
23
0
19
0
28
0
36
0
17
0
14
0
21
0
15
0
20
0
23
0
24
0
29
0
22
0
34
0
22
0
39
0
24
0
23
0
30
0
27
0
35
0
18
0
13
0
36
0
32
0
29
0
31
0
34
0
7
0
33
0
36
0
30
0
14
0
27
0
20
0
17
0
20
0
31
0
15
0
25
0
24
0
35
0
36
0
17
0
18
0
20
0
20
0
30
0
17
0
11
0
33
0
30
0
13
0
25
0
13
0
37
0
24
0
28
0
14
0
18
0
16
0
30
0
38
0
22
0
26
0
21
0
37
0
13
0
23
0
14
0
17
0
22
0
4
0
37
0
22
0
38
0
20
0
24
0
34
0
46
0
14
0
19
0
19
0
21
0
28
0
29
0
13
0
14
0
22
0
16
0
18
0
19
0
16
0
25
0
30
0
27
0
14
0
12
0
11
0
18
0
17
0
19
0
33
0
19
0
20
0
8
0
28
0
34
0
22
0
20
0
16
0
18
0
16
0
27
0
21
0
34
0
26
0
51
0
26
0
20
0
10
0
35
0
37
0
11
0
30
0
56
0
33
0
246
0
32
0
27
0
7
0
18
0
38
0
39
0
38
0
27
0
42
0
38
0
25
0
23
0
16
0
25
0
26
0
29
0
