3338
0
18
0
24
0
40
0
39
0
29
0
24
0
22
0
12
0
0
0
32
0
33
0
16
0
8
0
22
0
26
0
19
0
33
0
22
0
32
0
22
0
34
0
24
0
17
0
16
0
14
0
30
0
13
0
26
0
17
0
16
0
15
0
29
0
24
0
29
0
28
0
21
0
28
0
8
0
18
0
26
0
20
0
36
0
28
0
20
0
15
0
20
0
11
0
0
0
31
0
11
0
36
0
22
0
15
0
6
0
21
0
21
0
20
0
44
0
35
0
9
0
12
0
34
0
22
0
11
0
19
0
24
0
24
0
30
0
62
0
15
0
12
0
22
0
27
0
5
0
38
0
16
0
22
0
23
0
7
0
13
0
15
0
25
0
22
0
29
0
19
0
33
0
30
0
27
0
8
0
25
0
23
0
32
0
17
0
27
0
17
0
17
0
24
0
17
0
12
0
7
0
18
0
30
0
23
0
6
0
19
0
23
0
17
0
14
0
16
0
30
0
34
0
40
0
12
0
30
0
30
0
21
0
19
0
21
0
17
0
51
0
32
0
42
0
10
0
21
0
9
0
16
0
31
0
105
0
120
0
106
0
344
278
512
462
624
573
672
629
683
0
679
0
41
0
19
0
15
0
17
0
32
0
28
0
31
0
30
0
32
0
18
0
13
0
18
0
43
0
16
0
26
0
16
0
24
0
26
0
21
0
20
0
31
0
27
0
25
0
17
0
25
0
25
0
25
0
20
0
28
0
34
0
32
0
38
0
27
0
14
0
30
0
33
0
16
0
44
0
12
0
11
0
24
0
33
0
27
0
33
0
26
0
12
0
22
0
21
0
8
0
11
0
29
0
24
0
10
0
29
0
24
0
4
0
27
0
33
0
24
0
35
0
16
0
19
0
19
0
32
0
33
0
41
0
26
0
16
0
27
0
18
0
30
0
17
0
5
0
33
0
27
0
29
0
20
0
15
0
8
0
41
0
35
0
41
0
24
0
20
0
22
0
15
0
15
0
21
0
17
0
33
0
30
0
14
0
36
0
35
0
14
0
14
0
17
0
44
0
23
0
29
0
19
0
41
0
22
0
24
0
47
0
18
0
31
0
11
0
10
0
34
0
17
0
20
0
17
0
33
0
24
0
14
0
27
0
17
0
39
0
42
0
13
0
38
0
31
0
17
0
17
0
21
0
21
0
26
0
28
0
12
0
15
0
23
0
18
0
35
0
22
0
42
0
22
0
21
0
19
0
9
0
14
0
14
0
16
0
30
0
29
0
9
0
25
0
19
0
35
0
39
0
17
0
15
0
35
0
22
0
29
0
18
0
15
0
22
0
20
0
21
0
29
0
29
0
29
0
16
0
23
0
35
0
19
0
38
0
22
0
51
0
28
0
21
0
31
0
16
0
4
0
27
0
33
0
17
0
13
0
46
0
34
0
6
0
17
0
17
0
16
0
13
0
8
0
29
0
24
0
10
0
19
0
36
0
26
0
21
0
11
0
33
0
23
0
13
0
28
0
27
0
24
0
17
0
16
0
18
0
21
0
21
0
28
0
22
0
25
0
25
0
14
0
14
0
32
0
19
0
27
0
14
0
41
0
24
0
29
0
27
0
26
0
19
0
28
0
36
0
35
0
31
0
19
0
30
0
26
0
36
0
38
0
20
0
14
0
29
0
33
0
27
0
20
0
29
0
23
0
18
0
25
0
16
0
26
0
39
0
11
0
18
0
12
0
20
0
16
0
19
0
24
0
16
0
29
0
27
0
19
0
37
0
7
0
23
0
50
0
16
0
36
0
16
0
23
0
34
0
15
0
38
0
22
0
16
0
26
0
4
0
17
0
22
0
16
0
20
0
26
0
19
0
38
0
30
0
24
0
19
0
13
0
9
0
26
0
24
0
20
0
25
0
35
0
27
0
36
0
17
0
25
0
5
0
15
0
14
0
37
0
11
0
28
0
19
0
21
0
15
0
25
0
23
0
34
0
11
0
27
0
32
0
27
0
15
0
34
0
11
0
19
0
26
0
22
0
42
0
20
0
24
0
26
0
12
0
21
0
18
0
7
0
28
0
16
0
23
0
21
0
15
0
19
0
15
0
29
0
30
0
20
0
33
0
16
0
23
0
11
0
14
0
27
0
21
0
37
0
20
0
14
0
22
0
24
0
6
0
14
0
33
0
11
0
314
0
14
0
24
0
18
0
35
0
19
0
10
0
19
0
21
0
12
0
55
0
34
0
40
0
25
0
35
0
39
0
19
