0
19
0
25
0
30
0
47
0
25
0
36
0
3
0
17
0
27
0
20
0
44
0
42
0
14
0
17
0
14
0
11
0
29
0
5
0
21
0
13
0
22
0
27
0
20
0
24
0
16
0
17
0
19
0
20
0
24
0
15
0
16
0
15
0
8
0
15
0
40
0
20
0
22
0
22
0
14
0
30
0
15
0
26
0
26
0
10
0
28
0
18
0
15
0
2
0
19
0
14
0
33
0
37
0
15
0
18
0
47
0
14
0
19
0
9
0
34
0
13
0
22
0
20
0
36
0
33
0
12
0
6
0
8
0
23
0
22
0
16
0
14
0
17
0
49
0
28
0
40
0
26
0
3
0
19
0
38
0
38
0
42
0
56
0
19
0
12
0
14
0
16
0
11
0
22
0
26
0
26
0
29
0
45
0
23
0
17
0
10
0
19
0
20
0
11
0
32
0
12
0
15
0
23
0
42
0
20
0
30
0
16
0
0
0
11
0
9
0
37
0
23
0
10
0
17
0
19
0
18
0
16
0
30
0
20
0
14
0
20
0
35
0
21
0
24
0
25
0
33
0
43
0
53
0
32
0
36
0
644
573
630
529
595
482
547
420
499
287
422
0
248
0
42
0
46
0
31
0
28
0
26
0
27
0
36
0
12
0
16
0
40
0
33
0
22
0
19
0
34
0
17
0
12
0
45
0
33
0
32
0
28
0
49
0
17
0
32
0
10
0
14
0
41
0
42
0
8
0
28
0
33
0
17
0
34
0
5
0
30
0
22
0
28
0
19
0
11
0
19
0
28
0
3
0
19
0
27
0
23
0
32
0
19
0
17
0
20
0
30
0
36
0
15
0
31
0
19
0
13
0
42
0
24
0
20
0
19
0
21
0
27
0
28
0
12
0
10
0
12
0
17
0
27
0
13
0
28
0
24
0
22
0
12
0
24
0
15
0
32
0
14
0
21
0
25
0
9
0
24
0
14
0
23
0
25
0
17
0
19
0
22
0
24
0
10
0
23
0
23
0
21
0
27
0
16
0
46
0
19
0
23
0
19
0
28
0
36
0
9
0
23
0
41
0
31
0
9
0
21
0
24
0
13
0
4
0
22
0
24
0
17
0
28
0
11
0
31
0
24
0
16
0
13
0
0
0
22
0
17
0
30
0
19
0
30
0
4
0
24
0
15
0
24
0
24
0
28
0
22
0
26
0
19
0
18
0
7
0
20
0
13
0
35
0
43
0
20
0
15
0
29
0
19
0
23
0
18
0
20
0
11
0
27
0
18
0
0
0
24
0
30
0
24
0
43
0
22
0
28
0
17
0
22
0
31
0
24
0
37
0
34
0
18
0
18
0
39
0
13
0
20
0
30
0
13
0
22
0
11
0
21
0
18
0
36
0
41
0
8
0
18
0
18
0
34
0
23
0
30
0
28
0
30
0
18
0
16
0
27
0
32
0
43
0
28
0
15
0
22
0
13
0
18
0
29
0
32
0
41
0
41
0
13
0
13
0
20
0
23
0
9
0
11
0
14
0
10
0
35
0
17
0
17
0
18
0
32
0
33
0
30
0
24
0
36
0
2
0
35
0
23
0
28
0
8
0
21
0
27
0
18
0
42
0
53
0
26
0
17
0
29
0
21
0
26
0
32
0
11
0
37
0
15
0
18
0
30
0
33
0
33
0
32
0
26
0
22
0
21
0
46
0
52
0
40
0
24
0
20
0
23
0
13
0
41
0
18
0
23
0
20
0
16
0
18
0
23
0
19
0
29
0
21
0
32
0
24
0
7
0
9
0
25
0
18
0
28
0
14
0
31
0
16
0
42
0
30
0
10
0
24
0
29
0
23
0
26
0
34
0
26
0
37
0
19
0
14
0
27
0
18
0
22
0
24
0
36
0
13
0
23
0
26
0
24
0
26
0
43
0
40
0
22
0
21
0
28
0
7
0
19
0
34
0
48
0
25
0
20
0
25
0
19
0
36
0
6
0
15
0
27
0
13
0
10
0
14
0
38
0
11
0
22
0
13
0
28
0
17
0
17
0
9
0
27
0
30
0
13
0
25
0
14
0
25
0
17
0
25
0
26
0
45
0
13
0
24
0
12
0
15
0
13
0
25
0
30
0
32
0
27
0
13
0
16
0
10
0
26
0
26
0
10
0
32
0
12
0
30
0
35
0
7
0
46
0
272
0
18
0
24
0
35
0
19
0
25
0
14
0
30
0
14
0
25
0
34
0
35
0
20
0
14
0
21
0
5
0
23
0
