0
22
0
27
0
13
0
21
0
21
0
40
0
31
0
26
0
39
0
15
0
8
0
23
0
24
0
17
0
21
0
29
0
31
0
5
0
20
0
41
0
81
0
429
260
638
551
637
0
103
0
56
0
25
0
29
0
21
0
19
0
20
0
18
0
14
0
23
0
38
0
20
0
18
0
12
0
33
0
24
0
20
0
0
0
32
0
29
0
25
0
20
0
9
0
9
0
27
0
30
0
14
0
20
0
24
0
16
0
39
0
27
0
8
0
24
0
22
0
37
0
35
0
36
0
44
0
47
0
35
0
21
0
35
0
24
0
12
0
12
0
27
0
28
0
2
0
37
0
41
0
38
0
25
0
10
0
18
0
44
0
30
0
23
0
22
0
25
0
8
0
24
0
20
0
24
0
17
0
20
0
20
0
12
0
14
0
31
0
24
0
30
0
11
0
27
0
23
0
40
0
42
0
27
0
14
0
6
0
26
0
18
0
20
0
36
0
31
0
17
0
32
0
15
0
47
0
27
0
23
0
20
0
26
0
23
0
17
0
10
0
26
0
39
0
38
0
30
0
20
0
36
0
15
0
48
0
3
0
16
0
22
0
27
0
18
0
27
0
22
0
32
0
12
0
17
0
4
0
37
0
33
0
19
0
22
0
22
0
14
0
20
0
22
0
37
0
22
0
20
0
20
0
10
0
12
0
18
0
40
0
24
0
26
0
14
0
10
0
18
0
28
0
38
0
29
0
20
0
18
0
18
0
37
0
17
0
44
0
25
0
47
0
22
0
39
0
26
0
13
0
26
0
21
0
24
0
27
0
33
0
30
0
13
0
29
0
19
0
28
0
16
0
12
0
22
0
13
0
30
0
17
0
19
0
19
0
26
0
14
0
36
0
10
0
12
0
17
0
19
0
36
0
25
0
19
0
10
0
19
0
4
0
0
0
29
0
25
0
22
0
36
0
20
0
17
0
12
0
11
0
18
0
14
0
42
0
46
0
2
0
28
0
37
0
29
0
27
0
23
0
40
0
40
0
24
0
25
0
29
0
10
0
37
0
31
0
31
0
27
0
6
0
35
0
19
0
29
0
23
0
15
0
15
0
24
0
11
0
21
0
9
0
17
0
27
0
13
0
33
0
35
0
25
0
32
0
7
0
17
0
26
0
15
0
30
0
23
0
19
0
33
0
36
0
13
0
27
0
26
0
42
0
46
0
26
0
24
0
17
0
14
0
33
0
33
0
27
0
15
0
22
0
19
0
5
0
34
0
18
0
20
0
25
0
19
0
40
0
43
0
13
0
40
0
11
0
19
0
18
0
11
0
17
0
39
0
10
0
21
0
18
0
11
0
9
0
15
0
13
0
28
0
9
0
44
0
17
0
12
0
33
0
29
0
8
0
44
0
22
0
17
0
15
0
5
0
21
0
24
0
19
0
24
0
12
0
6
0
13
0
21
0
18
0
18
0
17
0
16
0
21
0
35
0
18
0
49
0
13
0
35
0
9
0
7
0
24
0
25
0
11
0
32
0
34
0
44
0
18
0
40
0
16
0
38
0
10
0
13
0
29
0
23
0
35
0
17
0
4
0
28
0
24
0
27
0
24
0
13
0
15
0
32
0
14
0
24
0
10
0
10
0
14
0
17
0
36
0
15
0
15
0
21
0
26
0
0
0
26
0
34
0
18
0
8
0
23
0
25
0
39
0
21
0
36
0
47
0
19
0
39
0
16
0
30
0
18
0
13
0
23
0
26
0
17
0
11
0
28
0
17
0
28
0
38
0
29
0
26
0
34
0
35
0
44
0
10
0
29
0
32
0
4
0
20
0
28
0
6
0
17
0
25
0
25
0
3
0
24
0
18
0
27
0
5
0
9
0
4
0
26
0
33
0
44
0
31
0
40
0
23
0
29
0
11
0
20
0
21
0
38
0
3
0
12
0
32
0
32
0
20
0
32
0
38
0
35
0
25
0
30
0
7
0
25
0
14
0
27
0
44
0
11
0
22
0
15
0
10
0
9
0
34
0
16
0
17
0
24
0
6
0
24
0
16
0
8
0
14
0
26
0
4
0
39
0
33
0
10
0
13
0
22
0
17
0
8
0
21
0
26
0
23
0
37
0
29
0
25
0
28
0
16
0
43
0
32
0
34
0
24
0
24
0
30
0
38
0
25
0
28
0
21
0
17
0
91
0
8
0
28
0
14
0
21
0
13
0
24
0
32
0
24
0
29
0
19
0
19
0
44
0
18
0
8
0
6
0
16
0
