0
10
0
19
0
2
0
16
0
0
0
12
0
0
0
6
0
16
0
11
0
8
0
9
0
13
0
36
0
14
0
4
0
31
0
24
0
15
0
1
0
0
0
4
0
10
0
2
0
18
0
12
0
9
0
1
0
1
0
11
0
0
0
8
0
19
0
12
0
0
0
3
0
11
0
2
0
25
0
1
0
10
0
5
0
4
0
28
0
2
0
8
0
15
0
18
0
19
0
0
0
36
0
17
0
4
0
0
0
10
0
18
0
2
0
20
0
15
0
18
0
15
0
14
0
0
0
18
0
20
0
0
0
4
0
8
0
13
0
9
0
25
0
8
0
6
0
16
0
6
0
4
0
25
0
23
0
6
0
19
0
13
0
17
0
22
0
17
0
16
0
11
0
11
0
3
0
12
0
14
0
14
0
17
0
8
0
15
0
1
0
0
0
4
0
0
0
16
0
5
0
9
0
15
0
12
0
13
0
14
0
19
0
6
0
34
0
0
0
0
0
0
0
8
0
2
0
9
0
6
0
2
0
9
0
15
0
9
0
26
0
5
0
18
0
0
0
4
0
6
0
6
0
14
0
11
0
30
0
10
0
20
0
15
0
30
0
10
0
8
0
20
0
11
0
0
0
31
0
12
0
0
0
7
0
12
0
29
0
39
0
5
0
11
0
12
0
0
0
16
0
12
0
10
0
19
0
0
0
20
0
0
0
14
0
18
0
6
0
12
0
14
0
19
0
26
0
2
0
22
0
14
0
10
0
22
0
0
0
0
0
7
0
0
0
1
0
7
0
1
0
13
0
12
0
16
0
14
0
23
0
8
0
21
0
13
0
25
0
12
0
14
0
5
0
2
0
5
0
11
0
4
0
13
0
5
0
10
0
18
0
23
0
15
0
26
0
10
0
12
0
21
0
6
0
4
0
34
0
5
0
5
0
5
0
20
0
25
0
0
0
24
0
22
0
41
0
0
0
8
0
9
0
13
0
0
0
4
0
21
0
6
0
0
0
14
0
7
0
6
0
11
0
8
0
3
0
15
0
11
0
6
0
0
0
12
0
27
0
7
0
18
0
24
0
11
0
19
0
4
0
12
0
35
0
30
0
9
0
10
0
2
0
15
0
5
0
27
0
3
0
7
0
18
0
14
0
7
0
2
0
20
0
9
0
38
0
10
0
0
0
14
0
0
0
3
0
16
0
5
0
4
0
13
0
5
0
10
0
36
0
6
0
20
0
0
0
25
0
22
0
7
0
0
0
0
0
8
0
16
0
11
0
20
0
7
0
13
0
14
0
2
0
10
0
11
0
8
0
15
0
8
0
16
0
12
0
24
0
30
0
21
0
16
0
22
0
3
0
9
0
13
0
8
0
5
0
19
0
15
0
12
0
0
0
15
0
5
0
34
0
20
0
1
0
18
0
14
0
3
0
21
0
5
0
28
0
0
0
6
0
12
0
34
0
11
0
13
0
0
0
7
0
0
0
10
0
2
0
0
0
8
0
42
0
0
0
23
0
6
0
4
0
1
0
25
0
18
0
0
0
4
0
33
0
21
0
16
0
10
0
14
0
1
0
4
0
21
0
20
0
10
0
12
0
3
0
7
0
33
0
15
0
10
0
7
0
19
0
16
0
23
0
3
0
22
0
6
0
12
0
17
0
23
0
5
0
6
0
24
0
0
0
19
0
5
0
17
0
20
0
4
0
23
0
4
0
19
0
31
0
11
0
13
0
0
0
13
0
21
0
4
0
5
0
1
0
21
0
24
0
13
0
8
0
6
0
15
0
16
0
24
0
10
0
10
0
13
0
5
0
28
0
24
0
9
0
17
0
7
0
3
0
24
0
6
0
21
0
22
0
0
0
20
0
12
0
11
0
8
0
20
0
0
0
1
0
24
0
19
0
11
0
16
0
24
0
14
0
18
0
10
0
26
0
3
0
19
0
0
0
5
0
8
0
44
0
3
0
0
0
22
0
22
0
36
0
21
0
18
0
6
0
9
0
4
0
0
0
10
0
13
0
13
0
22
0
4
0
13
0
23
0
16
0
10
0
3
0
3
0
30
0
17
0
31
0
9
0
23
0
17
0
27
0
16
0
5
0
0
0
18
0
13
0
17
0
12
0
41
0
11
0
16
0
18
0
22
0
1
0
11
0
10
0
14
0
4
0
0
0
4
0
144
0
9
0
0
0
16
0
10
0
29
0
10
0
27
0
9
0
26
0
15
0
16
0
5
0
3
0
25
0
20
0
10
0
8
0
0
0
