0
19
0
17
0
12
0
1
0
19
0
9
0
9
0
5
0
7
0
0
0
6
0
17
0
11
0
17
0
11
0
8
0
3
0
21
0
2
0
12
0
0
0
3
0
12
0
18
0
26
0
17
0
44
0
22
0
15
0
18
0
3
0
5
0
6
0
14
0
22
0
14
0
19
0
26
0
29
0
12
0
9
0
8
0
0
0
15
0
3
0
1
0
3
0
0
0
2
0
9
0
7
0
0
0
8
0
16
0
16
0
14
0
15
0
0
0
12
0
29
0
29
0
0
0
0
0
17
0
7
0
19
0
8
0
25
0
2
0
0
0
10
0
15
0
18
0
30
0
11
0
9
0
5
0
16
0
0
0
15
0
22
0
27
0
0
0
26
0
3
0
16
0
24
0
20
0
23
0
0
0
13
0
5
0
13
0
14
0
32
0
20
0
9
0
6
0
14
0
11
0
12
0
10
0
0
0
5
0
8
0
13
0
15
0
10
0
8
0
42
0
23
0
9
0
2
0
8
0
23
0
4
0
6
0
24
0
20
0
6
0
24
0
0
0
26
0
12
0
8
0
34
0
19
0
19
0
6
0
3
0
1
0
13
0
11
0
25
0
13
0
0
0
16
0
7
0
11
0
31
0
7
0
0
0
11
0
1
0
10
0
0
0
1
0
0
0
12
0
19
0
0
0
18
0
2
0
1
0
16
0
16
0
17
0
0
0
20
0
31
0
20
0
11
0
8
0
16
0
10
0
23
0
13
0
1
0
9
0
0
0
4
0
23
0
13
0
17
0
6
0
14
0
11
0
6
0
12
0
21
0
16
0
32
0
24
0
8
0
20
0
22
0
15
0
10
0
1
0
0
0
8
0
1
0
7
0
19
0
17
0
1
0
20
0
8
0
4
0
3
0
7
0
10
0
23
0
6
0
0
0
1
0
0
0
16
0
8
0
6
0
31
0
9
0
2
0
11
0
22
0
2
0
32
0
5
0
10
0
1
0
7
0
12
0
8
0
29
0
0
0
21
0
7
0
9
0
8
0
0
0
29
0
3
0
19
0
16
0
4
0
5
0
22
0
12
0
10
0
15
0
8
0
8
0
14
0
12
0
11
0
17
0
10
0
11
0
12
0
0
0
19
0
11
0
10
0
8
0
7
0
2
0
5
0
8
0
8
0
24
0
10
0
15
0
0
0
14
0
17
0
7
0
13
0
14
0
22
0
16
0
23
0
4
0
0
0
14
0
0
0
31
0
24
0
14
0
10
0
4
0
6
0
3
0
13
0
5
0
11
0
5
0
29
0
0
0
7
0
16
0
11
0
15
0
6
0
17
0
10
0
0
0
20
0
19
0
13
0
27
0
21
0
7
0
9
0
25
0
22
0
8
0
5
0
6
0
14
0
17
0
24
0
11
0
40
0
18
0
25
0
0
0
9
0
8
0
14
0
16
0
24
0
11
0
6
0
8
0
4
0
2
0
28
0
1
0
7
0
10
0
15
0
5
0
7
0
1
0
9
0
13
0
5
0
21
0
7
0
24
0
0
0
4
0
0
0
14
0
7
0
3
0
12
0
6
0
21
0
18
0
24
0
16
0
0
0
18
0
6
0
12
0
3
0
11
0
5
0
12
0
16
0
8
0
9
0
0
0
31
0
20
0
35
0
11
0
6
0
13
0
0
0
18
0
8
0
22
0
11
0
9
0
39
0
12
0
8
0
20
0
0
0
3
0
14
0
1
0
24
0
0
0
1
0
16
0
0
0
22
0
32
0
6
0
13
0
17
0
14
0
24
0
4
0
17
0
30
0
21
0
23
0
6
0
30
0
0
0
5
0
14
0
0
0
6
0
10
0
2
0
13
0
7
0
16
0
7
0
14
0
0
0
6
0
1
0
7
0
0
0
0
0
19
0
7
0
0
0
4
0
35
0
7
0
10
0
2
0
1
0
17
0
20
0
3
0
9
0
0
0
0
0
12
0
8
0
3
0
0
0
2
0
5
0
20
0
13
0
0
0
3
0
1
0
0
0
4
0
20
0
40
0
1
0
22
0
20
0
17
0
0
0
16
0
10
0
9
0
24
0
8
0
9
0
9
0
0
0
30
0
22
0
7
0
11
0
21
0
17
0
6
0
27
0
5
0
11
0
8
0
9
0
15
0
12
0
10
0
0
0
6
0
8
0
7
0
6
0
17
0
30
0
7
0
5
0
11
0
8
0
9
0
4
0
1
0
2
0
40
0
9
0
14
0
16
0
21
0
4
0
