3338
0
15
0
0
0
16
0
22
0
6
0
4
0
12
0
0
0
0
0
32
0
16
0
0
0
9
0
9
0
20
0
6
0
4
0
6
0
11
0
6
0
2
0
5
0
8
0
0
0
5
0
6
0
22
0
27
0
34
0
29
0
33
0
19
0
29
0
0
0
4
0
0
0
0
0
5
0
8
0
27
0
12
0
5
0
11
0
22
0
9
0
11
0
20
0
0
0
15
0
10
0
9
0
4
0
6
0
0
0
6
0
2
0
0
0
21
0
18
0
26
0
29
0
0
0
16
0
9
0
26
0
9
0
22
0
8
0
16
0
1
0
12
0
6
0
18
0
24
0
17
0
14
0
0
0
10
0
7
0
0
0
12
0
22
0
6
0
5
0
28
0
8
0
0
0
22
0
14
0
7
0
8
0
6
0
8
0
0
0
17
0
3
0
8
0
37
0
7
0
17
0
4
0
0
0
0
0
1
0
0
0
33
0
8
0
4
0
36
0
13
0
6
0
8
0
23
0
0
0
10
0
2
0
11
0
22
0
12
0
11
0
7
0
0
0
22
0
16
0
13
0
27
0
8
0
31
0
27
0
24
0
24
0
18
0
3
0
1
0
14
0
9
0
0
0
15
0
12
0
5
0
0
0
13
0
18
0
2
0
12
0
0
0
17
0
13
0
13
0
20
0
10
0
7
0
11
0
0
0
27
0
7
0
18
0
12
0
23
0
23
0
12
0
9
0
8
0
0
0
16
0
22
0
6
0
2
0
11
0
4
0
0
0
4
0
15
0
26
0
9
0
30
0
14
0
4
0
17
0
30
0
4
0
8
0
6
0
8
0
3
0
0
0
16
0
0
0
0
0
0
0
0
0
36
0
29
0
1
0
7
0
0
0
19
0
14
0
29
0
19
0
21
0
8
0
15
0
36
0
6
0
20
0
0
0
19
0
9
0
6
0
19
0
0
0
0
0
6
0
7
0
5
0
13
0
2
0
10
0
6
0
18
0
13
0
2
0
3
0
22
0
5
0
10
0
4
0
3
0
13
0
0
0
28
0
14
0
3
0
26
0
0
0
14
0
31
0
40
0
0
0
14
0
22
0
20
0
0
0
7
0
9
0
12
0
7
0
1
0
7
0
6
0
2
0
19
0
21
0
38
0
4
0
10
0
12
0
0
0
13
0
5
0
23
0
19
0
20
0
28
0
5
0
11
0
6
0
9
0
22
0
8
0
8
0
29
0
13
0
2
0
0
0
15
0
11
0
3
0
5
0
4
0
19
0
25
0
0
0
0
0
32
0
29
0
0
0
10
0
5
0
1
0
11
0
5
0
10
0
12
0
24
0
4
0
5
0
0
0
9
0
28
0
0
0
0
0
10
0
6
0
10
0
2
0
4
0
10
0
2
0
16
0
13
0
18
0
23
0
0
0
0
0
46
0
21
0
14
0
0
0
12
0
38
0
5
0
12
0
19
0
11
0
1
0
15
0
16
0
15
0
1
0
12
0
4
0
9
0
19
0
21
0
10
0
23
0
0
0
0
0
30
0
10
0
10
0
15
0
26
0
29
0
0
0
30
0
6
0
15
0
17
0
7
0
11
0
4
0
12
0
1
0
21
0
18
0
17
0
5
0
11
0
9
0
9
0
19
0
22
0
13
0
16
0
13
0
13
0
26
0
22
0
26
0
2
0
16
0
2
0
0
0
2
0
4
0
26
0
17
0
15
0
16
0
12
0
11
0
9
0
14
0
42
0
2
0
8
0
8
0
14
0
26
0
16
0
13
0
9
0
2
0
40
0
21
0
11
0
1
0
8
0
16
0
6
0
28
0
15
0
5
0
7
0
2
0
6
0
19
0
1
0
24
0
20
0
4
0
29
0
0
0
20
0
2
0
12
0
24
0
18
0
8
0
16
0
14
0
15
0
8
0
0
0
16
0
3
0
0
0
20
0
30
0
0
0
3
0
22
0
13
0
16
0
1
0
21
0
5
0
19
0
21
0
6
0
0
0
0
0
36
0
1
0
13
0
27
0
25
0
35
0
0
0
12
0
4
0
14
0
21
0
22
0
17
0
23
0
22
0
20
0
21
0
36
0
19
0
12
0
8
0
3
0
13
0
11
0
25
0
8
0
4
0
4
0
16
0
12
0
22
0
0
0
16
0
15
0
36
0
34
0
235
0
3
0
5
0
24
0
13
0
17
0
3
0
7
0
6
0
4
0
2
0
27
0
16
0
15
0
16
0
12
0
31
0
11
0
18
