0
11
0
18
0
21
0
25
0
14
0
4
0
12
0
22
0
12
0
31
0
9
0
12
0
3
0
5
0
19
0
14
0
3
0
10
0
14
0
10
0
0
0
17
0
13
0
10
0
1
0
20
0
17
0
8
0
34
0
11
0
18
0
1
0
0
0
20
0
1
0
10
0
20
0
0
0
0
0
15
0
11
0
1
0
28
0
0
0
19
0
26
0
4
0
23
0
2
0
15
0
11
0
23
0
14
0
4
0
27
0
16
0
6
0
16
0
14
0
12
0
8
0
4
0
11
0
21
0
28
0
7
0
16
0
0
0
12
0
0
0
1
0
14
0
0
0
26
0
8
0
13
0
21
0
7
0
11
0
10
0
0
0
9
0
11
0
5
0
17
0
9
0
15
0
0
0
5
0
23
0
5
0
17
0
13
0
12
0
0
0
1
0
18
0
6
0
9
0
3
0
7
0
8
0
16
0
5
0
12
0
23
0
15
0
15
0
18
0
18
0
6
0
16
0
0
0
18
0
10
0
9
0
0
0
22
0
14
0
10
0
0
0
23
0
3
0
21
0
5
0
14
0
13
0
41
0
5
0
13
0
11
0
16
0
22
0
2
0
9
0
5
0
19
0
12
0
25
0
8
0
26
0
12
0
10
0
15
0
21
0
8
0
15
0
11
0
10
0
11
0
26
0
16
0
7
0
9
0
1
0
2
0
19
0
4
0
13
0
25
0
5
0
10
0
0
0
15
0
12
0
4
0
8
0
7
0
15
0
8
0
0
0
18
0
4
0
0
0
5
0
3
0
19
0
5
0
24
0
8
0
12
0
13
0
43
0
15
0
9
0
10
0
11
0
19
0
19
0
10
0
5
0
0
0
22
0
6
0
21
0
15
0
1
0
3
0
17
0
6
0
2
0
4
0
3
0
9
0
5
0
12
0
10
0
19
0
15
0
0
0
10
0
24
0
11
0
5
0
4
0
26
0
0
0
19
0
12
0
1
0
21
0
20
0
18
0
12
0
13
0
2
0
2
0
0
0
22
0
23
0
17
0
0
0
18
0
14
0
2
0
22
0
6
0
17
0
0
0
12
0
0
0
4
0
33
0
18
0
12
0
25
0
24
0
15
0
22
0
6
0
12
0
48
0
0
0
6
0
2
0
14
0
19
0
16
0
3
0
13
0
17
0
12
0
1
0
3
0
26
0
17
0
9
0
18
0
34
0
17
0
8
0
27
0
9
0
4
0
27
0
10
0
1
0
8
0
6
0
8
0
4
0
7
0
9
0
10
0
19
0
49
0
15
0
22
0
26
0
4
0
19
0
17
0
0
0
11
0
13
0
1
0
3
0
29
0
21
0
9
0
5
0
7
0
22
0
0
0
7
0
8
0
19
0
0
0
12
0
4
0
0
0
23
0
12
0
9
0
15
0
12
0
5
0
8
0
2
0
15
0
18
0
0
0
17
0
14
0
0
0
17
0
0
0
10
0
15
0
24
0
4
0
3
0
21
0
4
0
17
0
6
0
16
0
0
0
22
0
10
0
10
0
18
0
21
0
8
0
10
0
16
0
7
0
27
0
22
0
13
0
29
0
14
0
23
0
23
0
19
0
21
0
22
0
15
0
10
0
26
0
10
0
26
0
25
0
10
0
15
0
9
0
20
0
14
0
14
0
9
0
22
0
26
0
15
0
10
0
9
0
17
0
8
0
20
0
7
0
11
0
17
0
6
0
7
0
20
0
33
0
3
0
6
0
22
0
14
0
2
0
12
0
12
0
0
0
1
0
19
0
51
0
22
0
2
0
21
0
12
0
15
0
2
0
28
0
16
0
14
0
5
0
4
0
40
0
6
0
7
0
12
0
1
0
22
0
0
0
4
0
4
0
13
0
15
0
23
0
5
0
29
0
2
0
3
0
5
0
4
0
17
0
9
0
2
0
7
0
11
0
28
0
26
0
19
0
25
0
8
0
25
0
16
0
18
0
6
0
15
0
27
0
0
0
8
0
10
0
1
0
13
0
6
0
1
0
7
0
11
0
13
0
14
0
41
0
16
0
9
0
0
0
32
0
0
0
6
0
3
0
16
0
10
0
5
0
17
0
10
0
7
0
23
0
4
0
11
0
9
0
14
0
0
0
6
0
0
0
1
0
29
0
11
0
16
0
21
0
24
0
8
0
6
0
0
0
38
0
16
0
13
0
17
0
10
0
23
0
28
0
11
0
23
0
5
0
2
0
13
0
6
0
0
0
4
0
9
0
31
0
