0
5
0
7
0
7
0
0
0
5
0
0
0
27
0
14
0
5
0
17
0
1
0
5
0
10
0
11
0
18
0
16
0
18
0
1
0
8
0
7
0
13
0
11
0
0
0
12
0
0
0
13
0
12
0
9
0
9
0
19
0
6
0
16
0
10
0
14
0
1
0
3
0
0
0
21
0
27
0
3
0
22
0
0
0
16
0
11
0
6
0
13
0
3
0
19
0
19
0
21
0
0
0
6
0
7
0
24
0
17
0
14
0
14
0
40
0
23
0
17
0
24
0
19
0
42
0
6
0
28
0
6
0
25
0
4
0
7
0
1
0
7
0
0
0
10
0
2
0
9
0
1
0
1
0
10
0
6
0
21
0
7
0
5
0
24
0
17
0
16
0
19
0
17
0
25
0
15
0
11
0
14
0
0
0
0
0
7
0
10
0
10
0
13
0
14
0
24
0
11
0
2
0
21
0
10
0
10
0
36
0
9
0
11
0
3
0
10
0
2
0
30
0
29
0
16
0
12
0
2
0
12
0
11
0
15
0
26
0
4
0
4
0
0
0
9
0
1
0
19
0
15
0
7
0
2
0
15
0
10
0
30
0
9
0
7
0
10
0
0
0
0
0
14
0
26
0
15
0
1
0
2
0
0
0
17
0
4
0
24
0
44
0
6
0
3
0
0
0
4
0
1
0
13
0
3
0
7
0
15
0
7
0
5
0
11
0
17
0
15
0
23
0
23
0
10
0
17
0
20
0
6
0
7
0
16
0
14
0
9
0
24
0
9
0
0
0
25
0
14
0
12
0
15
0
2
0
4
0
6
0
23
0
14
0
19
0
0
0
21
0
7
0
4
0
0
0
28
0
1
0
0
0
7
0
14
0
18
0
4
0
6
0
6
0
2
0
12
0
5
0
6
0
17
0
12
0
22
0
23
0
5
0
28
0
14
0
23
0
30
0
2
0
4
0
1
0
20
0
9
0
47
0
15
0
10
0
1
0
4
0
2
0
5
0
24
0
12
0
22
0
16
0
11
0
0
0
4
0
0
0
33
0
18
0
9
0
18
0
12
0
25
0
8
0
6
0
8
0
16
0
18
0
0
0
13
0
13
0
3
0
23
0
6
0
12
0
8
0
27
0
0
0
10
0
0
0
34
0
28
0
10
0
0
0
0
0
15
0
20
0
6
0
19
0
14
0
2
0
10
0
17
0
22
0
17
0
16
0
10
0
15
0
6
0
21
0
0
0
19
0
0
0
7
0
36
0
14
0
20
0
20
0
8
0
13
0
16
0
2
0
18
0
14
0
0
0
20
0
1
0
0
0
4
0
10
0
0
0
22
0
16
0
21
0
8
0
17
0
12
0
28
0
6
0
1
0
13
0
13
0
0
0
19
0
0
0
8
0
1
0
13
0
19
0
12
0
25
0
0
0
26
0
4
0
20
0
20
0
22
0
36
0
23
0
22
0
10
0
4
0
0
0
8
0
11
0
5
0
3
0
12
0
9
0
7
0
13
0
4
0
25
0
5
0
9
0
11
0
3
0
10
0
0
0
17
0
10
0
5
0
22
0
33
0
35
0
20
0
18
0
15
0
17
0
20
0
9
0
20
0
16
0
12
0
14
0
27
0
7
0
17
0
2
0
30
0
4
0
4
0
7
0
19
0
1
0
0
0
9
0
18
0
20
0
4
0
8
0
9
0
5
0
16
0
12
0
36
0
0
0
22
0
0
0
20
0
0
0
31
0
14
0
29
0
4
0
18
0
14
0
18
0
22
0
7
0
18
0
0
0
13
0
5
0
8
0
27
0
4
0
25
0
5
0
6
0
6
0
13
0
12
0
9
0
14
0
19
0
5
0
21
0
15
0
15
0
7
0
28
0
9
0
6
0
17
0
7
0
1
0
23
0
15
0
10
0
5
0
5
0
29
0
3
0
6
0
0
0
20
0
3
0
12
0
13
0
5
0
8
0
7
0
0
0
7
0
15
0
31
0
15
0
5
0
0
0
17
0
0
0
7
0
8
0
8
0
12
0
20
0
3
0
32
0
2
0
5
0
16
0
9
0
9
0
6
0
18
0
19
0
0
0
0
0
8
0
15
0
9
0
45
0
35
0
6
0
14
0
13
0
1
0
0
0
30
0
3
0
13
0
19
0
5
0
26
0
16
0
14
0
11
0
14
0
18
0
11
0
0
0
10
0
2
0
24
0
20
0
0
0
17
0
24
0
2
0
16
0
8
0
17
0
7
0
18
0
22
0
9
0
