0
21
0
0
0
34
0
14
0
12
0
2
0
0
0
17
0
13
0
18
0
1
0
14
0
5
0
4
0
26
0
3
0
9
0
14
0
12
0
7
0
20
0
21
0
7
0
2
0
0
0
0
0
0
0
0
0
19
0
9
0
4
0
6
0
12
0
26
0
14
0
24
0
9
0
2
0
17
0
11
0
19
0
6
0
32
0
15
0
14
0
12
0
15
0
18
0
4
0
21
0
45
0
7
0
10
0
3
0
1
0
3
0
10
0
6
0
3
0
22
0
0
0
3
0
5
0
25
0
0
0
0
0
8
0
0
0
7
0
6
0
2
0
16
0
17
0
23
0
7
0
13
0
6
0
4
0
7
0
10
0
16
0
34
0
0
0
14
0
19
0
0
0
13
0
15
0
12
0
3
0
24
0
16
0
12
0
4
0
9
0
23
0
9
0
36
0
0
0
3
0
16
0
16
0
7
0
19
0
12
0
42
0
7
0
15
0
22
0
0
0
11
0
8
0
15
0
2
0
9
0
3
0
8
0
13
0
15
0
19
0
9
0
16
0
0
0
14
0
0
0
0
0
14
0
9
0
18
0
0
0
6
0
14
0
0
0
4
0
17
0
8
0
6
0
16
0
14
0
10
0
17
0
1
0
30
0
8
0
0
0
8
0
19
0
11
0
14
0
12
0
4
0
10
0
12
0
1
0
8
0
29
0
14
0
9
0
21
0
43
0
0
0
6
0
14
0
4
0
9
0
6
0
8
0
7
0
29
0
27
0
17
0
1
0
27
0
2
0
0
0
15
0
10
0
0
0
15
0
0
0
6
0
18
0
17
0
4
0
11
0
38
0
24
0
0
0
0
0
18
0
24
0
11
0
23
0
13
0
7
0
18
0
16
0
27
0
12
0
10
0
0
0
18
0
0
0
10
0
3
0
10
0
2
0
6
0
15
0
4
0
29
0
14
0
0
0
19
0
8
0
0
0
15
0
27
0
10
0
6
0
4
0
0
0
8
0
9
0
17
0
29
0
12
0
24
0
0
0
16
0
16
0
0
0
15
0
14
0
1
0
33
0
9
0
18
0
17
0
26
0
20
0
29
0
0
0
24
0
27
0
14
0
16
0
15
0
21
0
3
0
25
0
1
0
13
0
13
0
14
0
24
0
5
0
9
0
13
0
24
0
8
0
27
0
9
0
28
0
2
0
0
0
12
0
8
0
0
0
12
0
12
0
9
0
13
0
32
0
8
0
19
0
19
0
0
0
18
0
1
0
8
0
7
0
19
0
9
0
23
0
12
0
10
0
3
0
14
0
16
0
5
0
9
0
10
0
15
0
0
0
10
0
0
0
8
0
0
0
11
0
2
0
15
0
11
0
24
0
4
0
16
0
0
0
32
0
1
0
30
0
9
0
14
0
25
0
19
0
32
0
19
0
8
0
0
0
9
0
8
0
20
0
5
0
12
0
21
0
8
0
14
0
10
0
14
0
0
0
13
0
15
0
21
0
2
0
20
0
32
0
6
0
26
0
23
0
9
0
1
0
13
0
11
0
9
0
32
0
12
0
12
0
19
0
12
0
20
0
17
0
28
0
25
0
24
0
14
0
22
0
2
0
16
0
5
0
18
0
13
0
27
0
0
0
1
0
4
0
2
0
0
0
2
0
11
0
3
0
14
0
35
0
14
0
12
0
0
0
9
0
15
0
1
0
17
0
4
0
21
0
2
0
29
0
6
0
10
0
0
0
9
0
27
0
11
0
22
0
4
0
15
0
5
0
3
0
2
0
18
0
0
0
19
0
20
0
41
0
27
0
0
0
20
0
11
0
9
0
44
0
18
0
16
0
0
0
33
0
0
0
7
0
12
0
11
0
30
0
7
0
6
0
27
0
5
0
4
0
12
0
6
0
0
0
1
0
0
0
0
0
12
0
29
0
24
0
5
0
8
0
21
0
8
0
5
0
20
0
20
0
5
0
2
0
26
0
10
0
14
0
0
0
0
0
33
0
16
0
7
0
8
0
6
0
11
0
15
0
2
0
3
0
12
0
10
0
0
0
6
0
17
0
9
0
10
0
23
0
4
0
5
0
14
0
7
0
6
0
9
0
8
0
18
0
16
0
24
0
8
0
17
0
7
0
10
0
18
0
1
0
15
0
11
0
9
0
3
0
10
0
1
0
277
0
0
0
8
0
2
0
18
0
7
0
12
0
1
0
24
0
1
0
5
0
20
0
22
0
6
0
1
0
12
0
0
0
28
0
14
0
