0
0
0
18
0
18
0
32
0
18
0
8
0
18
0
18
0
14
0
4
0
5
0
6
0
0
0
0
0
4
0
14
0
6
0
20
0
20
0
13
0
3
0
9
0
12
0
5
0
14
0
2
0
21
0
13
0
15
0
8
0
25
0
18
0
6
0
6
0
19
0
5
0
0
0
15
0
7
0
7
0
5
0
3
0
24
0
9
0
17
0
34
0
4
0
0
0
21
0
4
0
0
0
9
0
7
0
20
0
0
0
0
0
30
0
4
0
13
0
22
0
0
0
9
0
44
0
14
0
4
0
2
0
13
0
14
0
2
0
18
0
0
0
13
0
13
0
10
0
10
0
17
0
1
0
29
0
12
0
28
0
6
0
37
0
4
0
16
0
12
0
4
0
4
0
26
0
21
0
8
0
9
0
5
0
4
0
6
0
1
0
18
0
6
0
16
0
9
0
12
0
25
0
11
0
14
0
0
0
1
0
0
0
14
0
6
0
24
0
3
0
8
0
23
0
22
0
26
0
4
0
19
0
0
0
17
0
9
0
12
0
6
0
0
0
13
0
11
0
12
0
2
0
20
0
5
0
10
0
7
0
0
0
10
0
0
0
0
0
30
0
4
0
8
0
8
0
15
0
14
0
0
0
21
0
11
0
8
0
9
0
5
0
4
0
14
0
12
0
11
0
15
0
15
0
13
0
8
0
7
0
7
0
0
0
2
0
21
0
4
0
14
0
36
0
22
0
17
0
12
0
8
0
8
0
8
0
0
0
0
0
34
0
0
0
11
0
0
0
11
0
11
0
5
0
13
0
28
0
36
0
26
0
6
0
22
0
13
0
10
0
9
0
8
0
26
0
13
0
15
0
5
0
3
0
16
0
11
0
15
0
0
0
6
0
27
0
22
0
0
0
21
0
12
0
11
0
25
0
17
0
1
0
0
0
6
0
11
0
4
0
34
0
26
0
10
0
16
0
20
0
9
0
0
0
10
0
6
0
5
0
32
0
33
0
22
0
5
0
28
0
10
0
24
0
32
0
0
0
11
0
18
0
14
0
3
0
9
0
2
0
2
0
19
0
16
0
18
0
15
0
0
0
0
0
9
0
9
0
37
0
6
0
26
0
16
0
4
0
21
0
20
0
16
0
19
0
16
0
18
0
39
0
15
0
16
0
8
0
10
0
23
0
12
0
12
0
11
0
24
0
5
0
14
0
8
0
8
0
9
0
17
0
14
0
13
0
8
0
15
0
21
0
23
0
19
0
13
0
1
0
28
0
15
0
10
0
7
0
0
0
20
0
19
0
1
0
15
0
12
0
10
0
15
0
18
0
17
0
14
0
15
0
5
0
24
0
9
0
5
0
22
0
4
0
21
0
19
0
18
0
19
0
7
0
18
0
9
0
31
0
0
0
14
0
14
0
14
0
5
0
27
0
8
0
0
0
20
0
19
0
0
0
2
0
0
0
27
0
1
0
13
0
19
0
14
0
19
0
10
0
4
0
27
0
8
0
0
0
0
0
6
0
7
0
0
0
15
0
15
0
10
0
3
0
22
0
12
0
6
0
11
0
11
0
10
0
7
0
10
0
16
0
7
0
8
0
32
0
6
0
24
0
4
0
17
0
11
0
16
0
22
0
17
0
8
0
10
0
4
0
7
0
8
0
0
0
7
0
7
0
10
0
6
0
13
0
12
0
47
0
1
0
13
0
26
0
0
0
12
0
8
0
5
0
15
0
7
0
4
0
22
0
0
0
30
0
8
0
12
0
5
0
0
0
12
0
1
0
5
0
24
0
1
0
20
0
0
0
5
0
0
0
15
0
11
0
14
0
2
0
5
0
2
0
2
0
9
0
10
0
0
0
3
0
5
0
14
0
32
0
19
0
5
0
5
0
10
0
11
0
1
0
15
0
21
0
11
0
12
0
7
0
3
0
11
0
10
0
9
0
3
0
0
0
35
0
10
0
8
0
21
0
28
0
16
0
23
0
0
0
5
0
16
0
16
0
7
0
0
0
2
0
19
0
3
0
18
0
21
0
5
0
17
0
16
0
12
0
8
0
6
0
8
0
26
0
16
0
4
0
0
0
8
0
20
0
5
0
1
0
8
0
18
0
9
0
15
0
28
0
14
0
12
0
3
0
10
0
17
0
16
0
0
0
27
0
19
0
11
0
30
0
26
0
23
0
5
0
8
0
14
0
9
0
0
0
17
0
12
0
0
0
4
0
11
0
27
0
12
0
7
0
15
0
0
0
34
0
7
0
