0
15
0
19
0
10
0
6
0
18
0
3
0
25
0
25
0
42
0
20
0
15
0
0
0
20
0
15
0
26
0
7
0
4
0
0
0
6
0
18
0
14
0
42
0
3
0
19
0
4
0
14
0
24
0
13
0
0
0
12
0
4
0
0
0
20
0
1
0
11
0
12
0
5
0
1
0
23
0
1
0
16
0
5
0
26
0
6
0
11
0
25
0
19
0
16
0
0
0
6
0
16
0
10
0
23
0
12
0
5
0
9
0
17
0
23
0
16
0
14
0
0
0
22
0
6
0
4
0
1
0
8
0
13
0
11
0
9
0
6
0
15
0
22
0
10
0
0
0
10
0
4
0
19
0
10
0
0
0
16
0
14
0
23
0
11
0
20
0
4
0
27
0
1
0
2
0
20
0
2
0
0
0
13
0
36
0
1
0
36
0
0
0
8
0
0
0
5
0
11
0
7
0
10
0
31
0
15
0
23
0
0
0
0
0
11
0
16
0
23
0
6
0
18
0
0
0
19
0
14
0
5
0
18
0
7
0
13
0
22
0
36
0
4
0
11
0
4
0
0
0
0
0
9
0
12
0
14
0
16
0
23
0
19
0
4
0
0
0
4
0
24
0
1
0
5
0
5
0
14
0
10
0
7
0
10
0
13
0
10
0
19
0
1
0
9
0
1
0
36
0
8
0
8
0
28
0
34
0
7
0
19
0
15
0
14
0
2
0
4
0
7
0
12
0
15
0
7
0
37
0
10
0
14
0
21
0
5
0
0
0
3
0
15
0
11
0
21
0
27
0
18
0
13
0
0
0
10
0
13
0
13
0
17
0
9
0
20
0
9
0
17
0
0
0
0
0
9
0
20
0
5
0
29
0
21
0
17
0
35
0
6
0
23
0
1
0
25
0
8
0
10
0
16
0
6
0
7
0
0
0
14
0
16
0
17
0
14
0
13
0
9
0
0
0
13
0
4
0
25
0
3
0
12
0
25
0
23
0
5
0
4
0
8
0
12
0
4
0
3
0
25
0
4
0
9
0
11
0
20
0
4
0
8
0
5
0
9
0
8
0
9
0
32
0
5
0
10
0
11
0
12
0
4
0
1
0
22
0
21
0
40
0
1
0
2
0
25
0
14
0
5
0
26
0
1
0
17
0
12
0
5
0
21
0
8
0
21
0
8
0
16
0
11
0
0
0
9
0
0
0
32
0
8
0
20
0
13
0
1
0
16
0
12
0
19
0
16
0
2
0
16
0
11
0
14
0
18
0
1
0
10
0
6
0
0
0
7
0
12
0
13
0
2
0
9
0
12
0
15
0
0
0
4
0
10
0
22
0
8
0
13
0
17
0
0
0
33
0
15
0
20
0
0
0
24
0
17
0
7
0
7
0
12
0
26
0
19
0
14
0
5
0
26
0
14
0
6
0
0
0
18
0
19
0
12
0
5
0
11
0
4
0
7
0
16
0
12
0
10
0
20
0
29
0
16
0
7
0
16
0
3
0
4
0
9
0
14
0
17
0
1
0
17
0
8
0
4
0
24
0
24
0
9
0
5
0
10
0
22
0
13
0
17
0
16
0
2
0
10
0
27
0
0
0
9
0
21
0
10
0
15
0
10
0
17
0
42
0
8
0
6
0
8
0
21
0
0
0
40
0
8
0
7
0
13
0
6
0
16
0
0
0
17
0
19
0
24
0
3
0
7
0
11
0
29
0
7
0
10
0
14
0
32
0
13
0
26
0
13
0
6
0
30
0
34
0
5
0
16
0
0
0
3
0
26
0
15
0
24
0
4
0
14
0
7
0
23
0
12
0
8
0
16
0
20
0
0
0
16
0
15
0
6
0
15
0
10
0
13
0
8
0
17
0
22
0
11
0
4
0
4
0
20
0
4
0
55
0
8
0
12
0
0
0
3
0
28
0
0
0
3
0
4
0
0
0
15
0
0
0
11
0
18
0
7
0
36
0
14
0
6
0
20
0
23
0
8
0
23
0
13
0
4
0
20
0
27
0
5
0
7
0
11
0
30
0
2
0
25
0
9
0
0
0
12
0
10
0
4
0
12
0
11
0
29
0
5
0
34
0
11
0
0
0
8
0
14
0
21
0
13
0
1
0
0
0
16
0
11
0
1
0
32
0
21
0
14
0
1
0
18
0
28
0
38
0
30
0
15
0
37
0
6
0
38
0
10
0
7
0
3
0
22
0
12
0
7
0
8
0
28
0
26
0
0
0
9
0
5
0
9
0
8
0
20
0
17
0
11
0
