3338
0
17
0
10
0
23
0
33
0
0
0
18
0
13
0
14
0
2
0
10
0
7
0
28
0
0
0
6
0
0
0
11
0
14
0
13
0
8
0
12
0
12
0
0
0
0
0
3
0
14
0
10
0
21
0
5
0
8
0
0
0
36
0
19
0
21
0
13
0
4
0
3
0
23
0
5
0
14
0
6
0
20
0
0
0
0
0
25
0
27
0
12
0
11
0
16
0
0
0
24
0
27
0
7
0
0
0
6
0
6
0
19
0
1
0
11
0
0
0
9
0
0
0
0
0
16
0
9
0
27
0
8
0
28
0
21
0
16
0
12
0
21
0
15
0
7
0
11
0
15
0
5
0
14
0
14
0
8
0
6
0
8
0
13
0
14
0
7
0
6
0
7
0
17
0
27
0
19
0
28
0
12
0
21
0
0
0
12
0
21
0
32
0
10
0
18
0
16
0
3
0
28
0
21
0
14
0
27
0
9
0
26
0
10
0
10
0
0
0
0
0
11
0
14
0
0
0
46
0
22
0
4
0
19
0
7
0
7
0
2
0
18
0
0
0
6
0
20
0
7
0
12
0
4
0
3
0
11
0
16
0
0
0
0
0
0
0
0
0
15
0
13
0
23
0
17
0
1
0
12
0
0
0
8
0
8
0
8
0
4
0
2
0
4
0
12
0
13
0
12
0
3
0
4
0
13
0
13
0
15
0
24
0
7
0
31
0
8
0
16
0
17
0
13
0
17
0
29
0
0
0
25
0
6
0
6
0
7
0
0
0
8
0
11
0
0
0
0
0
8
0
6
0
9
0
17
0
25
0
4
0
0
0
6
0
0
0
9
0
0
0
18
0
16
0
47
0
44
0
12
0
19
0
10
0
11
0
0
0
14
0
31
0
0
0
15
0
0
0
18
0
13
0
5
0
37
0
0
0
17
0
0
0
11
0
8
0
18
0
0
0
9
0
22
0
4
0
44
0
1
0
10
0
12
0
19
0
43
0
0
0
14
0
17
0
12
0
0
0
20
0
7
0
11
0
14
0
0
0
13
0
6
0
5
0
16
0
11
0
11
0
8
0
0
0
19
0
6
0
4
0
9
0
9
0
16
0
7
0
0
0
37
0
21
0
36
0
15
0
21
0
0
0
18
0
2
0
10
0
24
0
15
0
9
0
0
0
16
0
10
0
11
0
9
0
0
0
16
0
11
0
21
0
3
0
5
0
13
0
22
0
0
0
17
0
7
0
12
0
4
0
24
0
32
0
30
0
6
0
25
0
0
0
7
0
0
0
0
0
32
0
0
0
3
0
9
0
22
0
10
0
19
0
0
0
9
0
0
0
15
0
0
0
26
0
0
0
0
0
11
0
15
0
4
0
15
0
9
0
6
0
16
0
9
0
24
0
18
0
6
0
0
0
1
0
11
0
10
0
16
0
4
0
27
0
11
0
3
0
10
0
20
0
6
0
6
0
30
0
27
0
2
0
11
0
18
0
14
0
6
0
10
0
8
0
18
0
9
0
8
0
13
0
20
0
16
0
0
0
8
0
3
0
0
0
22
0
37
0
0
0
9
0
50
0
21
0
19
0
23
0
0
0
21
0
0
0
7
0
4
0
14
0
0
0
3
0
9
0
23
0
2
0
17
0
14
0
0
0
16
0
13
0
13
0
0
0
0
0
26
0
16
0
14
0
10
0
31
0
15
0
17
0
11
0
3
0
15
0
15
0
3
0
10
0
17
0
14
0
20
0
0
0
11
0
14
0
8
0
1
0
23
0
1
0
29
0
15
0
0
0
12
0
19
0
2
0
20
0
22
0
6
0
2
0
3
0
10
0
0
0
19
0
32
0
9
0
0
0
2
0
0
0
23
0
12
0
2
0
13
0
3
0
5
0
0
0
10
0
11
0
14
0
29
0
0
0
22
0
12
0
22
0
0
0
0
0
10
0
10
0
11
0
15
0
6
0
22
0
0
0
3
0
12
0
13
0
11
0
21
0
0
0
13
0
0
0
4
0
15
0
22
0
29
0
11
0
15
0
3
0
10
0
14
0
5
0
22
0
22
0
14
0
16
0
24
0
1
0
21
0
29
0
15
0
10
0
15
0
17
0
26
0
5
0
0
0
20
0
15
0
32
0
10
0
1
0
22
0
47
0
20
0
10
0
21
0
286
0
264
0
6
0
64
0
11
0
24
0
2
0
17
0
12
0
18
0
4
0
5
0
2
0
14
0
14
0
13
0
10
0
10
0
11
0
17
0
11
0
8
