0
14
0
23
0
11
0
9
0
2
0
15
0
11
0
1
0
10
0
25
0
20
0
0
0
25
0
27
0
19
0
29
0
14
0
33
0
15
0
5
0
14
0
27
0
24
0
26
0
3
0
6
0
5
0
9
0
20
0
2
0
17
0
0
0
33
0
30
0
8
0
0
0
12
0
4
0
8
0
4
0
2
0
6
0
0
0
13
0
5
0
0
0
0
0
6
0
9
0
0
0
0
0
7
0
4
0
1
0
6
0
15
0
8
0
25
0
19
0
11
0
18
0
11
0
20
0
1
0
10
0
17
0
14
0
19
0
7
0
8
0
8
0
34
0
5
0
17
0
13
0
9
0
9
0
17
0
21
0
1
0
23
0
13
0
0
0
4
0
11
0
2
0
10
0
10
0
8
0
1
0
7
0
26
0
3
0
11
0
16
0
0
0
0
0
8
0
1
0
0
0
15
0
0
0
16
0
1
0
9
0
7
0
12
0
27
0
0
0
23
0
5
0
6
0
4
0
10
0
0
0
13
0
1
0
0
0
9
0
1
0
10
0
22
0
0
0
9
0
36
0
14
0
22
0
34
0
30
0
4
0
0
0
16
0
6
0
5
0
0
0
8
0
4
0
2
0
9
0
8
0
17
0
13
0
8
0
0
0
8
0
30
0
10
0
3
0
15
0
29
0
14
0
6
0
8
0
0
0
12
0
11
0
5
0
14
0
10
0
0
0
12
0
0
0
6
0
14
0
25
0
14
0
10
0
3
0
0
0
11
0
31
0
12
0
3
0
0
0
2
0
0
0
13
0
2
0
4
0
24
0
28
0
4
0
3
0
20
0
8
0
16
0
5
0
34
0
6
0
6
0
14
0
9
0
6
0
10
0
18
0
12
0
18
0
1
0
25
0
10
0
28
0
6
0
14
0
12
0
20
0
5
0
12
0
31
0
18
0
0
0
19
0
9
0
0
0
16
0
3
0
8
0
23
0
14
0
10
0
0
0
0
0
5
0
0
0
6
0
21
0
0
0
6
0
14
0
0
0
22
0
0
0
25
0
9
0
8
0
17
0
0
0
18
0
13
0
12
0
0
0
0
0
1
0
14
0
4
0
31
0
15
0
10
0
0
0
27
0
11
0
6
0
7
0
2
0
27
0
0
0
4
0
5
0
14
0
16
0
0
0
1
0
14
0
13
0
12
0
8
0
18
0
7
0
21
0
10
0
15
0
10
0
0
0
5
0
6
0
27
0
16
0
3
0
14
0
20
0
25
0
5
0
3
0
9
0
0
0
3
0
23
0
23
0
4
0
25
0
17
0
4
0
10
0
21
0
0
0
7
0
3
0
13
0
3
0
0
0
10
0
17
0
16
0
0
0
6
0
40
0
28
0
14
0
7
0
0
0
3
0
18
0
6
0
18
0
9
0
13
0
6
0
12
0
20
0
8
0
21
0
1
0
0
0
4
0
0
0
8
0
22
0
8
0
27
0
4
0
0
0
5
0
22
0
11
0
0
0
5
0
0
0
0
0
24
0
13
0
6
0
9
0
11
0
16
0
34
0
8
0
26
0
13
0
21
0
10
0
7
0
16
0
3
0
18
0
12
0
0
0
5
0
13
0
9
0
0
0
28
0
3
0
0
0
6
0
11
0
2
0
4
0
7
0
13
0
3
0
18
0
32
0
0
0
18
0
18
0
14
0
8
0
11
0
14
0
28
0
20
0
8
0
15
0
19
0
23
0
28
0
0
0
14
0
0
0
13
0
6
0
4
0
8
0
7
0
10
0
23
0
28
0
5
0
1
0
14
0
12
0
17
0
4
0
5
0
10
0
0
0
3
0
4
0
18
0
35
0
21
0
22
0
28
0
11
0
3
0
8
0
16
0
11
0
0
0
9
0
20
0
7
0
2
0
6
0
3
0
40
0
13
0
17
0
63
0
10
0
17
0
5
0
12
0
1
0
5
0
0
0
19
0
11
0
9
0
7
0
0
0
2
0
0
0
6
0
19
0
6
0
10
0
2
0
5
0
12
0
14
0
12
0
7
0
12
0
0
0
0
0
5
0
11
0
0
0
5
0
0
0
9
0
13
0
1
0
33
0
13
0
12
0
19
0
12
0
0
0
15
0
28
0
28
0
10
0
0
0
8
0
18
0
4
0
2
0
8
0
34
0
22
0
14
0
29
0
24
0
8
0
8
0
0
0
3
0
11
0
4
0
6
0
14
0
18
0
24
0
0
0
29
0
2
0
9
0
21
0
26
0
