0
9
0
7
0
39
0
0
0
0
0
2
0
0
0
10
0
14
0
5
0
8
0
9
0
0
0
24
0
3
0
17
0
14
0
6
0
18
0
16
0
17
0
12
0
7
0
16
0
28
0
0
0
17
0
9
0
5
0
22
0
14
0
18
0
30
0
37
0
11
0
22
0
15
0
10
0
3
0
34
0
13
0
4
0
0
0
21
0
0
0
26
0
9
0
9
0
26
0
20
0
11
0
18
0
5
0
0
0
7
0
22
0
9
0
7
0
0
0
10
0
17
0
30
0
10
0
18
0
1
0
9
0
26
0
17
0
2
0
21
0
7
0
6
0
0
0
14
0
10
0
3
0
12
0
1
0
0
0
24
0
38
0
8
0
8
0
26
0
42
0
6
0
26
0
20
0
0
0
33
0
1
0
6
0
29
0
11
0
18
0
0
0
16
0
3
0
23
0
7
0
8
0
6
0
0
0
27
0
14
0
11
0
32
0
6
0
22
0
16
0
36
0
17
0
11
0
13
0
11
0
15
0
19
0
2
0
5
0
14
0
26
0
13
0
33
0
6
0
34
0
5
0
26
0
14
0
6
0
5
0
1
0
16
0
5
0
12
0
12
0
8
0
6
0
23
0
8
0
5
0
27
0
35
0
8
0
12
0
21
0
12
0
13
0
15
0
35
0
3
0
13
0
23
0
6
0
22
0
18
0
0
0
10
0
0
0
20
0
10
0
0
0
31
0
5
0
15
0
11
0
9
0
1
0
8
0
0
0
13
0
9
0
7
0
1
0
2
0
12
0
4
0
16
0
2
0
17
0
2
0
4
0
20
0
0
0
29
0
11
0
8
0
0
0
4
0
18
0
16
0
7
0
4
0
6
0
3
0
12
0
34
0
17
0
23
0
8
0
16
0
10
0
22
0
0
0
15
0
8
0
11
0
0
0
19
0
15
0
0
0
11
0
36
0
15
0
0
0
3
0
10
0
15
0
6
0
11
0
25
0
0
0
10
0
1
0
9
0
4
0
24
0
0
0
12
0
0
0
25
0
36
0
10
0
12
0
0
0
11
0
17
0
18
0
10
0
9
0
14
0
15
0
0
0
26
0
13
0
10
0
3
0
11
0
15
0
11
0
8
0
32
0
20
0
10
0
0
0
5
0
9
0
27
0
28
0
8
0
10
0
23
0
9
0
38
0
8
0
16
0
12
0
0
0
4
0
4
0
13
0
3
0
18
0
16
0
2
0
12
0
14
0
7
0
1
0
9
0
20
0
0
0
19
0
32
0
7
0
9
0
0
0
5
0
8
0
52
0
23
0
6
0
1
0
6
0
4
0
4
0
7
0
11
0
18
0
0
0
8
0
16
0
18
0
42
0
17
0
21
0
15
0
8
0
19
0
14
0
7
0
9
0
17
0
20
0
11
0
14
0
10
0
0
0
8
0
22
0
6
0
0
0
15
0
17
0
0
0
12
0
19
0
12
0
12
0
5
0
15
0
14
0
8
0
30
0
4
0
26
0
0
0
0
0
20
0
14
0
0
0
8
0
9
0
30
0
12
0
14
0
16
0
14
0
0
0
17
0
0
0
17
0
3
0
32
0
12
0
18
0
9
0
11
0
12
0
17
0
29
0
12
0
14
0
9
0
18
0
18
0
19
0
33
0
15
0
15
0
7
0
13
0
6
0
18
0
6
0
17
0
12
0
0
0
22
0
24
0
12
0
0
0
18
0
25
0
10
0
21
0
11
0
25
0
4
0
2
0
12
0
6
0
8
0
3
0
21
0
26
0
25
0
13
0
29
0
34
0
0
0
10
0
13
0
2
0
16
0
12
0
17
0
3
0
12
0
2
0
17
0
16
0
0
0
16
0
7
0
0
0
19
0
18
0
7
0
15
0
0
0
25
0
0
0
35
0
6
0
8
0
3
0
12
0
14
0
0
0
28
0
0
0
25
0
14
0
0
0
11
0
0
0
18
0
5
0
5
0
4
0
18
0
28
0
6
0
3
0
1
0
13
0
21
0
17
0
23
0
26
0
4
0
16
0
28
0
20
0
26
0
18
0
15
0
16
0
8
0
19
0
2
0
9
0
25
0
29
0
11
0
1
0
10
0
5
0
0
0
4
0
13
0
25
0
15
0
28
0
19
0
5
0
0
0
21
0
0
0
34
0
10
0
3
0
25
0
4
0
0
0
12
0
0
0
19
0
20
0
10
0
18
0
26
0
12
0
12
0
17
0
6
0
11
0
1
0
5
0
4
0
