0
35
0
12
0
7
0
15
0
4
0
0
0
14
0
26
0
0
0
13
0
33
0
10
0
0
0
12
0
4
0
0
0
8
0
24
0
9
0
20
0
5
0
0
0
4
0
22
0
6
0
0
0
16
0
11
0
7
0
4
0
0
0
0
0
21
0
19
0
22
0
0
0
9
0
2
0
11
0
32
0
5
0
20
0
16
0
10
0
0
0
38
0
8
0
4
0
1
0
11
0
14
0
13
0
15
0
36
0
0
0
6
0
4
0
3
0
9
0
28
0
23
0
12
0
9
0
19
0
28
0
8
0
16
0
16
0
24
0
5
0
9
0
9
0
22
0
20
0
8
0
12
0
25
0
9
0
0
0
22
0
12
0
11
0
7
0
27
0
20
0
0
0
0
0
13
0
16
0
16
0
1
0
51
0
9
0
5
0
0
0
3
0
17
0
13
0
1
0
7
0
31
0
11
0
11
0
18
0
32
0
6
0
12
0
6
0
11
0
14
0
7
0
18
0
13
0
33
0
29
0
3
0
0
0
4
0
10
0
18
0
0
0
28
0
2
0
44
0
30
0
12
0
18
0
2
0
6
0
35
0
26
0
20
0
0
0
17
0
0
0
7
0
29
0
18
0
12
0
26
0
4
0
0
0
13
0
17
0
14
0
0
0
25
0
0
0
3
0
0
0
18
0
11
0
1
0
8
0
13
0
11
0
5
0
0
0
14
0
3
0
22
0
13
0
1
0
0
0
6
0
10
0
0
0
3
0
0
0
3
0
9
0
6
0
17
0
19
0
0
0
17
0
0
0
5
0
8
0
11
0
16
0
3
0
11
0
2
0
19
0
0
0
14
0
15
0
12
0
21
0
20
0
7
0
33
0
16
0
5
0
15
0
25
0
16
0
0
0
1
0
0
0
26
0
15
0
0
0
9
0
2
0
0
0
22
0
8
0
15
0
19
0
6
0
2
0
14
0
4
0
0
0
9
0
1
0
6
0
0
0
18
0
0
0
15
0
8
0
10
0
11
0
22
0
12
0
22
0
15
0
0
0
13
0
3
0
3
0
4
0
0
0
8
0
25
0
17
0
21
0
25
0
3
0
17
0
19
0
8
0
31
0
48
0
34
0
19
0
0
0
18
0
2
0
6
0
10
0
5
0
10
0
6
0
11
0
6
0
14
0
11
0
11
0
7
0
6
0
15
0
5
0
24
0
3
0
15
0
4
0
0
0
0
0
5
0
19
0
6
0
14
0
0
0
5
0
28
0
6
0
13
0
14
0
4
0
9
0
27
0
1
0
20
0
0
0
9
0
14
0
14
0
15
0
0
0
16
0
5
0
1
0
19
0
25
0
0
0
11
0
17
0
16
0
26
0
9
0
9
0
5
0
27
0
28
0
8
0
19
0
8
0
5
0
10
0
0
0
4
0
16
0
22
0
12
0
16
0
10
0
15
0
11
0
9
0
6
0
34
0
5
0
12
0
7
0
2
0
19
0
34
0
0
0
4
0
23
0
34
0
0
0
8
0
15
0
0
0
12
0
18
0
12
0
17
0
0
0
15
0
17
0
19
0
3
0
0
0
13
0
11
0
7
0
11
0
3
0
22
0
10
0
13
0
0
0
7
0
7
0
8
0
0
0
12
0
5
0
6
0
15
0
0
0
0
0
19
0
4
0
8
0
21
0
19
0
17
0
20
0
14
0
0
0
6
0
24
0
19
0
34
0
0
0
0
0
4
0
0
0
12
0
16
0
5
0
13
0
35
0
3
0
10
0
0
0
4
0
13
0
25
0
17
0
7
0
4
0
30
0
31
0
7
0
17
0
31
0
36
0
15
0
22
0
12
0
22
0
12
0
16
0
19
0
7
0
14
0
5
0
12
0
2
0
14
0
9
0
0
0
4
0
15
0
9
0
10
0
4
0
1
0
11
0
14
0
20
0
3
0
19
0
11
0
5
0
10
0
7
0
0
0
23
0
4
0
29
0
24
0
11
0
12
0
21
0
0
0
8
0
0
0
28
0
31
0
0
0
22
0
24
0
9
0
39
0
10
0
0
0
9
0
21
0
27
0
0
0
10
0
0
0
0
0
6
0
5
0
11
0
12
0
5
0
3
0
31
0
7
0
5
0
4
0
11
0
24
0
0
0
10
0
18
0
2
0
0
0
9
0
12
0
122
0
5
0
19
0
18
0
17
0
8
0
0
0
6
0
12
0
20
0
32
0
7
0
12
0
5
0
38
0
25
0
5
0
15
0
0
0
