0
19
0
7
0
24
0
1
0
8
0
4
0
23
0
37
0
0
0
14
0
1
0
9
0
37
0
13
0
26
0
20
0
8
0
0
0
6
0
3
0
8
0
19
0
19
0
21
0
24
0
15
0
12
0
0
0
19
0
10
0
21
0
27
0
10
0
34
0
43
0
26
0
2
0
30
0
37
0
0
0
0
0
2
0
2
0
0
0
12
0
11
0
20
0
11
0
35
0
0
0
19
0
16
0
1
0
19
0
19
0
0
0
5
0
3
0
8
0
8
0
14
0
6
0
5
0
9
0
17
0
9
0
24
0
7
0
14
0
30
0
18
0
16
0
20
0
11
0
18
0
15
0
12
0
34
0
8
0
1
0
25
0
10
0
18
0
0
0
19
0
4
0
0
0
11
0
5
0
0
0
18
0
30
0
6
0
9
0
7
0
14
0
0
0
0
0
27
0
16
0
25
0
6
0
14
0
21
0
19
0
26
0
3
0
7
0
4
0
7
0
4
0
0
0
6
0
4
0
22
0
9
0
19
0
3
0
3
0
13
0
20
0
19
0
1
0
9
0
9
0
16
0
17
0
7
0
4
0
6
0
17
0
10
0
8
0
17
0
2
0
13
0
13
0
22
0
13
0
22
0
17
0
6
0
12
0
0
0
17
0
11
0
35
0
8
0
0
0
24
0
15
0
13
0
4
0
9
0
3
0
4
0
10
0
41
0
4
0
1
0
15
0
12
0
1
0
7
0
18
0
12
0
8
0
17
0
17
0
0
0
25
0
3
0
13
0
3
0
18
0
3
0
6
0
0
0
12
0
7
0
13
0
7
0
12
0
21
0
7
0
1
0
21
0
0
0
38
0
20
0
17
0
14
0
11
0
0
0
9
0
6
0
18
0
28
0
1
0
0
0
3
0
18
0
13
0
9
0
3
0
13
0
0
0
6
0
3
0
2
0
30
0
7
0
23
0
14
0
25
0
32
0
18
0
12
0
24
0
23
0
13
0
8
0
8
0
22
0
4
0
0
0
8
0
17
0
32
0
22
0
52
0
7
0
32
0
8
0
17
0
14
0
2
0
52
0
8
0
24
0
8
0
17
0
20
0
16
0
25
0
11
0
33
0
6
0
0
0
13
0
19
0
16
0
14
0
20
0
25
0
8
0
0
0
19
0
3
0
14
0
0
0
6
0
15
0
2
0
0
0
23
0
0
0
0
0
6
0
1
0
10
0
24
0
0
0
6
0
20
0
4
0
7
0
20
0
11
0
20
0
8
0
11
0
16
0
11
0
5
0
13
0
4
0
19
0
0
0
26
0
20
0
6
0
17
0
8
0
16
0
3
0
18
0
12
0
0
0
11
0
16
0
25
0
18
0
14
0
21
0
0
0
26
0
18
0
10
0
13
0
16
0
12
0
13
0
16
0
17
0
30
0
32
0
13
0
10
0
14
0
0
0
16
0
14
0
15
0
19
0
13
0
6
0
18
0
2
0
6
0
19
0
4
0
5
0
3
0
17
0
0
0
3
0
1
0
5
0
13
0
15
0
18
0
5
0
9
0
35
0
27
0
7
0
9
0
13
0
6
0
17
0
6
0
4
0
8
0
20
0
20
0
14
0
7
0
18
0
16
0
36
0
15
0
8
0
35
0
28
0
0
0
11
0
4
0
12
0
29
0
7
0
17
0
11
0
4
0
5
0
4
0
0
0
21
0
0
0
2
0
7
0
0
0
23
0
6
0
15
0
1
0
19
0
7
0
18
0
9
0
0
0
22
0
14
0
30
0
7
0
10
0
2
0
0
0
18
0
1
0
10
0
33
0
22
0
9
0
20
0
8
0
22
0
19
0
16
0
0
0
9
0
20
0
16
0
15
0
9
0
0
0
9
0
13
0
0
0
29
0
10
0
19
0
2
0
14
0
21
0
16
0
15
0
22
0
5
0
24
0
8
0
0
0
2
0
0
0
16
0
40
0
9
0
17
0
4
0
10
0
13
0
20
0
0
0
18
0
15
0
28
0
33
0
15
0
6
0
6
0
10
0
0
0
2
0
0
0
16
0
18
0
16
0
15
0
14
0
12
0
10
0
0
0
21
0
16
0
21
0
11
0
14
0
12
0
5
0
8
0
12
0
28
0
5
0
5
0
9
0
0
0
13
0
25
0
8
0
21
0
7
0
551
0
128
0
9
0
20
0
5
0
12
0
6
0
6
0
4
0
23
0
2
0
9
0
22
0
34
0
0
0
8
0
3
0
9
0
1
0
