0
10
0
1
0
0
0
5
0
0
0
2
0
0
0
4
0
0
0
4
0
0
0
9
0
6
0
3
0
4
0
0
0
8
0
1
0
0
0
6
0
0
0
0
0
17
0
0
0
6
0
4
0
0
0
0
0
3
0
0
0
5
0
0
0
4
0
0
0
54
0
111
47
346
345
343
353
365
324
391
350
395
276
365
277
335
340
340
245
463
464
466
161
467
100
192
95
199
153
258
266
231
151
213
123
186
0
157
0
0
0
9
0
16
0
0
0
9
0
2
0
9
0
4
0
0
0
7
0
4
0
5
0
0
0
0
0
0
0
3
0
0
0
4
0
0
0
0
0
9
0
1
0
6
0
4
0
4
0
0
0
10
0
3
0
0
0
8
0
0
0
1
0
10
0
4
0
0
0
4
0
0
0
6
0
4
0
9
0
5
0
0
0
4
0
1
0
0
0
0
0
7
0
0
0
0
0
0
0
0
0
4
0
0
0
12
0
0
0
7
0
1
0
4
0
1
0
0
0
5
0
0
0
1
0
0
0
14
0
9
0
3
0
7
0
3
0
0
0
0
0
4
0
5
0
0
0
10
0
3
0
0
0
1
0
7
0
0
0
0
0
0
0
6
0
0
0
2
0
4
0
0
0
10
0
1
0
0
0
13
0
0
0
0
0
4
0
0
0
0
0
1
0
0
0
0
0
0
0
1
0
0
0
2
0
0
0
2
0
0
0
0
0
0
0
7
0
6
0
0
0
6
0
0
0
5
0
0
0
18
0
4
0
5
0
0
0
1
0
0
0
4
0
0
0
0
0
0
0
1
0
0
0
1
0
0
0
8
0
8
0
0
0
8
0
2
0
0
0
3
0
0
0
3
0
0
0
0
0
0
0
2
0
1
0
0
0
0
0
1
0
0
0
8
0
0
0
3
0
5
0
12
0
0
0
7
0
0
0
0
0
5
0
0
0
7
0
3
0
3
0
3
0
9
0
12
0
2
0
0
0
7
0
0
0
6
0
3
0
10
0
0
0
10
0
0
0
1
0
5
0
0
0
0
0
1
0
0
0
0
0
9
0
0
0
4
0
5
0
0
0
4
0
5
0
0
0
1
0
4
0
6
0
3
0
6
0
13
0
3
0
9
0
1
0
0
0
7
0
5
0
3
0
3
0
1
0
0
0
1
0
0
0
1
0
2
0
0
0
2
0
10
0
2
0
0
0
2
0
7
0
11
0
1
0
1
0
0
0
3
0
2
0
0
0
6
0
0
0
1
0
1
0
0
0
3
0
0
0
5
0
0
0
2
0
9
0
0
0
0
0
0
0
6
0
4
0
4
0
0
0
0
0
2
0
0
0
4
0
0
0
0
0
12
0
3
0
4
0
2
0
0
0
1
0
8
0
2
0
0
0
0
0
10
0
1
0
1
0
6
0
0
0
0
0
4
0
3
0
11
0
0
0
2
0
0
0
0
0
4
0
8
0
3
0
15
0
4
0
2
0
0
0
4
0
2
0
8
0
0
0
0
0
12
0
8
0
0
0
0
0
0
0
3
0
8
0
1
0
5
0
2
0
0
0
0
0
0
0
11
0
3
0
0
0
0
0
2
0
0
0
5
0
1
0
0
0
0
0
2
0
7
0
0
0
7
0
2
0
0
0
8
0
8
0
0
0
2
0
4
0
0
0
2
0
5
0
0
0
5
0
0
0
2
0
8
0
3
0
5
0
0
0
4
0
0
0
0
0
10
0
2
0
0
0
2
0
5
0
12
0
0
0
6
0
0
0
4
0
2
0
2
0
12
0
5
0
0
0
0
0
3
0
0
0
0
0
8
0
6
0
0
0
5
0
6
0
0
0
0
0
6
0
2
0
7
0
0
0
1
0
6
0
0
0
6
0
3
0
14
0
5
0
5
0
0
0
11
0
8
0
0
0
6
0
0
0
3
0
5
0
0
0
2
0
0
0
2
0
0
0
0
0
0
0
0
0
11
0
0
0
0
0
0
0
0
0
0
0
7
0
3
0
11
0
0
0
0
0
5
0
0
0
2
0
0
0
0
0
0
0
0
0
0
0
3
0
0
0
3
0
2
0
2
0
0
0
0
0
4
0
0
0
3
0
9
0
0
0
0
0
2
0
1
0
1
0
0
0
1
0
9
0
0
0
0
0
7
0
5
0
0
0
133
0
11
0
4
0
7
0
6
0
2
0
0
0
2
0
1
0
3
0
0
0
0
0
5
0
8
0
0
0
4
0
4
0
0
0
3
0
