3338
0
0
0
3
0
0
0
0
0
0
0
2
0
11
0
1
0
11
0
0
0
1
0
0
0
2
0
0
0
7
0
0
0
15
0
0
0
5
0
0
0
0
0
0
0
6
0
8
0
8
0
2
0
0
0
0
0
13
0
1
0
0
0
6
0
6
0
1
0
2
0
6
0
0
0
5
0
0
0
3
0
0
0
2
0
0
0
0
0
0
0
0
0
0
0
5
0
0
0
6
0
1
0
5
0
0
0
5
0
4
0
5
0
15
0
0
0
8
0
0
0
8
0
0
0
4
0
2
0
3
0
4
0
0
0
4
0
0
0
4
0
0
0
2
0
1
0
6
0
1
0
5
0
1
0
1
0
0
0
2
0
11
0
2
0
4
0
3
0
0
0
0
0
0
0
4
0
0
0
0
0
5
0
0
0
0
0
0
0
0
0
7
0
0
0
3
0
0
0
4
0
1
0
3
0
3
0
0
0
0
0
0
0
6
0
7
0
5
0
9
0
0
0
0
0
5
0
6
0
0
0
0
0
2
0
8
0
0
0
0
0
3
0
0
0
0
0
10
0
0
0
0
0
0
0
17
0
1
0
1
0
0
0
3
0
0
0
0
0
14
0
13
0
10
0
0
0
14
0
3
0
2
0
1
0
7
0
8
0
12
0
2
0
1
0
4
0
2
0
0
0
0
0
0
0
1
0
1
0
1
0
6
0
3
0
3
0
0
0
0
0
3
0
1
0
3
0
0
0
1
0
0
0
9
0
0
0
0
0
2
0
8
0
0
0
0
0
3
0
1
0
4
0
1
0
4
0
13
0
3
0
0
0
9
0
0
0
9
0
0
0
2
0
16
0
3
0
16
0
24
0
1
0
0
0
9
0
0
0
0
0
2
0
0
0
0
0
0
0
0
0
2
0
3
0
3
0
0
0
1
0
0
0
2
0
0
0
3
0
5
0
0
0
3
0
0
0
9
0
0
0
8
0
8
0
1
0
2
0
1
0
0
0
153
99
163
167
171
116
179
128
192
144
204
154
208
151
206
138
202
151
217
170
229
181
232
232
231
175
323
329
326
283
353
288
355
354
355
307
354
344
338
283
333
277
328
277
341
296
345
342
336
278
329
309
297
221
284
174
250
0
208
0
317
37
159
0
317
277
330
290
341
302
354
312
361
364
403
401
401
402
402
402
400
399
396
348
391
338
382
374
370
365
361
359
358
314
368
370
373
375
375
373
372
318
368
308
359
315
364
321
378
378
379
378
378
372
366
306
358
343
341
283
333
327
329
285
332
335
337
339
342
347
352
357
362
368
372
376
379
341
382
332
380
372
371
372
372
374
376
378
380
340
382
343
387
348
390
348
390
0
386
0
5
0
4
0
1
0
0
0
0
0
15
0
8
0
0
0
9
0
0
0
7
0
0
0
3
0
2
0
0
0
3
0
0
0
3
0
7
0
2
0
3
0
0
0
0
0
3
0
5
0
0
0
0
0
0
0
0
0
0
0
0
0
2
0
4
0
0
0
0
0
0
0
16
0
6
0
2
0
9
0
6
0
9
0
3
0
0
0
0
0
0
0
0
0
3
0
0
0
2
0
0
0
1
0
3
0
6
0
0
0
0
0
0
0
2
0
3
0
5
0
1
0
0
0
6
0
8
0
0
0
4
0
2
0
5
0
0
0
0
0
5
0
0
0
0
0
12
0
2
0
4
0
3
0
0
0
0
0
10
0
0
0
4
0
3
0
0
0
4
0
2
0
0
0
0
0
0
0
6
0
3
0
1
0
0
0
0
0
1
0
2
0
16
0
0
0
0
0
1
0
0
0
2
0
0
0
0
0
2
0
12
0
7
0
0
0
7
0
0
0
1
0
0
0
0
0
6
0
1
0
2
0
0
0
0
0
6
0
2
0
2
0
0
0
3
0
1
0
7
0
3
0
8
0
1
0
4
0
0
0
9
0
1
0
0
0
1
0
3
0
2
0
4
0
0
0
0
0
1
0
0
0
4
0
2
0
4
0
0
0
3
0
0
0
4
0
3
0
5
0
3
0
0
0
0
0
0
0
0
0
10
0
3
0
6
0
0
0
0
0
9
0
4
0
7
0
0
0
0
0
6
0
0
0
0
0
4
0
3
0
0
0
0
0
0
0
0
0
8
0
0
0
7
0
4
0
2
0
21
0
299
0
0
0
7
0
1
0
0
0
0
0
1
0
0
0
0
0
7
0
10
0
0
0
11
0
6
0
11
0
7
0
8
0
0
0
0
