0
0
0
0
0
0
0
6
0
9
0
5
0
0
0
14
0
3
0
0
0
0
0
3
0
14
0
0
0
5
0
3
0
0
0
4
0
0
0
0
0
1
0
11
0
0
0
9
0
3
0
6
0
0
0
0
0
4
0
7
0
0
0
1
0
0
0
5
0
3
0
5
0
0
0
10
0
5
0
9
0
3
0
2
0
9
0
5
0
10
0
3
0
0
0
6
0
8
0
3
0
7
0
4
0
5
0
5
0
8
0
0
0
7
0
7
0
3
0
7
0
3
0
0
0
6
0
0
0
6
0
0
0
5
0
4
0
0
0
1
0
1
0
3
0
7
0
4
0
0
0
8
0
0
0
0
0
8
0
3
0
10
0
1
0
0
0
0
0
0
0
0
0
0
0
1
0
3
0
0
0
8
0
8
0
0
0
0
0
0
0
0
0
0
0
9
0
0
0
4
0
0
0
14
0
0
0
13
0
0
0
1
0
6
0
0
0
3
0
4
0
5
0
7
0
0
0
22
0
38
0
69
0
134
49
176
114
185
123
212
156
234
233
229
125
414
378
434
396
446
411
458
459
457
415
463
419
478
434
488
489
490
491
492
492
493
493
492
493
492
494
490
403
489
443
487
477
470
459
448
440
434
381
428
420
418
375
416
374
413
373
414
314
424
344
332
315
293
0
238
0
37
0
38
0
43
0
42
0
49
0
46
0
44
0
40
0
38
0
9
0
3
0
1
0
0
0
8
0
0
0
0
0
10
0
2
0
3
0
0
0
5
0
7
0
1
0
4
0
1
0
8
0
10
0
3
0
11
0
0
0
5
0
0
0
0
0
2
0
6
0
12
0
0
0
0
0
0
0
2
0
5
0
0
0
0
0
8
0
3
0
2
0
6
0
0
0
5
0
10
0
0
0
4
0
2
0
0
0
1
0
4
0
1
0
0
0
7
0
1
0
0
0
0
0
1
0
3
0
0
0
6
0
0
0
1
0
1
0
2
0
6
0
1
0
1
0
0
0
0
0
13
0
1
0
10
0
3
0
2
0
0
0
0
0
5
0
1
0
2
0
4
0
5
0
5
0
6
0
0
0
12
0
3
0
5
0
4
0
0
0
0
0
4
0
4
0
1
0
6
0
0
0
0
0
0
0
0
0
0
0
2
0
8
0
0
0
0
0
0
0
0
0
0
0
12
0
10
0
4
0
1
0
0
0
0
0
0
0
9
0
4
0
6
0
4
0
0
0
2
0
10
0
1
0
0
0
10
0
6
0
4
0
0
0
0
0
0
0
0
0
6
0
2
0
0
0
3
0
3
0
0
0
4
0
0
0
0
0
7
0
2
0
0
0
12
0
9
0
0
0
6
0
5
0
0
0
2
0
7
0
1
0
7
0
6
0
1
0
0
0
0
0
0
0
0
0
0
0
8
0
0
0
10
0
6
0
0
0
0
0
0
0
6
0
0
0
0
0
16
0
0
0
7
0
6
0
0
0
0
0
0
0
2
0
5
0
0
0
0
0
4
0
8
0
4
0
7
0
0
0
0
0
0
0
2
0
16
0
9
0
5
0
0
0
4
0
3
0
7
0
0
0
2
0
0
0
4
0
0
0
0
0
2
0
0
0
0
0
0
0
6
0
4
0
1
0
5
0
12
0
4
0
3
0
0
0
0
0
3
0
8
0
2
0
2
0
6
0
1
0
9
0
12
0
3
0
3
0
8
0
3
0
4
0
13
0
2
0
3
0
9
0
10
0
0
0
0
0
11
0
0
0
0
0
0
0
4
0
6
0
0
0
0
0
0
0
10
0
0
0
2
0
0
0
0
0
5
0
0
0
7
0
4
0
8
0
2
0
8
0
6
0
0
0
1
0
3
0
3
0
7
0
6
0
3
0
0
0
2
0
1
0
7
0
2
0
11
0
0
0
3
0
1
0
5
0
1
0
1
0
3
0
4
0
0
0
1
0
0
0
2
0
8
0
0
0
1
0
2
0
0
0
0
0
4
0
5
0
5
0
0
0
0
0
2
0
0
0
0
0
8
0
2
0
0
0
2
0
2
0
0
0
5
0
6
0
0
0
2
0
4
0
3
0
1
0
2
0
0
0
0
0
0
0
4
0
5
0
2
0
7
0
0
0
1
0
5
0
0
0
0
0
0
0
5
0
9
0
5
0
1
0
490
0
6
0
3
0
4
0
0
0
9
0
2
0
0
0
9
0
3
0
8
0
2
0
1
0
6
0
3
0
4
0
9
0
8
0
8
0
