3338
0
0
0
17
0
2
0
8
0
0
0
12
0
0
0
5
0
3
0
0
0
0
0
0
0
0
0
2
0
12
0
0
0
0
0
0
0
0
0
4
0
0
0
0
0
0
0
0
0
0
0
0
0
6
0
0
0
7
0
0
0
2
0
0
0
4
0
6
0
2
0
2
0
0
0
0
0
0
0
4
0
4
0
4
0
0
0
5
0
6
0
2
0
2
0
4
0
0
0
2
0
0
0
0
0
8
0
8
0
1
0
0
0
0
0
1
0
23
0
0
0
0
0
0
0
2
0
6
0
0
0
0
0
0
0
3
0
5
0
8
0
0
0
0
0
0
0
0
0
0
0
0
0
2
0
0
0
5
0
0
0
4
0
4
0
0
0
14
0
0
0
0
0
9
0
1
0
0
0
0
0
16
0
0
0
0
0
2
0
14
0
0
0
0
0
3
0
0
0
8
0
11
0
3
0
10
0
58
0
106
37
185
135
259
209
260
27
208
0
123
0
163
100
355
356
357
303
355
155
235
195
359
317
366
324
374
376
376
377
368
309
357
338
326
316
332
317
313
307
302
249
301
252
305
284
274
207
264
172
242
3
186
0
106
0
103
0
104
0
84
0
57
0
0
0
1
0
8
0
5
0
0
0
4
0
7
0
7
0
3
0
1
0
0
0
4
0
2
0
0
0
10
0
8
0
1
0
1
0
0
0
0
0
4
0
2
0
0
0
0
0
2
0
0
0
11
0
0
0
0
0
0
0
0
0
4
0
2
0
5
0
0
0
1
0
7
0
0
0
0
0
0
0
6
0
11
0
2
0
4
0
9
0
0
0
13
0
19
0
5
0
4
0
1
0
1
0
9
0
0
0
0
0
0
0
2
0
7
0
7
0
6
0
0
0
5
0
0
0
5
0
5
0
4
0
0
0
0
0
8
0
2
0
3
0
5
0
6
0
0
0
1
0
2
0
13
0
9
0
2
0
8
0
5
0
4
0
0
0
3
0
1
0
0
0
0
0
2
0
2
0
0
0
0
0
9
0
0
0
0
0
2
0
3
0
4
0
0
0
10
0
2
0
4
0
6
0
6
0
0
0
1
0
0
0
1
0
0
0
0
0
1
0
0
0
0
0
7
0
11
0
6
0
4
0
0
0
1
0
8
0
0
0
1
0
1
0
0
0
3
0
0
0
5
0
1
0
14
0
9
0
0
0
13
0
3
0
17
0
0
0
4
0
1
0
3
0
1
0
0
0
5
0
6
0
2
0
0
0
0
0
4
0
5
0
3
0
1
0
0
0
2
0
7
0
12
0
4
0
0
0
0
0
5
0
0
0
8
0
0
0
0
0
0
0
4
0
0
0
2
0
2
0
0
0
0
0
3
0
3
0
6
0
4
0
12
0
0
0
0
0
4
0
7
0
1
0
0
0
0
0
2
0
9
0
6
0
0
0
3
0
1
0
2
0
0
0
1
0
2
0
8
0
1
0
5
0
0
0
1
0
4
0
1
0
8
0
1
0
1
0
3
0
0
0
1
0
0
0
2
0
7
0
5
0
0
0
0
0
3
0
0
0
0
0
18
0
0
0
0
0
10
0
9
0
2
0
7
0
0
0
2
0
2
0
12
0
0
0
6
0
5
0
5
0
12
0
1
0
8
0
2
0
0
0
1
0
0
0
0
0
0
0
0
0
0
0
0
0
0
0
10
0
13
0
2
0
0
0
11
0
17
0
5
0
1
0
1
0
4
0
1
0
0
0
1
0
3
0
8
0
3
0
14
0
2
0
1
0
8
0
0
0
3
0
7
0
9
0
7
0
2
0
10
0
1
0
0
0
5
0
5
0
4
0
3
0
2
0
0
0
5
0
2
0
1
0
1
0
0
0
0
0
0
0
0
0
0
0
6
0
0
0
0
0
6
0
0
0
0
0
1
0
6
0
0
0
0
0
0
0
6
0
0
0
3
0
5
0
5
0
2
0
7
0
0
0
0
0
0
0
9
0
0
0
0
0
0
0
6
0
8
0
0
0
0
0
2
0
0
0
4
0
3
0
1
0
0
0
0
0
4
0
0
0
1
0
2
0
0
0
5
0
2
0
0
0
7
0
14
0
2
0
0
0
0
0
6
0
2
0
8
0
2
0
8
0
9
0
1
0
0
0
6
0
2
0
3
0
0
0
0
0
323
0
11
0
2
0
0
0
0
0
1
0
4
0
8
0
0
0
5
0
1
0
8
0
2
0
6
0
2
0
0
0
2
0
1
0
4
