0
0
0
0
0
4
0
16
0
4
0
0
0
0
0
4
0
0
0
7
0
0
0
4
0
3
0
2
0
3
0
8
0
0
0
6
0
0
0
10
0
1
0
0
0
2
0
3
0
4
0
2
0
2
0
1
0
2
0
4
0
7
0
1
0
0
0
0
0
0
0
8
0
4
0
2
0
3
0
2
0
4
0
6
0
0
0
0
0
7
0
8
0
1
0
4
0
11
0
5
0
0
0
0
0
16
0
0
0
12
0
0
0
6
0
3
0
0
0
0
0
0
0
17
0
3
0
7
0
6
0
10
0
0
0
1
0
0
0
0
0
0
0
4
0
0
0
9
0
6
0
4
0
4
0
0
0
7
0
248
203
264
220
272
274
274
273
272
267
264
259
252
171
239
171
242
146
390
327
413
355
478
433
510
510
510
509
507
469
507
502
499
496
493
442
487
442
484
413
397
317
384
246
330
190
397
345
414
369
417
419
416
372
417
380
424
374
364
298
353
258
320
287
283
237
286
285
283
0
84
0
36
0
7
0
2
0
5
0
4
0
14
0
2
0
0
0
1
0
1
0
2
0
0
0
0
0
0
0
0
0
1
0
4
0
1
0
0
0
2
0
3
0
2
0
12
0
2
0
3
0
20
0
3
0
5
0
9
0
6
0
1
0
3
0
0
0
10
0
5
0
4
0
9
0
0
0
3
0
2
0
0
0
4
0
6
0
0
0
0
0
3
0
2
0
8
0
2
0
0
0
0
0
13
0
3
0
14
0
3
0
15
0
0
0
14
0
0
0
0
0
0
0
0
0
5
0
3
0
0
0
8
0
1
0
18
0
1
0
0
0
3
0
11
0
0
0
2
0
2
0
5
0
2
0
14
0
7
0
5
0
6
0
0
0
4
0
3
0
15
0
3
0
3
0
0
0
1
0
6
0
5
0
0
0
1
0
3
0
0
0
0
0
0
0
2
0
0
0
1
0
7
0
5
0
1
0
4
0
6
0
0
0
6
0
0
0
0
0
0
0
5
0
9
0
0
0
0
0
3
0
13
0
3
0
0
0
3
0
0
0
1
0
0
0
0
0
4
0
12
0
7
0
0
0
4
0
2
0
0
0
0
0
0
0
4
0
7
0
5
0
6
0
0
0
0
0
0
0
0
0
6
0
1
0
0
0
2
0
2
0
0
0
0
0
4
0
10
0
1
0
10
0
3
0
0
0
0
0
4
0
3
0
8
0
6
0
3
0
0
0
0
0
0
0
1
0
8
0
0
0
0
0
2
0
3
0
5
0
0
0
2
0
9
0
0
0
4
0
0
0
3
0
0
0
0
0
16
0
6
0
3
0
2
0
0
0
10
0
1
0
7
0
20
0
8
0
8
0
3
0
3
0
14
0
0
0
8
0
14
0
3
0
0
0
7
0
1
0
2
0
12
0
2
0
12
0
1
0
1
0
0
0
0
0
0
0
3
0
10
0
2
0
1
0
9
0
0
0
0
0
4
0
0
0
8
0
1
0
3
0
2
0
0
0
3
0
4
0
0
0
2
0
0
0
0
0
2
0
9
0
4
0
0
0
0
0
6
0
0
0
5
0
5
0
8
0
1
0
0
0
11
0
5
0
6
0
7
0
3
0
0
0
0
0
3
0
9
0
0
0
6
0
3
0
2
0
5
0
6
0
10
0
0
0
5
0
4
0
0
0
3
0
6
0
3
0
5
0
14
0
2
0
9
0
3
0
2
0
1
0
0
0
8
0
0
0
2
0
0
0
0
0
3
0
3
0
0
0
0
0
7
0
7
0
1
0
2
0
0
0
8
0
0
0
1
0
2
0
1
0
2
0
6
0
0
0
1
0
7
0
14
0
9
0
2
0
8
0
0
0
2
0
11
0
0
0
5
0
4
0
2
0
2
0
13
0
0
0
0
0
3
0
1
0
6
0
0
0
2
0
0
0
0
0
1
0
11
0
0
0
4
0
11
0
0
0
0
0
1
0
0
0
0
0
5
0
14
0
0
0
4
0
2
0
5
0
5
0
0
0
2
0
0
0
7
0
0
0
16
0
0
0
7
0
11
0
0
0
0
0
7
0
2
0
0
0
0
0
0
0
1
0
0
0
2
0
1
0
0
0
2
0
2
0
0
0
1
0
3
0
4
0
0
0
6
0
4
0
0
0
0
0
433
0
9
0
0
0
3
0
7
0
0
0
5
0
2
0
2
0
1
0
0
0
13
0
12
0
9
0
11
0
0
0
11
0
0
0
0
0
