0
1
0
10
0
0
0
5
0
1
0
6
0
1
0
0
0
1
0
0
0
2
0
1
0
9
0
3
0
5
0
0
0
2
0
14
0
0
0
7
0
0
0
3
0
2
0
0
0
0
0
0
0
3
0
0
0
1
0
1
0
0
0
1
0
0
0
1
0
2
0
2
0
1
0
0
0
0
0
1
0
0
0
0
0
0
0
5
0
3
0
0
0
6
0
0
0
0
0
0
0
2
0
0
0
1
0
3
0
0
0
13
0
4
0
2
0
4
0
0
0
9
0
0
0
0
0
0
0
0
0
4
0
5
0
5
0
3
0
7
0
0
0
8
0
1
0
15
0
6
0
8
0
0
0
0
0
5
0
0
0
5
0
11
0
2
0
0
0
0
0
2
0
6
0
3
0
3
0
0
0
1
0
0
0
0
0
0
0
1
0
0
0
9
0
0
0
0
0
0
0
4
0
4
0
7
0
5
0
0
0
0
0
4
0
2
0
0
0
4
0
2
0
4
0
0
0
0
0
2
0
0
0
6
0
5
0
0
0
10
0
0
0
0
0
2
0
3
0
2
0
3
0
3
0
1
0
0
0
0
0
1
0
0
0
8
0
5
0
0
0
0
0
0
0
0
0
10
0
4
0
0
0
3
0
2
0
0
0
6
0
8
0
0
0
1
0
2
0
2
0
2
0
3
0
8
0
15
0
3
0
0
0
0
0
5
0
4
0
2
0
0
0
10
0
0
0
0
0
3
0
6
0
4
0
0
0
0
0
2
0
6
0
0
0
10
0
0
0
9
0
14
0
3
0
0
0
10
0
5
0
9
0
0
0
13
0
0
0
0
0
8
0
0
0
6
0
2
0
0
0
0
0
2
0
0
0
2
0
1
0
9
0
1
0
0
0
14
0
2
0
0
0
4
0
4
0
1
0
4
0
1
0
7
0
0
0
13
0
2
0
2
0
9
0
7
0
6
0
2
0
0
0
5
0
6
0
5
0
3
0
4
0
14
0
5
0
7
0
5
0
2
0
5
0
9
0
2
0
0
0
0
0
0
0
0
0
0
0
6
0
4
0
0
0
4
0
3
0
0
0
2
0
2
0
0
0
0
0
0
0
3
0
0
0
1
0
0
0
1
0
0
0
3
0
3
0
0
0
0
0
4
0
5
0
146
95
152
94
150
146
148
94
154
100
159
159
156
155
152
91
150
85
146
89
157
102
165
109
169
118
173
123
183
129
189
134
193
191
190
191
196
195
195
147
206
157
211
160
212
213
211
156
208
156
213
165
230
185
253
211
278
282
285
258
270
220
291
247
306
308
311
312
314
271
325
285
336
281
340
345
352
311
383
233
338
209
284
259
254
208
268
222
284
240
298
251
299
252
300
250
298
251
297
244
297
289
284
281
279
278
276
273
268
213
262
191
246
178
235
180
244
195
257
259
259
209
259
253
250
187
246
190
242
243
246
248
253
253
251
250
246
188
241
162
242
178
236
129
206
108
238
0
45
0
32
0
34
0
44
0
51
0
64
0
72
0
69
0
57
0
39
0
44
0
33
0
29
0
17
0
32
0
25
0
25
0
25
0
18
0
15
0
15
0
0
0
18
0
10
0
12
0
11
0
4
0
11
0
6
0
7
0
2
0
5
0
8
0
4
0
3
0
7
0
6
0
7
0
16
0
1
0
7
0
5
0
2
0
0
0
1
0
7
0
3
0
3
0
0
0
0
0
0
0
1
0
0
0
7
0
2
0
2
0
0
0
0
0
12
0
2
0
7
0
2
0
0
0
0
0
5
0
4
0
0
0
3
0
15
0
0
0
16
0
4
0
9
0
0
0
0
0
0
0
3
0
4
0
6
0
0
0
0
0
4
0
0
0
12
0
5
0
11
0
0
0
1
0
0
0
2
0
3
0
0
0
6
0
0
0
0
0
0
0
0
0
10
0
3
0
0
0
0
0
2
0
6
0
0
0
2
0
2
0
6
0
1
0
0
0
0
0
3
0
0
0
1
0
2
0
2
0
1
0
0
0
0
0
0
0
0
0
0
0
0
0
1
0
0
0
2
0
3
0
0
0
8
0
0
0
1
0
2
0
0
0
1
0
4
0
15
0
0
0
0
0
0
0
0
0
3
0
0
0
2
0
3
0
7
0
2
0
2
0
3
0
2
0
8
0
17
0
204
0
10
0
5
0
0
0
11
0
4
0
0
0
4
0
3
0
2
0
3
0
0
0
9
0
4
0
0
0
10
0
0
0
0
0
0
0
