0
0
0
0
0
5
0
1
0
2
0
1
0
4
0
1
0
6
0
2
0
10
0
7
0
10
0
4
0
0
0
6
0
4
0
0
0
0
0
1
0
0
0
3
0
0
0
2
0
107
53
112
30
303
261
332
292
362
323
372
375
373
307
366
214
384
349
402
364
423
386
440
340
336
318
301
285
277
215
269
26
224
0
76
0
59
0
51
0
17
0
8
0
2
0
10
0
0
0
1
0
3
0
1
0
5
0
15
0
0
0
8
0
11
0
2
0
2
0
0
0
0
0
3
0
0
0
7
0
1
0
5
0
3
0
7
0
6
0
7
0
1
0
1
0
4
0
0
0
0
0
1
0
3
0
10
0
5
0
1
0
6
0
2
0
0
0
1
0
2
0
8
0
5
0
3
0
0
0
2
0
0
0
1
0
0
0
0
0
0
0
4
0
0
0
2
0
0
0
17
0
2
0
1
0
0
0
0
0
4
0
4
0
3
0
0
0
0
0
10
0
0
0
0
0
10
0
0
0
8
0
13
0
0
0
2
0
0
0
0
0
0
0
3
0
4
0
0
0
4
0
5
0
0
0
13
0
2
0
0
0
0
0
0
0
2
0
6
0
0
0
4
0
0
0
0
0
9
0
2
0
0
0
13
0
2
0
0
0
7
0
0
0
2
0
0
0
11
0
6
0
9
0
4
0
0
0
0
0
1
0
8
0
5
0
2
0
0
0
0
0
0
0
0
0
2
0
5
0
0
0
2
0
0
0
2
0
0
0
1
0
1
0
1
0
0
0
5
0
0
0
0
0
0
0
0
0
5
0
9
0
0
0
1
0
3
0
11
0
6
0
0
0
9
0
2
0
0
0
4
0
3
0
3
0
4
0
1
0
8
0
1
0
0
0
2
0
0
0
0
0
0
0
0
0
0
0
6
0
3
0
2
0
0
0
7
0
0
0
0
0
3
0
3
0
0
0
3
0
0
0
0
0
11
0
0
0
1
0
10
0
0
0
8
0
0
0
3
0
0
0
4
0
4
0
1
0
0
0
0
0
0
0
0
0
0
0
0
0
6
0
4
0
2
0
1
0
3
0
0
0
3
0
0
0
0
0
0
0
8
0
0
0
4
0
2
0
0
0
10
0
11
0
10
0
5
0
7
0
6
0
0
0
0
0
0
0
3
0
0
0
0
0
8
0
5
0
0
0
1
0
0
0
4
0
8
0
0
0
9
0
1
0
0
0
0
0
0
0
1
0
0
0
18
0
3
0
2
0
2
0
0
0
4
0
0
0
0
0
0
0
3
0
7
0
3
0
6
0
0
0
0
0
4
0
2
0
2
0
1
0
2
0
1
0
10
0
5
0
7
0
2
0
0
0
16
0
7
0
6
0
0
0
6
0
3
0
1
0
4
0
5
0
5
0
8
0
0
0
0
0
0
0
3
0
5
0
0
0
0
0
6
0
0
0
0
0
0
0
7
0
10
0
2
0
2
0
0
0
3
0
5
0
3
0
5
0
6
0
5
0
4
0
0
0
2
0
0
0
4
0
2
0
5
0
0
0
0
0
1
0
6
0
0
0
0
0
3
0
5
0
14
0
6
0
0
0
7
0
14
0
12
0
0
0
0
0
4
0
2
0
7
0
4
0
0
0
1
0
0
0
0
0
2
0
12
0
0
0
0
0
4
0
2
0
7
0
0
0
0
0
6
0
1
0
0
0
3
0
0
0
2
0
4
0
1
0
0
0
12
0
4
0
3
0
0
0
0
0
3
0
12
0
7
0
2
0
6
0
0
0
0
0
9
0
2
0
0
0
1
0
9
0
8
0
0
0
7
0
0
0
0
0
3
0
10
0
0
0
10
0
0
0
4
0
0
0
3
0
4
0
0
0
1
0
1
0
6
0
0
0
4
0
4
0
2
0
0
0
0
0
0
0
9
0
9
0
0
0
0
0
5
0
0
0
4
0
0
0
0
0
5
0
15
0
2
0
0
0
0
0
0
0
2
0
3
0
2
0
3
0
0
0
3
0
1
0
4
0
0
0
0
0
2
0
0
0
6
0
3
0
2
0
3
0
11
0
3
0
8
0
3
0
0
0
3
0
4
0
0
0
3
0
0
0
2
0
0
0
0
0
2
0
4
0
7
0
2
0
8
0
6
0
0
0
0
0
7
0
2
0
1
0
173
0
4
0
0
0
0
0
5
0
4
0
3
0
0
0
0
0
9
0
1
0
4
0
0
0
0
0
0
0
1
0
8
0
0
0
2
0
