0
2
0
0
0
0
0
0
0
0
0
28
0
11
0
0
0
0
0
0
0
58
0
0
0
8
0
1
0
0
0
28
0
0
0
27
0
0
0
0
0
0
0
0
0
0
0
0
0
0
0
0
0
0
0
0
0
0
0
0
0
4
0
0
0
0
0
0
0
0
0
0
0
0
0
0
0
22
0
0
0
0
0
0
0
8
0
0
0
0
0
0
0
0
0
0
0
0
0
0
0
0
0
0
0
0
0
0
0
0
0
0
0
0
0
0
0
0
0
0
0
0
0
21
0
0
0
0
0
0
0
5
0
0
0
0
0
20
0
0
0
0
0
0
0
0
0
0
0
0
0
0
0
0
0
0
0
0
0
0
0
6
0
3
0
0
0
0
0
25
0
0
0
0
0
8
0
0
0
0
0
0
0
0
0
0
0
0
0
0
0
0
0
9
0
0
0
0
0
2
0
0
0
7
0
0
0
0
0
17
0
0
0
0
0
23
0
0
0
12
0
0
0
0
0
34
0
0
0
0
0
0
0
4
0
0
0
0
0
0
0
3
0
0
0
0
0
0
0
0
0
0
0
0
0
6
0
0
0
0
0
17
0
17
0
0
0
8
0
10
0
3
0
17
0
0
0
12
0
8
0
0
0
0
0
0
0
0
0
23
0
2
0
0
0
0
0
19
0
0
0
0
0
0
0
0
0
0
0
4
0
23
0
0
0
0
0
5
0
0
0
0
0
0
0
0
0
0
0
0
0
0
0
0
0
0
0
0
0
13
0
0
0
0
0
0
0
10
0
0
0
0
0
0
0
0
0
0
0
0
0
0
0
3
0
0
0
27
0
10
0
0
0
0
0
6
0
0
0
0
0
0
0
0
0
0
0
0
0
0
0
2
0
0
0
5
0
17
0
0
0
0
0
0
0
11
0
0
0
2
0
23
0
0
0
0
0
0
0
7
0
0
0
0
0
0
0
0
0
0
0
0
0
0
0
0
0
0
0
0
0
0
0
13
0
0
0
0
0
0
0
0
0
19
0
0
0
0
0
21
0
0
0
0
0
0
0
5
0
0
0
0
0
24
0
6
0
12
0
2
0
0
0
0
0
0
0
5
0
0
0
0
0
0
0
0
0
0
0
24
0
0
0
0
0
0
0
0
0
0
0
0
0
14
0
0
0
0
0
0
0
0
0
11
0
0
0
26
0
0
0
0
0
6
0
16
0
1
0
0
0
0
0
7
0
0
0
4
0
0
0
0
0
0
0
1
0
0
0
1
0
27
0
0
0
0
0
4
0
0
0
0
0
2
0
0
0
30
0
0
0
0
0
0
0
0
0
0
0
3
0
19
0
0
0
0
0
0
0
0
0
0
0
14
0
6
0
0
0
2
0
0
0
33
0
0
0
7
0
0
0
0
0
0
0
9
0
16
0
0
0
5
0
0
0
21
0
0
0
0
0
14
0
0
0
0
0
0
0
0
0
5
0
3
0
0
0
0
0
0
0
0
0
0
0
0
0
15
0
0
0
0
0
76
0
0
0
0
0
0
0
4
0
0
0
124
0
0
0
0
0
0
0
0
0
0
0
0
0
0
0
0
0
0
0
11
0
19
0
0
0
0
0
0
0
4
0
0
0
0
0
0
0
3
0
0
0
0
0
0
0
0
0
0
0
7
0
0
0
30
0
0
0
0
0
10
0
0
0
0
0
0
0
0
0
0
0
0
0
0
0
0
0
1
0
1
0
0
0
0
0
0
0
0
0
0
0
0
0
0
0
0
0
15
0
5
0
0
0
0
0
1
0
0
0
0
0
0
0
0
0
0
0
2
0
9
0
13
0
25
0
29
0
0
0
18
0
0
0
0
0
0
0
0
0
0
0
18
0
0
0
0
0
0
0
0
0
0
0
0
0
0
0
0
0
15
0
15
0
0
0
0
0
0
0
0
0
47
0
1
0
0
0
0
0
0
0
0
0
0
0
0
0
4
0
3
0
0
0
20
0
0
0
0
0
0
0
24
0
9
0
0
0
0
0
0
0
0
0
0
0
0
0
0
0
0
0
196
0
0
0
0
0
8
0
0
0
0
0
0
0
0
0
0
0
0
0
0
0
35
0
370
0
0
0
0
0
0
0
0
0
0
0
0
0
4
0
0
0
0
0
288
0
353
0
780
0
11
0
21
0
0
0
5
0
182
0
9
0
0
0
0
0
0
0
0
0
0
0
0
0
0
0
8
0
0
0
8
0
0
0
12
0
0
0
11
0
0
0
0
0
