0
0
0
0
0
0
0
0
0
6
0
0
0
0
0
5
0
0
0
0
0
5
0
17
0
0
0
0
0
0
0
0
0
0
0
30
0
13
0
2
0
10
0
0
0
8
0
0
0
0
0
0
0
0
0
0
0
0
0
0
0
0
0
19
0
0
0
43
0
0
0
0
0
0
0
0
0
11
0
0
0
0
0
0
0
27
0
0
0
0
0
8
0
0
0
0
0
6
0
0
0
0
0
0
0
10
0
0
0
0
0
42
0
0
0
0
0
0
0
0
0
0
0
27
0
0
0
0
0
0
0
7
0
5
0
0
0
0
0
0
0
1
0
0
0
0
0
0
0
7
0
26
0
0
0
1
0
0
0
0
0
5
0
0
0
0
0
0
0
0
0
0
0
18
0
0
0
0
0
0
0
0
0
29
0
0
0
3
0
42
0
0
0
0
0
20
0
0
0
0
0
0
0
0
0
0
0
0
0
0
0
0
0
0
0
0
0
0
0
0
0
0
0
0
0
0
0
0
0
0
0
0
0
17
0
0
0
0
0
0
0
0
0
2
0
3
0
0
0
0
0
0
0
1
0
0
0
0
0
0
0
15
0
9
0
0
0
0
0
4
0
22
0
0
0
1
0
0
0
0
0
6
0
0
0
3
0
0
0
0
0
24
0
0
0
5
0
23
0
0
0
0
0
0
0
27
0
0
0
0
0
0
0
0
0
0
0
13
0
0
0
0
0
0
0
0
0
27
0
0
0
0
0
0
0
2
0
10
0
0
0
19
0
0
0
0
0
0
0
0
0
7
0
0
0
0
0
0
0
0
0
11
0
0
0
11
0
16
0
0
0
0
0
0
0
0
0
0
0
0
0
0
0
0
0
4
0
0
0
0
0
0
0
0
0
0
0
0
0
0
0
10
0
0
0
5
0
0
0
0
0
0
0
0
0
0
0
0
0
0
0
0
0
2
0
10
0
36
0
0
0
0
0
0
0
9
0
0
0
0
0
12
0
0
0
32
0
0
0
2
0
0
0
0
0
0
0
0
0
0
0
0
0
0
0
0
0
0
0
0
0
6
0
0
0
14
0
0
0
0
0
36
0
0
0
0
0
0
0
0
0
0
0
0
0
0
0
0
0
55
0
13
0
4
0
0
0
0
0
0
0
0
0
0
0
0
0
32
0
9
0
0
0
0
0
0
0
1
0
0
0
0
0
0
0
0
0
10
0
6
0
0
0
0
0
0
0
7
0
0
0
0
0
0
0
0
0
0
0
0
0
0
0
0
0
0
0
0
0
0
0
5
0
0
0
0
0
0
0
0
0
0
0
0
0
0
0
0
0
0
0
24
0
10
0
0
0
20
0
0
0
6
0
0
0
0
0
0
0
45
0
1
0
0
0
122
0
12
0
49
0
0
0
0
0
0
0
0
0
0
0
0
0
0
0
8
0
0
0
0
0
2
0
0
0
0
0
0
0
4
0
10
0
0
0
0
0
17
0
0
0
0
0
38
0
0
0
0
0
0
0
230
0
6
0
5
0
0
0
4
0
0
0
20
0
21
0
0
0
8
0
0
0
8
0
0
0
0
0
3
0
0
0
0
0
0
0
0
0
0
0
0
0
0
0
0
0
10
0
0
0
0
0
0
0
0
0
19
0
0
0
0
0
0
0
48
0
0
0
21
0
6
0
3
0
0
0
0
0
0
0
0
0
0
0
0
0
0
0
0
0
0
0
0
0
0
0
0
0
0
0
0
0
11
0
0
0
0
0
0
0
0
0
0
0
11
0
0
0
0
0
0
0
0
0
0
0
0
0
0
0
0
0
0
0
17
0
2
0
16
0
0
0
0
0
4
0
0
0
11
0
0
0
0
0
0
0
0
0
4
0
0
0
0
0
0
0
0
0
0
0
0
0
0
0
0
0
0
0
0
0
35
0
2
0
0
0
0
0
0
0
0
0
0
0
0
0
0
0
0
0
14
0
0
0
0
0
0
0
18
0
23
0
0
0
0
0
0
0
0
0
9
0
0
0
0
0
0
0
0
0
0
0
0
0
0
0
0
0
0
0
6
0
0
0
0
0
3
0
6
0
0
0
24
0
0
0
33
0
78
0
0
0
0
0
10
0
3
0
23
0
2
0
0
0
7
0
0
0
0
0
0
0
0
0
0
0
0
0
288
0
169
0
0
0
64
0
143
0
0
0
0
0
0
0
0
0
14
0
0
0
5
0
0
0
0
0
0
0
0
0
0
0
0
0
0
0
0
0
0
0
