3338
0
0
0
8
0
0
0
0
0
0
0
0
0
0
0
0
0
0
0
0
0
0
0
0
0
0
0
10
0
0
0
0
0
11
0
0
0
10
0
1
0
0
0
0
0
0
0
0
0
0
0
0
0
0
0
0
0
0
0
0
0
0
0
20
0
0
0
5
0
0
0
0
0
0
0
10
0
0
0
11
0
0
0
0
0
0
0
0
0
0
0
0
0
10
0
0
0
0
0
35
0
0
0
23
0
0
0
6
0
0
0
0
0
0
0
0
0
0
0
0
0
14
0
13
0
1
0
0
0
0
0
0
0
0
0
0
0
17
0
12
0
0
0
0
0
0
0
0
0
0
0
0
0
0
0
8
0
0
0
0
0
0
0
0
0
0
0
0
0
0
0
4
0
0
0
0
0
0
0
0
0
0
0
0
0
0
0
20
0
0
0
0
0
0
0
0
0
0
0
0
0
0
0
0
0
0
0
0
0
5
0
7
0
0
0
0
0
0
0
24
0
0
0
19
0
0
0
0
0
30
0
12
0
0
0
0
0
0
0
0
0
0
0
2
0
0
0
33
0
0
0
0
0
3
0
0
0
0
0
10
0
39
0
0
0
0
0
7
0
0
0
14
0
6
0
0
0
15
0
0
0
11
0
0
0
11
0
32
0
0
0
0
0
10
0
0
0
0
0
11
0
0
0
0
0
20
0
0
0
0
0
7
0
0
0
19
0
0
0
6
0
22
0
1
0
0
0
0
0
12
0
0
0
1
0
0
0
0
0
10
0
0
0
21
0
0
0
0
0
26
0
0
0
10
0
0
0
0
0
21
0
0
0
0
0
0
0
0
0
5
0
21
0
0
0
0
0
11
0
0
0
0
0
0
0
0
0
0
0
11
0
0
0
0
0
0
0
0
0
0
0
6
0
0
0
0
0
2
0
17
0
0
0
0
0
1
0
0
0
0
0
0
0
0
0
0
0
0
0
0
0
9
0
0
0
1
0
0
0
0
0
0
0
0
0
8
0
0
0
49
0
0
0
0
0
0
0
0
0
10
0
0
0
0
0
0
0
0
0
0
0
0
0
10
0
0
0
6
0
0
0
0
0
0
0
0
0
0
0
0
0
10
0
0
0
7
0
0
0
0
0
0
0
9
0
15
0
0
0
0
0
44
0
20
0
0
0
0
0
0
0
10
0
0
0
19
0
7
0
17
0
13
0
22
0
0
0
59
0
88
0
168
0
326
104
540
415
575
451
624
564
851
819
915
272
721
661
876
847
918
883
917
854
897
779
859
569
727
195
472
0
323
0
350
0
22
0
37
0
0
0
3
0
0
0
0
0
158
0
328
0
404
219
385
24
300
0
119
0
89
0
79
0
5
0
65
0
51
0
26
0
82
0
232
0
219
0
241
0
2
0
0
0
0
0
0
0
0
0
3
0
0
0
0
0
0
0
0
0
0
0
8
0
0
0
0
0
0
0
0
0
0
0
0
0
0
0
0
0
0
0
3
0
26
0
0
0
0
0
0
0
0
0
0
0
0
0
0
0
13
0
0
0
0
0
0
0
0
0
0
0
0
0
3
0
0
0
0
0
0
0
41
0
22
0
0
0
3
0
0
0
0
0
0
0
9
0
0
0
0
0
14
0
0
0
0
0
0
0
2
0
0
0
5
0
0
0
0
0
0
0
0
0
0
0
0
0
0
0
0
0
0
0
17
0
0
0
0
0
27
0
0
0
18
0
0
0
0
0
2
0
0
0
0
0
0
0
0
0
15
0
14
0
8
0
0
0
0
0
0
0
2
0
0
0
0
0
0
0
0
0
0
0
0
0
0
0
0
0
0
0
0
0
21
0
0
0
23
0
0
0
11
0
0
0
0
0
1
0
0
0
0
0
0
0
13
0
0
0
0
0
0
0
0
0
0
0
0
0
3
0
0
0
12
0
0
0
0
0
12
0
0
0
0
0
0
0
0
0
9
0
0
0
0
0
0
0
0
0
0
0
0
0
12
0
0
0
0
0
0
0
0
0
17
0
7
0
0
0
0
0
0
0
0
0
0
0
18
0
0
0
0
0
0
0
5
0
0
0
23
0
16
0
0
0
0
0
1
0
0
0
0
0
0
0
0
0
0
0
0
0
0
0
0
0
18
0
0
0
0
0
0
0
10
0
0
0
5
0
0
0
0
0
0
0
105
0
253
0
0
0
0
0
0
0
0
0
0
0
0
0
0
0
0
0
0
0
0
0
0
0
0
0
17
0
5
0
0
0
2
