0
19
0
0
0
0
0
0
0
0
0
0
0
0
0
0
0
1
0
0
0
0
0
0
0
14
0
0
0
0
0
0
0
0
0
0
0
3
0
0
0
26
0
0
0
3
0
0
0
0
0
0
0
0
0
8
0
0
0
0
0
0
0
0
0
0
0
0
0
0
0
0
0
0
0
0
0
0
0
0
0
1
0
0
0
0
0
0
0
11
0
0
0
0
0
0
0
0
0
0
0
0
0
21
0
0
0
10
0
24
0
0
0
0
0
1
0
0
0
0
0
0
0
10
0
4
0
0
0
3
0
0
0
0
0
0
0
20
0
24
0
0
0
0
0
0
0
0
0
0
0
9
0
0
0
4
0
0
0
0
0
0
0
0
0
6
0
3
0
0
0
0
0
0
0
0
0
3
0
0
0
0
0
0
0
0
0
0
0
0
0
0
0
35
0
21
0
0
0
1
0
0
0
0
0
0
0
0
0
0
0
9
0
0
0
11
0
2
0
8
0
0
0
0
0
0
0
0
0
2
0
6
0
0
0
16
0
0
0
0
0
0
0
2
0
14
0
0
0
0
0
0
0
0
0
0
0
0
0
0
0
0
0
0
0
31
0
0
0
3
0
18
0
12
0
0
0
0
0
1
0
0
0
27
0
0
0
0
0
18
0
41
0
0
0
0
0
0
0
0
0
0
0
0
0
0
0
0
0
0
0
10
0
2
0
31
0
0
0
0
0
12
0
0
0
0
0
0
0
5
0
16
0
0
0
1
0
0
0
0
0
0
0
4
0
18
0
0
0
6
0
0
0
0
0
0
0
1
0
0
0
0
0
32
0
0
0
2
0
0
0
7
0
0
0
0
0
0
0
8
0
0
0
4
0
42
0
517
0
0
0
0
0
0
0
30
0
0
0
0
0
0
0
85
0
0
0
0
0
6
0
0
0
0
0
4
0
493
0
13
0
21
0
48
0
520
265
891
785
892
455
735
308
599
80
455
0
308
0
222
0
170
0
459
161
434
0
313
0
149
0
41
0
43
0
8
0
5
0
0
0
0
0
0
0
107
0
6
0
0
0
0
0
0
0
0
0
0
0
0
0
0
0
11
0
0
0
0
0
59
0
16
0
9
0
0
0
8
0
8
0
0
0
0
0
0
0
0
0
16
0
0
0
0
0
0
0
0
0
0
0
0
0
0
0
5
0
0
0
6
0
0
0
0
0
0
0
0
0
0
0
0
0
0
0
0
0
0
0
7
0
0
0
0
0
0
0
0
0
0
0
0
0
0
0
0
0
0
0
0
0
0
0
44
0
0
0
0
0
0
0
0
0
18
0
0
0
0
0
36
0
32
0
0
0
4
0
0
0
0
0
0
0
0
0
7
0
7
0
22
0
18
0
0
0
0
0
0
0
6
0
6
0
0
0
0
0
0
0
0
0
0
0
0
0
0
0
3
0
2
0
0
0
0
0
8
0
0
0
0
0
5
0
0
0
0
0
0
0
0
0
0
0
0
0
0
0
0
0
1
0
2
0
8
0
8
0
0
0
10
0
0
0
0
0
0
0
0
0
0
0
0
0
0
0
0
0
0
0
0
0
0
0
8
0
1
0
7
0
0
0
0
0
0
0
5
0
4
0
2
0
7
0
0
0
6
0
5
0
0
0
0
0
28
0
0
0
0
0
0
0
0
0
0
0
0
0
0
0
7
0
0
0
0
0
0
0
0
0
0
0
0
0
0
0
0
0
34
0
0
0
3
0
0
0
40
0
30
0
0
0
22
0
13
0
0
0
22
0
0
0
0
0
0
0
0
0
0
0
0
0
2
0
0
0
0
0
11
0
9
0
0
0
0
0
0
0
0
0
13
0
0
0
0
0
10
0
0
0
0
0
0
0
0
0
0
0
0
0
0
0
0
0
0
0
0
0
0
0
1
0
0
0
0
0
0
0
0
0
0
0
0
0
8
0
3
0
0
0
5
0
2
0
0
0
0
0
0
0
0
0
0
0
0
0
0
0
0
0
0
0
0
0
22
0
0
0
16
0
0
0
0
0
0
0
0
0
17
0
0
0
0
0
0
0
0
0
0
0
2
0
24
0
5
0
0
0
0
0
0
0
18
0
4
0
0
0
0
0
0
0
0
0
0
0
6
0
0
0
0
0
0
0
0
0
0
0
8
0
0
0
0
0
0
0
0
0
202
0
0
0
0
0
0
0
0
0
0
0
13
0
0
0
0
0
0
0
2
0
9
0
0
0
0
0
0
0
0
0
0
0
