0
33
0
0
0
0
0
0
0
0
0
0
0
8
0
0
0
0
0
0
0
0
0
0
0
11
0
16
0
2
0
0
0
0
0
0
0
0
0
4
0
0
0
0
0
24
0
0
0
6
0
8
0
0
0
0
0
0
0
0
0
0
0
0
0
0
0
0
0
0
0
0
0
0
0
0
0
0
0
0
0
0
0
25
0
0
0
0
0
33
0
17
0
0
0
0
0
0
0
0
0
0
0
0
0
0
0
2
0
0
0
12
0
0
0
30
0
0
0
0
0
0
0
0
0
0
0
0
0
0
0
234
0
245
0
301
48
383
308
674
643
831
0
792
0
0
0
5
0
0
0
0
0
0
0
0
0
0
0
4
0
3
0
0
0
0
0
0
0
0
0
0
0
0
0
0
0
0
0
0
0
1
0
0
0
0
0
0
0
0
0
0
0
0
0
0
0
36
0
0
0
0
0
0
0
0
0
22
0
0
0
3
0
10
0
1
0
0
0
0
0
0
0
0
0
0
0
2
0
0
0
0
0
0
0
6
0
0
0
0
0
11
0
0
0
0
0
0
0
2
0
9
0
0
0
0
0
0
0
0
0
0
0
11
0
9
0
0
0
14
0
0
0
0
0
11
0
15
0
24
0
31
0
0
0
0
0
0
0
0
0
0
0
0
0
0
0
0
0
12
0
33
0
0
0
0
0
0
0
9
0
30
0
2
0
0
0
29
0
0
0
15
0
0
0
0
0
10
0
6
0
0
0
0
0
0
0
0
0
5
0
11
0
0
0
0
0
0
0
0
0
5
0
0
0
1
0
0
0
0
0
29
0
0
0
0
0
0
0
0
0
0
0
0
0
0
0
32
0
0
0
0
0
0
0
0
0
0
0
3
0
0
0
0
0
0
0
0
0
4
0
0
0
0
0
0
0
0
0
0
0
0
0
7
0
0
0
0
0
0
0
0
0
4
0
0
0
14
0
2
0
24
0
0
0
0
0
0
0
0
0
0
0
0
0
8
0
0
0
5
0
0
0
0
0
5
0
0
0
5
0
0
0
0
0
0
0
26
0
10
0
4
0
0
0
0
0
0
0
0
0
3
0
0
0
3
0
0
0
20
0
0
0
0
0
0
0
0
0
0
0
0
0
0
0
0
0
0
0
6
0
0
0
0
0
0
0
8
0
0
0
0
0
6
0
0
0
2
0
0
0
0
0
6
0
0
0
12
0
0
0
6
0
0
0
0
0
11
0
0
0
0
0
8
0
11
0
12
0
0
0
0
0
17
0
0
0
0
0
0
0
0
0
0
0
0
0
0
0
0
0
0
0
0
0
0
0
0
0
0
0
0
0
0
0
11
0
0
0
0
0
0
0
0
0
0
0
0
0
4
0
0
0
0
0
0
0
0
0
0
0
0
0
0
0
0
0
0
0
0
0
0
0
22
0
0
0
0
0
0
0
10
0
0
0
0
0
22
0
0
0
15
0
9
0
0
0
0
0
3
0
8
0
0
0
20
0
0
0
0
0
0
0
0
0
0
0
0
0
0
0
0
0
0
0
22
0
0
0
12
0
1
0
0
0
0
0
4
0
0
0
3
0
0
0
13
0
0
0
0
0
11
0
0
0
0
0
0
0
5
0
0
0
0
0
32
0
0
0
0
0
0
0
0
0
24
0
13
0
0
0
3
0
14
0
0
0
0
0
30
0
0
0
2
0
0
0
0
0
16
0
0
0
9
0
0
0
0
0
0
0
42
0
0
0
0
0
0
0
0
0
0
0
3
0
0
0
0
0
0
0
0
0
0
0
0
0
0
0
0
0
0
0
36
0
0
0
0
0
14
0
0
0
0
0
0
0
0
0
0
0
0
0
1
0
0
0
0
0
14
0
0
0
0
0
0
0
0
0
0
0
0
0
0
0
0
0
14
0
5
0
0
0
0
0
0
0
0
0
8
0
0
0
4
0
0
0
0
0
5
0
0
0
0
0
0
0
30
0
0
0
0
0
15
0
0
0
0
0
22
0
15
0
0
0
0
0
0
0
0
0
0
0
0
0
0
0
0
0
6
0
0
0
26
0
2
0
2
0
0
0
0
0
0
0
22
0
0
0
0
0
0
0
27
0
0
0
0
0
0
0
0
0
16
0
14
0
0
0
5
0
0
0
1
0
4
0
12
0
1
0
0
0
0
0
3
0
520
0
0
0
0
0
0
0
14
0
6
0
47
0
13
0
7
0
0
0
19
0
0
0
3
0
0
0
0
0
3
0
0
0
