0
0
0
0
0
0
0
0
0
2
0
0
0
0
0
18
0
0
0
9
0
15
0
0
0
0
0
38
0
0
0
0
0
0
0
1
0
0
0
30
0
0
0
0
0
6
0
0
0
17
0
2
0
9
0
17
0
0
0
0
0
18
0
9
0
0
0
0
0
5
0
0
0
0
0
0
0
0
0
0
0
0
0
0
0
0
0
0
0
0
0
0
0
3
0
0
0
32
0
0
0
27
0
0
0
0
0
0
0
0
0
0
0
0
0
0
0
0
0
0
0
0
0
5
0
0
0
20
0
16
0
6
0
3
0
0
0
0
0
0
0
0
0
0
0
0
0
0
0
0
0
6
0
0
0
0
0
0
0
10
0
5
0
1
0
3
0
0
0
0
0
0
0
0
0
0
0
8
0
0
0
1
0
0
0
0
0
34
0
14
0
0
0
0
0
11
0
0
0
0
0
0
0
5
0
0
0
0
0
0
0
0
0
0
0
6
0
2
0
0
0
0
0
16
0
8
0
0
0
0
0
0
0
0
0
0
0
21
0
0
0
14
0
0
0
0
0
17
0
24
0
1
0
2
0
0
0
2
0
0
0
13
0
0
0
0
0
26
0
0
0
1
0
0
0
1
0
0
0
0
0
0
0
0
0
20
0
0
0
0
0
0
0
0
0
0
0
1
0
0
0
0
0
0
0
0
0
18
0
0
0
0
0
0
0
0
0
15
0
0
0
0
0
12
0
0
0
39
0
0
0
0
0
0
0
0
0
0
0
0
0
0
0
4
0
0
0
0
0
5
0
0
0
0
0
0
0
0
0
2
0
6
0
0
0
0
0
0
0
0
0
0
0
0
0
0
0
0
0
61
0
0
0
8
0
0
0
0
0
25
0
0
0
0
0
0
0
0
0
0
0
6
0
0
0
0
0
0
0
0
0
19
0
0
0
0
0
0
0
0
0
0
0
0
0
0
0
0
0
0
0
19
0
0
0
2
0
0
0
0
0
0
0
0
0
25
0
12
0
0
0
0
0
0
0
0
0
3
0
0
0
0
0
6
0
0
0
0
0
0
0
0
0
0
0
0
0
0
0
0
0
0
0
0
0
0
0
0
0
7
0
0
0
17
0
0
0
0
0
0
0
0
0
26
0
4
0
0
0
2
0
0
0
0
0
0
0
38
0
0
0
0
0
0
0
0
0
2
0
0
0
4
0
0
0
30
0
0
0
15
0
11
0
28
0
9
0
0
0
24
0
48
0
93
0
70
0
72
0
109
0
122
0
176
0
162
0
82
0
128
0
148
0
477
0
3
0
52
0
2
0
15
0
33
0
150
0
150
0
12
0
24
0
2
0
13
0
511
0
389
0
0
0
5
0
19
0
719
418
721
309
708
190
624
270
675
453
651
378
638
0
0
0
5
0
8
0
0
0
0
0
0
0
0
0
10
0
9
0
0
0
1
0
0
0
2
0
0
0
0
0
0
0
0
0
0
0
24
0
0
0
0
0
26
0
0
0
33
0
0
0
0
0
17
0
0
0
0
0
0
0
0
0
0
0
0
0
0
0
0
0
0
0
0
0
0
0
0
0
17
0
0
0
0
0
0
0
0
0
0
0
0
0
0
0
3
0
0
0
0
0
0
0
0
0
0
0
9
0
0
0
0
0
4
0
0
0
8
0
0
0
5
0
8
0
8
0
0
0
0
0
0
0
29
0
0
0
0
0
0
0
0
0
0
0
9
0
15
0
0
0
1
0
0
0
0
0
0
0
0
0
24
0
0
0
0
0
0
0
0
0
1
0
0
0
0
0
19
0
0
0
0
0
0
0
0
0
0
0
0
0
0
0
0
0
7
0
0
0
3
0
0
0
0
0
0
0
0
0
0
0
0
0
0
0
0
0
0
0
6
0
2
0
0
0
0
0
7
0
0
0
0
0
0
0
0
0
0
0
5
0
2
0
16
0
0
0
11
0
0
0
0
0
0
0
0
0
0
0
29
0
15
0
0
0
0
0
2
0
3
0
0
0
0
0
0
0
0
0
0
0
8
0
0
0
20
0
24
0
0
0
0
0
9
0
0
0
0
0
1
0
10
0
6
0
0
0
0
0
12
0
0
0
0
0
0
0
0
0
0
0
0
0
0
0
7
0
0
0
16
0
0
0
0
0
0
0
0
0
0
0
0
0
0
0
237
0
0
0
0
0
0
0
0
0
0
0
0
0
0
0
0
0
18
0
0
0
0
0
0
0
0
0
0
0
0
0
0
0
3
0
