0
0
0
27
0
0
0
0
0
8
0
0
0
0
0
25
0
0
0
0
0
0
0
0
0
0
0
11
0
0
0
0
0
4
0
6
0
15
0
2
0
42
0
0
0
0
0
0
0
0
0
14
0
6
0
0
0
0
0
0
0
0
0
0
0
14
0
27
0
0
0
0
0
0
0
0
0
0
0
19
0
0
0
12
0
1
0
0
0
1
0
8
0
0
0
0
0
3
0
17
0
0
0
24
0
0
0
0
0
0
0
0
0
0
0
0
0
0
0
0
0
0
0
0
0
0
0
0
0
0
0
0
0
0
0
8
0
0
0
0
0
16
0
0
0
0
0
0
0
0
0
12
0
0
0
30
0
0
0
0
0
0
0
6
0
0
0
11
0
0
0
18
0
0
0
0
0
0
0
0
0
0
0
0
0
1
0
5
0
0
0
0
0
0
0
0
0
0
0
4
0
0
0
2
0
0
0
0
0
0
0
0
0
2
0
0
0
0
0
0
0
0
0
0
0
0
0
0
0
0
0
0
0
0
0
0
0
0
0
0
0
6
0
5
0
0
0
0
0
0
0
0
0
0
0
0
0
0
0
0
0
3
0
0
0
10
0
0
0
16
0
0
0
0
0
0
0
0
0
0
0
0
0
5
0
0
0
0
0
0
0
0
0
0
0
19
0
0
0
29
0
0
0
0
0
9
0
0
0
0
0
35
0
0
0
0
0
6
0
18
0
8
0
0
0
2
0
0
0
0
0
0
0
0
0
5
0
0
0
0
0
0
0
1
0
0
0
0
0
0
0
0
0
0
0
9
0
0
0
0
0
0
0
0
0
8
0
0
0
0
0
0
0
12
0
0
0
0
0
0
0
22
0
0
0
18
0
1
0
0
0
0
0
13
0
0
0
28
0
10
0
0
0
12
0
0
0
0
0
7
0
15
0
0
0
0
0
0
0
0
0
5
0
0
0
0
0
0
0
0
0
0
0
0
0
0
0
5
0
0
0
0
0
0
0
0
0
0
0
0
0
0
0
0
0
3
0
0
0
2
0
0
0
0
0
0
0
10
0
0
0
14
0
12
0
0
0
0
0
0
0
5
0
0
0
0
0
0
0
0
0
4
0
0
0
0
0
0
0
12
0
0
0
0
0
0
0
0
0
15
0
0
0
0
0
0
0
4
0
0
0
0
0
0
0
0
0
0
0
0
0
0
0
0
0
0
0
0
0
0
0
0
0
0
0
1
0
0
0
0
0
0
0
0
0
0
0
0
0
15
0
0
0
0
0
0
0
0
0
130
0
7
0
6
0
0
0
0
0
23
0
0
0
0
0
0
0
0
0
16
0
4
0
0
0
11
0
0
0
0
0
0
0
0
0
0
0
403
110
486
350
690
616
832
781
876
822
875
821
893
849
933
935
927
797
889
663
784
597
711
592
692
567
718
661
892
690
840
601
765
379
587
228
466
127
410
77
412
8
357
0
377
0
307
0
275
0
233
0
196
0
206
0
158
0
191
0
178
0
139
0
116
0
126
0
106
0
0
0
0
0
0
0
0
0
11
0
0
0
42
0
0
0
0
0
0
0
0
0
2
0
16
0
0
0
0
0
27
0
0
0
0
0
1
0
13
0
0
0
0
0
0
0
16
0
0
0
0
0
0
0
0
0
0
0
6
0
0
0
0
0
0
0
4
0
2
0
0
0
16
0
0
0
0
0
0
0
0
0
0
0
0
0
0
0
10
0
33
0
8
0
0
0
0
0
0
0
0
0
0
0
0
0
20
0
0
0
26
0
3
0
1
0
0
0
0
0
0
0
18
0
30
0
0
0
0
0
0
0
0
0
0
0
0
0
0
0
0
0
0
0
0
0
0
0
0
0
0
0
0
0
0
0
0
0
35
0
0
0
0
0
0
0
0
0
0
0
0
0
2
0
4
0
0
0
0
0
10
0
0
0
3
0
0
0
0
0
0
0
0
0
0
0
0
0
0
0
0
0
0
0
2
0
0
0
0
0
0
0
0
0
0
0
0
0
0
0
0
0
0
0
10
0
0
0
0
0
1
0
0
0
0
0
0
0
0
0
0
0
5
0
0
0
0
0
0
0
0
0
13
0
26
0
3
0
16
0
0
0
0
0
0
0
18
0
10
0
0
0
0
0
0
0
0
0
0
0
0
0
0
0
0
0
0
0
250
0
226
0
14
0
0
0
1
0
0
0
0
0
56
0
0
0
0
0
0
0
0
0
0
0
0
0
0
0
0
0
0
0
0
0
