0
0
0
0
0
0
0
0
0
2
0
22
0
29
0
0
0
0
0
0
0
10
0
0
0
4
0
0
0
0
0
0
0
17
0
11
0
0
0
0
0
0
0
0
0
0
0
0
0
0
0
0
0
0
0
0
0
2
0
0
0
0
0
0
0
19
0
0
0
0
0
0
0
0
0
0
0
0
0
6
0
12
0
7
0
0
0
0
0
1
0
0
0
0
0
0
0
0
0
0
0
0
0
42
0
0
0
0
0
8
0
0
0
17
0
0
0
0
0
0
0
0
0
0
0
9
0
1
0
0
0
0
0
0
0
0
0
19
0
0
0
0
0
0
0
0
0
0
0
0
0
0
0
0
0
0
0
0
0
47
0
0
0
6
0
0
0
0
0
0
0
0
0
7
0
0
0
0
0
0
0
0
0
0
0
1
0
0
0
0
0
0
0
0
0
0
0
0
0
0
0
0
0
9
0
0
0
0
0
0
0
0
0
12
0
0
0
0
0
11
0
0
0
0
0
0
0
0
0
0
0
5
0
27
0
3
0
8
0
0
0
0
0
0
0
0
0
0
0
0
0
15
0
0
0
6
0
0
0
0
0
0
0
0
0
0
0
19
0
0
0
0
0
7
0
0
0
0
0
0
0
0
0
4
0
0
0
15
0
0
0
0
0
11
0
0
0
0
0
9
0
0
0
12
0
1
0
0
0
0
0
0
0
0
0
21
0
0
0
6
0
0
0
0
0
0
0
0
0
21
0
0
0
0
0
0
0
0
0
0
0
0
0
0
0
0
0
0
0
0
0
0
0
29
0
0
0
0
0
0
0
0
0
0
0
0
0
0
0
0
0
0
0
0
0
35
0
0
0
0
0
3
0
0
0
0
0
0
0
0
0
0
0
0
0
0
0
18
0
0
0
0
0
17
0
0
0
0
0
0
0
0
0
0
0
0
0
0
0
0
0
16
0
0
0
0
0
0
0
35
0
0
0
0
0
0
0
5
0
0
0
0
0
0
0
0
0
0
0
0
0
0
0
0
0
0
0
0
0
2
0
0
0
1
0
16
0
0
0
0
0
25
0
27
0
0
0
0
0
0
0
0
0
4
0
34
0
0
0
0
0
0
0
0
0
0
0
0
0
0
0
0
0
15
0
9
0
0
0
0
0
0
0
0
0
0
0
0
0
0
0
0
0
0
0
5
0
27
0
0
0
3
0
0
0
0
0
0
0
0
0
0
0
0
0
0
0
8
0
0
0
16
0
31
0
0
0
2
0
0
0
0
0
0
0
0
0
0
0
0
0
2
0
17
0
5
0
0
0
4
0
3
0
0
0
2
0
0
0
30
0
0
0
24
0
0
0
21
0
17
0
0
0
0
0
0
0
0
0
0
0
6
0
0
0
0
0
0
0
0
0
0
0
0
0
0
0
0
0
0
0
3
0
0
0
0
0
9
0
22
0
12
0
0
0
5
0
0
0
20
0
18
0
0
0
0
0
0
0
0
0
72
0
0
0
0
0
0
0
0
0
8
0
0
0
0
0
0
0
0
0
0
0
0
0
2
0
11
0
0
0
0
0
35
0
0
0
0
0
1
0
12
0
0
0
0
0
9
0
310
0
638
0
651
0
656
0
12
0
0
0
0
0
0
0
24
0
0
0
7
0
19
0
0
0
7
0
0
0
30
0
0
0
0
0
0
0
0
0
0
0
0
0
0
0
0
0
0
0
0
0
0
0
0
0
9
0
5
0
0
0
0
0
0
0
0
0
0
0
0
0
0
0
0
0
0
0
0
0
38
0
6
0
0
0
0
0
0
0
0
0
0
0
0
0
14
0
0
0
0
0
3
0
0
0
0
0
0
0
0
0
0
0
8
0
13
0
0
0
28
0
0
0
0
0
0
0
0
0
0
0
0
0
5
0
0
0
0
0
14
0
0
0
0
0
0
0
2
0
0
0
0
0
0
0
0
0
0
0
0
0
2
0
0
0
0
0
2
0
1
0
12
0
0
0
17
0
10
0
0
0
0
0
0
0
0
0
0
0
0
0
0
0
9
0
0
0
0
0
0
0
0
0
0
0
0
0
0
0
0
0
4
0
18
0
0
0
0
0
0
0
66
0
163
0
170
0
31
0
102
0
23
0
0
0
0
0
13
0
11
0
14
0
0
0
0
0
0
0
6
0
4
0
3
0
14
0
200
0
0
0
0
0
0
0
0
0
0
0
27
0
0
0
0
0
20
0
0
0
0
0
4
0
0
0
0
0
0
0
0
0
