0
0
0
1
0
0
0
8
0
0
0
11
0
7
0
0
0
11
0
0
0
0
0
0
0
0
0
5
0
0
0
0
0
18
0
2
0
0
0
0
0
10
0
0
0
0
0
0
0
0
0
0
0
5
0
0
0
28
0
13
0
0
0
0
0
0
0
0
0
0
0
0
0
0
0
1
0
0
0
0
0
0
0
0
0
17
0
0
0
0
0
0
0
0
0
0
0
2
0
0
0
0
0
1
0
0
0
0
0
0
0
0
0
27
0
6
0
0
0
0
0
4
0
0
0
0
0
10
0
0
0
1
0
16
0
0
0
0
0
2
0
0
0
0
0
0
0
0
0
0
0
6
0
0
0
19
0
0
0
0
0
0
0
0
0
0
0
0
0
0
0
3
0
0
0
0
0
0
0
1
0
0
0
0
0
0
0
0
0
0
0
0
0
4
0
0
0
0
0
0
0
22
0
0
0
0
0
0
0
0
0
20
0
0
0
25
0
0
0
12
0
9
0
9
0
0
0
0
0
18
0
5
0
0
0
0
0
0
0
0
0
0
0
0
0
0
0
7
0
0
0
0
0
24
0
0
0
13
0
0
0
0
0
0
0
0
0
3
0
0
0
0
0
3
0
0
0
0
0
0
0
10
0
25
0
51
0
0
0
0
0
6
0
0
0
0
0
0
0
6
0
0
0
0
0
0
0
0
0
0
0
0
0
8
0
0
0
0
0
0
0
0
0
0
0
0
0
0
0
0
0
0
0
0
0
0
0
6
0
0
0
7
0
0
0
0
0
15
0
3
0
19
0
0
0
0
0
0
0
3
0
0
0
0
0
2
0
0
0
0
0
15
0
23
0
2
0
0
0
8
0
5
0
0
0
0
0
24
0
26
0
0
0
0
0
10
0
0
0
0
0
0
0
0
0
0
0
16
0
10
0
0
0
8
0
10
0
0
0
0
0
7
0
0
0
11
0
0
0
9
0
0
0
0
0
0
0
3
0
6
0
0
0
0
0
0
0
0
0
0
0
0
0
0
0
0
0
0
0
0
0
0
0
0
0
0
0
0
0
7
0
0
0
5
0
2
0
12
0
5
0
0
0
0
0
27
0
21
0
0
0
0
0
5
0
175
0
14
0
8
0
40
0
15
0
41
0
46
0
72
0
88
0
85
0
126
0
343
58
611
462
722
580
742
649
831
0
841
0
462
229
899
781
899
413
652
297
509
274
501
148
397
0
385
0
317
0
337
0
315
0
248
0
179
0
175
0
126
0
88
0
30
0
33
0
48
0
114
0
1
0
64
0
1
0
0
0
0
0
4
0
0
0
4
0
0
0
0
0
0
0
12
0
103
0
33
0
12
0
3
0
0
0
65
0
0
0
102
0
138
0
152
0
204
0
286
0
282
0
0
0
0
0
13
0
0
0
0
0
0
0
0
0
0
0
0
0
0
0
3
0
0
0
0
0
0
0
4
0
10
0
0
0
0
0
9
0
0
0
25
0
0
0
0
0
26
0
25
0
20
0
0
0
0
0
0
0
0
0
0
0
0
0
0
0
11
0
0
0
0
0
0
0
0
0
98
0
0
0
0
0
7
0
9
0
0
0
0
0
0
0
12
0
0
0
29
0
0
0
30
0
5
0
5
0
0
0
4
0
7
0
0
0
0
0
2
0
0
0
0
0
0
0
17
0
7
0
0
0
0
0
2
0
0
0
3
0
19
0
0
0
0
0
0
0
21
0
0
0
0
0
0
0
0
0
0
0
0
0
0
0
1
0
0
0
0
0
0
0
0
0
5
0
0
0
0
0
0
0
0
0
0
0
27
0
0
0
0
0
0
0
0
0
0
0
0
0
0
0
0
0
0
0
0
0
0
0
0
0
15
0
2
0
0
0
0
0
0
0
0
0
0
0
0
0
0
0
0
0
0
0
0
0
0
0
13
0
8
0
0
0
0
0
0
0
0
0
0
0
0
0
1
0
2
0
3
0
0
0
5
0
0
0
0
0
0
0
0
0
0
0
2
0
5
0
0
0
0
0
26
0
1
0
0
0
2
0
0
0
0
0
21
0
0
0
24
0
0
0
0
0
0
0
0
0
0
0
0
0
3
0
0
0
3
0
0
0
12
0
14
0
0
0
3
0
3
0
33
0
6
0
0
0
13
0
0
0
0
0
0
0
7
0
0
0
0
0
243
0
0
0
0
0
0
0
0
0
2
0
3
0
0
0
0
0
1
0
0
0
0
0
0
0
8
0
4
0
0
0
0
0
