0
0
0
1
0
0
0
0
0
0
0
3
0
0
0
19
0
0
0
0
0
0
0
0
0
18
0
4
0
0
0
0
0
45
0
0
0
0
0
0
0
0
0
1
0
0
0
0
0
0
0
2
0
0
0
10
0
18
0
0
0
7
0
0
0
0
0
0
0
0
0
4
0
0
0
0
0
21
0
1
0
0
0
11
0
10
0
0
0
0
0
0
0
0
0
0
0
0
0
0
0
12
0
0
0
0
0
4
0
1
0
0
0
0
0
0
0
0
0
0
0
12
0
0
0
0
0
0
0
0
0
2
0
0
0
0
0
0
0
8
0
0
0
0
0
0
0
34
0
0
0
0
0
0
0
0
0
0
0
0
0
0
0
0
0
8
0
0
0
0
0
1
0
0
0
0
0
0
0
0
0
0
0
0
0
0
0
6
0
0
0
15
0
0
0
0
0
0
0
0
0
0
0
0
0
0
0
16
0
1
0
0
0
2
0
9
0
27
0
0
0
0
0
1
0
0
0
26
0
15
0
0
0
0
0
0
0
0
0
0
0
0
0
7
0
0
0
1
0
8
0
13
0
68
0
0
0
0
0
0
0
0
0
14
0
0
0
0
0
0
0
0
0
8
0
0
0
2
0
5
0
0
0
44
0
0
0
0
0
0
0
0
0
0
0
0
0
1
0
0
0
0
0
0
0
0
0
0
0
0
0
0
0
8
0
8
0
0
0
0
0
17
0
0
0
0
0
0
0
0
0
0
0
0
0
0
0
0
0
0
0
16
0
0
0
6
0
4
0
0
0
0
0
0
0
0
0
10
0
0
0
0
0
0
0
0
0
0
0
16
0
45
0
0
0
0
0
0
0
0
0
0
0
0
0
0
0
21
0
0
0
0
0
0
0
1
0
28
0
9
0
4
0
0
0
0
0
2
0
7
0
0
0
5
0
0
0
7
0
14
0
0
0
0
0
0
0
0
0
13
0
0
0
0
0
0
0
0
0
0
0
0
0
0
0
3
0
23
0
0
0
1
0
0
0
0
0
0
0
8
0
0
0
24
0
0
0
12
0
0
0
32
0
0
0
0
0
0
0
0
0
0
0
0
0
0
0
0
0
0
0
0
0
0
0
0
0
0
0
0
0
0
0
0
0
17
0
0
0
0
0
20
0
0
0
0
0
3
0
0
0
11
0
0
0
0
0
3
0
0
0
0
0
15
0
19
0
0
0
24
0
15
0
0
0
1
0
0
0
0
0
0
0
0
0
0
0
8
0
10
0
12
0
2
0
0
0
4
0
191
0
8
0
10
0
0
0
0
0
0
0
0
0
6
0
0
0
0
0
0
0
1
0
0
0
0
0
26
0
7
0
72
0
122
0
152
0
145
0
54
0
19
0
14
0
21
0
196
0
117
0
174
0
249
0
304
0
379
33
360
89
408
150
413
256
543
409
682
587
760
684
788
695
776
657
755
668
803
723
903
861
931
730
898
78
929
806
882
844
926
895
936
733
895
332
605
0
334
0
117
0
122
0
125
0
288
0
0
0
14
0
0
0
0
0
0
0
0
0
0
0
0
0
0
0
0
0
0
0
0
0
0
0
15
0
0
0
0
0
19
0
338
0
323
0
240
0
296
0
12
0
0
0
0
0
0
0
0
0
0
0
0
0
0
0
0
0
10
0
0
0
0
0
0
0
19
0
0
0
2
0
9
0
0
0
0
0
0
0
0
0
8
0
0
0
0
0
4
0
6
0
0
0
0
0
0
0
0
0
0
0
20
0
0
0
0
0
23
0
0
0
0
0
2
0
20
0
0
0
8
0
1
0
0
0
0
0
0
0
29
0
0
0
8
0
0
0
0
0
0
0
0
0
0
0
0
0
0
0
0
0
0
0
0
0
0
0
0
0
0
0
0
0
0
0
0
0
0
0
0
0
6
0
0
0
0
0
0
0
20
0
0
0
0
0
0
0
0
0
0
0
0
0
0
0
3
0
0
0
13
0
4
0
0
0
0
0
11
0
0
0
0
0
0
0
38
0
0
0
0
0
0
0
0
0
0
0
0
0
0
0
0
0
0
0
0
0
0
0
0
0
0
0
0
0
0
0
46
0
0
0
0
0
6
0
0
0
9
0
0
0
15
0
0
0
18
0
12
0
0
0
0
0
4
0
0
0
0
0
0
0
0
0
0
0
232
0
226
0
0
0
0
0
0
0
0
0
41
0
0
0
11
0
0
0
22
0
4
0
32
0
0
0
0
0
33
0
0
0
0
0
