0
0
0
6
0
3
0
0
0
2
0
0
0
3
0
0
0
0
0
0
0
0
0
0
0
1
0
0
0
0
0
1
0
19
0
0
0
10
0
0
0
2
0
9
0
0
0
21
0
12
0
0
0
0
0
10
0
0
0
0
0
0
0
0
0
0
0
0
0
0
0
13
0
0
0
38
0
0
0
6
0
4
0
0
0
0
0
3
0
0
0
0
0
0
0
0
0
1
0
4
0
0
0
6
0
0
0
0
0
0
0
0
0
5
0
25
0
0
0
0
0
22
0
0
0
0
0
6
0
0
0
0
0
18
0
0
0
0
0
0
0
0
0
2
0
0
0
0
0
0
0
0
0
0
0
0
0
7
0
0
0
0
0
0
0
0
0
2
0
3
0
0
0
0
0
0
0
0
0
0
0
4
0
0
0
0
0
15
0
0
0
0
0
0
0
28
0
0
0
0
0
0
0
0
0
4
0
0
0
3
0
2
0
0
0
22
0
0
0
0
0
0
0
0
0
0
0
0
0
0
0
0
0
28
0
15
0
0
0
0
0
0
0
0
0
6
0
0
0
0
0
32
0
0
0
0
0
0
0
0
0
4
0
0
0
3
0
0
0
0
0
0
0
4
0
9
0
0
0
0
0
0
0
0
0
0
0
0
0
3
0
0
0
0
0
13
0
0
0
0
0
0
0
0
0
0
0
0
0
0
0
0
0
1
0
0
0
2
0
6
0
5
0
0
0
0
0
0
0
8
0
0
0
0
0
0
0
0
0
0
0
0
0
10
0
0
0
0
0
0
0
2
0
6
0
0
0
0
0
16
0
24
0
30
0
0
0
0
0
0
0
15
0
0
0
0
0
0
0
0
0
0
0
0
0
0
0
0
0
0
0
0
0
117
0
4
0
0
0
9
0
0
0
12
0
50
0
0
0
0
0
0
0
0
0
0
0
0
0
20
0
13
0
0
0
7
0
1
0
64
0
108
0
236
0
357
16
392
145
557
0
612
0
311
0
520
339
808
705
878
596
849
237
570
8
386
0
281
0
188
0
146
0
79
0
144
0
50
0
25
0
16
0
9
0
0
0
0
0
0
0
28
0
0
0
4
0
12
0
0
0
0
0
0
0
5
0
0
0
0
0
0
0
0
0
0
0
0
0
0
0
0
0
0
0
7
0
0
0
5
0
2
0
13
0
0
0
0
0
0
0
20
0
0
0
0
0
0
0
0
0
13
0
8
0
0
0
10
0
9
0
22
0
4
0
7
0
19
0
0
0
10
0
18
0
3
0
0
0
0
0
0
0
0
0
3
0
0
0
0
0
0
0
22
0
0
0
0
0
0
0
12
0
0
0
2
0
0
0
0
0
15
0
9
0
0
0
0
0
0
0
0
0
0
0
58
0
6
0
0
0
13
0
0
0
13
0
0
0
0
0
0
0
0
0
15
0
0
0
16
0
0
0
0
0
19
0
0
0
0
0
26
0
1
0
0
0
0
0
0
0
9
0
12
0
0
0
14
0
0
0
0
0
5
0
3
0
0
0
0
0
0
0
32
0
0
0
0
0
0
0
0
0
49
0
4
0
52
0
0
0
25
0
0
0
0
0
0
0
0
0
2
0
0
0
0
0
0
0
0
0
0
0
21
0
0
0
0
0
0
0
0
0
5
0
0
0
0
0
0
0
0
0
0
0
16
0
0
0
0
0
0
0
0
0
0
0
0
0
0
0
0
0
0
0
0
0
0
0
0
0
16
0
11
0
0
0
0
0
0
0
0
0
0
0
0
0
0
0
0
0
0
0
0
0
0
0
6
0
7
0
0
0
0
0
0
0
0
0
13
0
16
0
0
0
0
0
5
0
0
0
0
0
12
0
0
0
22
0
0
0
0
0
0
0
0
0
0
0
0
0
0
0
0
0
0
0
0
0
0
0
0
0
0
0
6
0
0
0
0
0
14
0
0
0
0
0
20
0
9
0
16
0
12
0
0
0
0
0
0
0
0
0
26
0
0
0
5
0
0
0
0
0
0
0
0
0
0
0
0
0
6
0
0
0
0
0
0
0
0
0
32
0
0
0
0
0
0
0
0
0
0
0
0
0
0
0
5
0
1
0
0
0
0
0
0
0
0
0
6
0
28
0
13
0
0
0
3
0
0
0
0
0
0
0
0
0
0
0
0
0
0
0
0
0
0
0
401
0
0
0
0
0
0
0
0
0
0
0
0
0
1
0
23
0
0
0
0
0
2
0
0
0
26
0
0
0
0
0
0
0
