0
0
0
17
0
0
0
0
0
0
0
0
0
0
0
0
0
0
0
0
0
0
0
0
0
0
0
0
0
0
0
0
0
0
0
0
0
9
0
0
0
0
0
4
0
0
0
15
0
0
0
5
0
0
0
0
0
27
0
0
0
0
0
0
0
0
0
0
0
0
0
0
0
0
0
0
0
0
0
0
0
17
0
0
0
0
0
0
0
16
0
20
0
0
0
0
0
1
0
15
0
8
0
0
0
0
0
6
0
24
0
10
0
0
0
0
0
0
0
10
0
0
0
0
0
44
0
9
0
0
0
0
0
7
0
11
0
0
0
0
0
0
0
11
0
0
0
0
0
0
0
2
0
5
0
0
0
0
0
2
0
0
0
0
0
0
0
0
0
7
0
23
0
0
0
0
0
2
0
0
0
0
0
0
0
15
0
0
0
2
0
3
0
12
0
0
0
0
0
0
0
4
0
17
0
0
0
0
0
2
0
0
0
0
0
0
0
10
0
8
0
0
0
11
0
0
0
0
0
4
0
21
0
0
0
9
0
0
0
0
0
0
0
0
0
0
0
0
0
0
0
0
0
0
0
0
0
0
0
0
0
0
0
0
0
13
0
0
0
0
0
0
0
0
0
8
0
0
0
0
0
0
0
0
0
0
0
5
0
0
0
0
0
0
0
0
0
0
0
0
0
0
0
0
0
38
0
0
0
0
0
5
0
5
0
0
0
0
0
9
0
0
0
0
0
5
0
0
0
0
0
0
0
0
0
0
0
0
0
0
0
0
0
12
0
0
0
0
0
10
0
0
0
10
0
0
0
0
0
0
0
0
0
0
0
0
0
34
0
0
0
0
0
0
0
0
0
11
0
0
0
0
0
0
0
0
0
0
0
11
0
9
0
0
0
0
0
0
0
24
0
0
0
0
0
0
0
0
0
0
0
3
0
0
0
0
0
35
0
0
0
21
0
6
0
0
0
0
0
0
0
2
0
0
0
28
0
0
0
16
0
0
0
28
0
0
0
9
0
0
0
0
0
0
0
0
0
0
0
5
0
16
0
0
0
0
0
0
0
0
0
0
0
0
0
0
0
0
0
240
0
169
0
301
0
295
0
11
0
0
0
309
0
484
405
830
792
901
465
833
0
548
0
42
0
0
0
17
0
4
0
0
0
0
0
0
0
0
0
7
0
0
0
7
0
24
0
1
0
1
0
0
0
32
0
0
0
5
0
0
0
0
0
6
0
4
0
0
0
0
0
0
0
0
0
0
0
0
0
0
0
7
0
0
0
0
0
0
0
0
0
0
0
9
0
8
0
0
0
0
0
9
0
11
0
0
0
0
0
0
0
0
0
0
0
144
0
226
0
212
0
202
0
226
0
246
0
246
0
219
0
183
0
114
0
115
0
133
0
131
0
6
0
0
0
6
0
0
0
26
0
0
0
0
0
0
0
0
0
0
0
0
0
0
0
4
0
0
0
0
0
0
0
30
0
0
0
0
0
0
0
0
0
0
0
0
0
0
0
0
0
0
0
0
0
0
0
0
0
0
0
0
0
1
0
23
0
0
0
0
0
0
0
0
0
0
0
3
0
29
0
0
0
0
0
0
0
57
0
0
0
19
0
0
0
0
0
20
0
5
0
0
0
0
0
0
0
9
0
0
0
50
0
0
0
0
0
0
0
0
0
0
0
0
0
0
0
29
0
12
0
10
0
0
0
0
0
0
0
0
0
1
0
0
0
0
0
18
0
0
0
0
0
0
0
18
0
0
0
0
0
0
0
1
0
0
0
0
0
3
0
0
0
0
0
9
0
0
0
14
0
0
0
0
0
23
0
0
0
9
0
0
0
0
0
0
0
0
0
0
0
13
0
0
0
9
0
0
0
0
0
21
0
0
0
1
0
0
0
0
0
0
0
0
0
0
0
0
0
0
0
0
0
17
0
0
0
0
0
0
0
0
0
0
0
7
0
0
0
3
0
0
0
0
0
0
0
0
0
0
0
3
0
0
0
0
0
0
0
15
0
0
0
0
0
0
0
0
0
0
0
0
0
0
0
0
0
2
0
0
0
18
0
0
0
0
0
0
0
0
0
0
0
1
0
0
0
0
0
7
0
14
0
24
0
0
0
0
0
6
0
5
0
0
0
0
0
0
0
5
0
0
0
5
0
0
0
0
0
0
0
120
0
69
0
78
0
307
0
0
0
14
0
0
0
12
0
0
0
0
0
0
0
0
0
6
0
0
0
0
0
0
0
0
0
0
0
0
0
0
0
