0
8
0
18
0
0
0
0
0
0
0
1
0
0
0
10
0
14
0
0
0
0
0
0
0
3
0
0
0
0
0
0
0
0
0
0
0
0
0
0
0
4
0
11
0
0
0
2
0
0
0
0
0
0
0
0
0
0
0
0
0
0
0
0
0
0
0
0
0
0
0
0
0
0
0
0
0
0
0
0
0
0
0
0
0
10
0
6
0
14
0
26
0
0
0
0
0
3
0
14
0
38
0
0
0
6
0
0
0
0
0
0
0
3
0
0
0
3
0
6
0
0
0
0
0
0
0
0
0
0
0
0
0
0
0
0
0
8
0
0
0
0
0
8
0
6
0
4
0
0
0
0
0
0
0
0
0
0
0
0
0
0
0
0
0
0
0
0
0
7
0
12
0
0
0
7
0
0
0
2
0
0
0
0
0
2
0
1
0
0
0
0
0
21
0
8
0
0
0
0
0
0
0
0
0
0
0
0
0
10
0
1
0
0
0
0
0
23
0
0
0
0
0
0
0
0
0
0
0
0
0
0
0
0
0
19
0
10
0
0
0
0
0
8
0
0
0
0
0
0
0
6
0
72
0
849
801
873
267
736
0
327
0
603
0
408
0
269
0
125
0
66
0
49
0
8
0
0
0
0
0
2
0
22
0
0
0
15
0
0
0
0
0
0
0
0
0
0
0
24
0
0
0
0
0
4
0
0
0
7
0
0
0
0
0
0
0
0
0
10
0
0
0
0
0
0
0
0
0
0
0
12
0
0
0
0
0
0
0
0
0
0
0
0
0
0
0
0
0
0
0
0
0
0
0
0
0
0
0
4
0
0
0
0
0
0
0
0
0
0
0
0
0
0
0
0
0
0
0
0
0
33
0
0
0
7
0
0
0
1
0
3
0
0
0
11
0
0
0
0
0
5
0
0
0
0
0
0
0
5
0
9
0
22
0
0
0
3
0
0
0
0
0
4
0
0
0
0
0
0
0
0
0
4
0
0
0
7
0
8
0
32
0
0
0
0
0
0
0
0
0
0
0
16
0
8
0
0
0
0
0
0
0
29
0
10
0
0
0
0
0
0
0
0
0
0
0
7
0
11
0
1
0
8
0
0
0
14
0
23
0
0
0
0
0
2
0
0
0
6
0
0
0
0
0
0
0
0
0
13
0
4
0
0
0
0
0
0
0
0
0
6
0
0
0
0
0
0
0
0
0
11
0
0
0
0
0
0
0
0
0
0
0
0
0
0
0
26
0
0
0
0
0
0
0
0
0
19
0
0
0
0
0
0
0
15
0
0
0
0
0
6
0
21
0
0
0
6
0
0
0
0
0
0
0
0
0
0
0
0
0
2
0
0
0
0
0
0
0
0
0
7
0
0
0
0
0
0
0
11
0
0
0
3
0
0
0
0
0
0
0
0
0
0
0
15
0
5
0
0
0
0
0
44
0
0
0
0
0
13
0
21
0
0
0
0
0
0
0
0
0
0
0
0
0
0
0
0
0
0
0
0
0
0
0
0
0
0
0
5
0
0
0
0
0
4
0
0
0
3
0
0
0
28
0
0
0
0
0
0
0
22
0
0
0
4
0
46
0
0
0
21
0
4
0
0
0
17
0
0
0
0
0
0
0
2
0
0
0
0
0
0
0
29
0
0
0
0
0
3
0
19
0
0
0
0
0
15
0
2
0
0
0
0
0
7
0
0
0
0
0
0
0
4
0
5
0
3
0
0
0
0
0
8
0
0
0
0
0
36
0
0
0
18
0
11
0
0
0
0
0
13
0
8
0
14
0
0
0
0
0
0
0
13
0
1
0
0
0
0
0
0
0
7
0
1
0
3
0
0
0
0
0
0
0
0
0
0
0
8
0
0
0
5
0
0
0
0
0
0
0
0
0
0
0
0
0
0
0
6
0
0
0
1
0
0
0
0
0
0
0
0
0
9
0
5
0
0
0
0
0
0
0
0
0
9
0
31
0
0
0
0
0
0
0
2
0
0
0
39
0
0
0
0
0
0
0
0
0
7
0
2
0
0
0
0
0
0
0
0
0
0
0
0
0
0
0
4
0
15
0
0
0
9
0
0
0
0
0
9
0
0
0
0
0
12
0
0
0
11
0
0
0
8
0
0
0
10
0
0
0
0
0
20
0
0
0
0
0
0
0
0
0
20
0
0
0
16
0
0
0
0
0
17
0
9
0
321
0
0
0
0
0
0
0
0
0
0
0
0
0
0
0
0
0
0
0
0
0
0
0
0
0
0
0
0
0
0
0
18
0
