0
0
0
0
0
10
0
43
0
0
0
0
0
0
0
0
0
0
0
0
0
0
0
4
0
0
0
3
0
0
0
1
0
0
0
0
0
0
0
0
0
0
0
0
0
6
0
0
0
5
0
3
0
0
0
28
0
0
0
17
0
0
0
26
0
1
0
0
0
0
0
3
0
0
0
0
0
0
0
0
0
5
0
0
0
0
0
18
0
18
0
0
0
13
0
0
0
0
0
0
0
0
0
0
0
0
0
0
0
0
0
0
0
0
0
3
0
15
0
0
0
0
0
0
0
0
0
4
0
7
0
0
0
0
0
20
0
8
0
0
0
0
0
0
0
0
0
0
0
0
0
16
0
0
0
0
0
0
0
0
0
17
0
0
0
0
0
0
0
0
0
0
0
0
0
0
0
0
0
0
0
0
0
0
0
0
0
0
0
18
0
0
0
0
0
0
0
0
0
5
0
15
0
17
0
1
0
0
0
16
0
10
0
0
0
0
0
0
0
0
0
0
0
0
0
0
0
0
0
0
0
14
0
0
0
4
0
3
0
0
0
0
0
0
0
0
0
0
0
0
0
3
0
0
0
0
0
0
0
0
0
0
0
0
0
0
0
0
0
10
0
14
0
13
0
0
0
0
0
8
0
0
0
0
0
0
0
32
0
0
0
0
0
15
0
0
0
0
0
0
0
0
0
0
0
0
0
0
0
0
0
0
0
0
0
0
0
0
0
0
0
15
0
0
0
15
0
19
0
0
0
0
0
0
0
0
0
0
0
5
0
0
0
0
0
6
0
0
0
9
0
0
0
0
0
0
0
36
0
0
0
0
0
0
0
3
0
0
0
0
0
0
0
0
0
0
0
15
0
19
0
0
0
0
0
0
0
0
0
16
0
0
0
0
0
0
0
0
0
0
0
0
0
0
0
12
0
6
0
18
0
16
0
0
0
18
0
23
0
0
0
3
0
4
0
0
0
0
0
23
0
0
0
0
0
0
0
24
0
0
0
13
0
0
0
0
0
0
0
0
0
0
0
7
0
0
0
7
0
0
0
1
0
0
0
0
0
0
0
0
0
0
0
0
0
27
0
6
0
2
0
0
0
0
0
0
0
0
0
0
0
6
0
0
0
0
0
0
0
0
0
0
0
0
0
0
0
0
0
3
0
0
0
0
0
0
0
3
0
0
0
10
0
0
0
16
0
0
0
15
0
8
0
8
0
26
0
13
0
52
0
66
0
51
0
97
0
20
0
31
0
123
0
208
0
285
0
331
0
341
0
317
64
359
210
493
412
689
0
844
0
0
0
8
0
22
0
0
0
34
0
9
0
31
0
0
0
96
0
69
0
0
0
33
0
0
0
619
0
650
0
685
214
660
0
521
0
489
0
454
0
470
0
354
0
0
0
0
0
0
0
0
0
0
0
0
0
0
0
23
0
0
0
0
0
14
0
32
0
8
0
4
0
0
0
0
0
0
0
0
0
0
0
0
0
12
0
15
0
0
0
0
0
0
0
0
0
0
0
0
0
0
0
0
0
0
0
0
0
0
0
0
0
0
0
0
0
0
0
0
0
1
0
0
0
6
0
0
0
0
0
0
0
15
0
0
0
4
0
2
0
3
0
0
0
0
0
0
0
0
0
0
0
0
0
0
0
0
0
0
0
0
0
0
0
22
0
0
0
4
0
0
0
0
0
12
0
0
0
19
0
17
0
0
0
0
0
56
0
22
0
0
0
0
0
0
0
0
0
0
0
0
0
0
0
0
0
0
0
0
0
2
0
4
0
0
0
18
0
26
0
2
0
11
0
0
0
0
0
0
0
10
0
7
0
0
0
17
0
12
0
12
0
0
0
0
0
18
0
2
0
0
0
2
0
0
0
38
0
0
0
0
0
0
0
21
0
0
0
0
0
6
0
0
0
0
0
11
0
0
0
0
0
0
0
0
0
0
0
30
0
26
0
0
0
0
0
0
0
0
0
0
0
0
0
0
0
0
0
0
0
0
0
0
0
0
0
0
0
6
0
16
0
0
0
0
0
0
0
2
0
8
0
0
0
0
0
0
0
32
0
0
0
0
0
0
0
0
0
12
0
0
0
6
0
0
0
0
0
9
0
0
0
0
0
0
0
15
0
3
0
0
0
0
0
1
0
0
0
0
0
2
0
4
0
2
0
0
0
0
0
33
0
0
0
34
0
225
0
8
0
10
0
34
0
0
0
6
0
11
0
0
0
0
0
0
0
14
0
0
0
0
0
1
0
2
0
0
0
54
0
