0
0
0
12
0
10
0
0
0
0
0
0
0
0
0
34
0
0
0
0
0
10
0
0
0
0
0
10
0
0
0
0
0
3
0
0
0
36
0
2
0
0
0
0
0
0
0
0
0
8
0
20
0
0
0
0
0
0
0
0
0
0
0
0
0
1
0
0
0
0
0
0
0
2
0
12
0
0
0
14
0
0
0
0
0
0
0
0
0
24
0
2
0
0
0
9
0
0
0
0
0
0
0
0
0
16
0
0
0
0
0
0
0
0
0
9
0
26
0
0
0
16
0
0
0
32
0
0
0
0
0
12
0
0
0
7
0
0
0
9
0
0
0
26
0
0
0
0
0
0
0
0
0
0
0
0
0
0
0
0
0
20
0
0
0
46
0
5
0
1
0
0
0
0
0
12
0
1
0
0
0
0
0
3
0
0
0
0
0
0
0
0
0
0
0
0
0
1
0
3
0
0
0
0
0
4
0
0
0
0
0
25
0
19
0
0
0
8
0
0
0
0
0
0
0
0
0
0
0
0
0
0
0
0
0
12
0
0
0
0
0
5
0
0
0
0
0
23
0
0
0
17
0
0
0
9
0
0
0
2
0
0
0
0
0
0
0
12
0
0
0
0
0
5
0
0
0
0
0
0
0
0
0
0
0
16
0
0
0
0
0
11
0
0
0
0
0
0
0
4
0
5
0
23
0
21
0
0
0
0
0
0
0
0
0
0
0
0
0
26
0
0
0
12
0
0
0
0
0
0
0
3
0
0
0
0
0
0
0
0
0
0
0
0
0
4
0
0
0
0
0
2
0
6
0
0
0
0
0
0
0
0
0
0
0
12
0
3
0
0
0
0
0
3
0
0
0
31
0
43
0
5
0
0
0
3
0
5
0
1
0
0
0
0
0
11
0
4
0
0
0
0
0
10
0
0
0
0
0
8
0
0
0
6
0
0
0
0
0
0
0
0
0
4
0
16
0
32
0
0
0
8
0
0
0
0
0
0
0
9
0
0
0
8
0
16
0
0
0
0
0
0
0
0
0
0
0
24
0
0
0
0
0
0
0
17
0
0
0
0
0
0
0
0
0
0
0
0
0
0
0
0
0
0
0
0
0
0
0
0
0
0
0
6
0
0
0
0
0
0
0
8
0
0
0
0
0
0
0
0
0
13
0
0
0
0
0
0
0
11
0
0
0
0
0
0
0
0
0
1
0
13
0
0
0
0
0
0
0
0
0
2
0
0
0
0
0
0
0
0
0
0
0
0
0
0
0
0
0
25
0
47
0
2
0
6
0
0
0
0
0
0
0
0
0
0
0
0
0
2
0
9
0
0
0
0
0
0
0
4
0
0
0
0
0
9
0
0
0
0
0
0
0
0
0
0
0
0
0
20
0
0
0
0
0
0
0
1
0
0
0
0
0
0
0
3
0
0
0
0
0
0
0
0
0
3
0
0
0
1
0
0
0
0
0
2
0
0
0
0
0
0
0
0
0
0
0
0
0
0
0
0
0
0
0
0
0
119
0
0
0
0
0
11
0
3
0
0
0
0
0
0
0
0
0
17
0
0
0
0
0
0
0
0
0
17
0
0
0
0
0
31
0
0
0
0
0
0
0
12
0
0
0
0
0
0
0
15
0
0
0
0
0
0
0
0
0
8
0
0
0
0
0
0
0
0
0
2
0
5
0
0
0
0
0
14
0
0
0
0
0
0
0
0
0
0
0
0
0
0
0
1
0
0
0
0
0
0
0
0
0
7
0
4
0
0
0
14
0
7
0
0
0
0
0
0
0
0
0
25
0
0
0
0
0
0
0
13
0
19
0
0
0
14
0
13
0
0
0
5
0
0
0
0
0
10
0
0
0
0
0
0
0
6
0
0
0
0
0
0
0
0
0
0
0
3
0
45
0
0
0
0
0
24
0
0
0
461
0
189
0
228
0
139
0
106
0
87
0
880
0
0
0
15
0
7
0
9
0
28
0
0
0
16
0
17
0
18
0
23
0
39
0
63
0
37
0
53
0
76
0
76
0
96
0
430
0
4
0
53
0
15
0
35
0
611
0
58
0
41
0
26
0
59
0
44
0
49
0
42
0
85
0
158
0
202
0
306
0
230
0
171
0
31
0
194
0
164
0
17
0
2
0
0
0
7
0
0
0
880
0
806
0
134
0
24
0
0
0
0
0
0
0
21
0
0
0
175
0
0
0
13
0
16
0
15
0
0
0
0
0
0
0
0
0
0
0
5
0
0
0
42
0
0
0
14
0
0
0
11
0
