0
6
0
6
0
0
0
0
0
11
0
0
0
0
0
7
0
24
0
0
0
0
0
0
0
21
0
0
0
0
0
0
0
0
0
0
0
1
0
0
0
0
0
0
0
0
0
0
0
0
0
6
0
0
0
11
0
0
0
17
0
0
0
0
0
18
0
0
0
0
0
0
0
0
0
0
0
7
0
27
0
0
0
16
0
0
0
0
0
12
0
0
0
0
0
0
0
0
0
10
0
0
0
0
0
0
0
2
0
0
0
11
0
0
0
0
0
0
0
0
0
1
0
0
0
35
0
4
0
0
0
0
0
33
0
0
0
0
0
0
0
0
0
12
0
0
0
0
0
0
0
5
0
0
0
0
0
23
0
0
0
0
0
0
0
0
0
0
0
0
0
0
0
0
0
33
0
0
0
0
0
36
0
0
0
35
0
0
0
0
0
0
0
0
0
5
0
0
0
0
0
0
0
26
0
19
0
0
0
0
0
0
0
0
0
1
0
6
0
3
0
0
0
0
0
0
0
0
0
0
0
34
0
8
0
0
0
0
0
8
0
14
0
0
0
28
0
0
0
0
0
0
0
15
0
0
0
0
0
14
0
0
0
0
0
0
0
0
0
0
0
14
0
2
0
0
0
0
0
7
0
0
0
0
0
0
0
4
0
0
0
0
0
0
0
1
0
0
0
0
0
0
0
0
0
0
0
2
0
0
0
7
0
41
0
0
0
0
0
0
0
17
0
8
0
0
0
0
0
0
0
0
0
0
0
9
0
30
0
0
0
10
0
0
0
0
0
17
0
0
0
1
0
0
0
0
0
0
0
0
0
0
0
0
0
0
0
0
0
3
0
17
0
0
0
0
0
6
0
8
0
12
0
0
0
5
0
3
0
0
0
0
0
111
0
0
0
0
0
0
0
0
0
0
0
0
0
12
0
0
0
260
0
119
0
142
0
300
0
362
62
721
414
878
630
893
0
436
0
176
0
904
578
905
0
905
0
59
0
45
0
30
0
0
0
51
0
0
0
0
0
0
0
26
0
0
0
0
0
0
0
4
0
0
0
0
0
0
0
0
0
0
0
24
0
0
0
2
0
6
0
0
0
2
0
0
0
0
0
0
0
0
0
0
0
0
0
5
0
0
0
0
0
26
0
0
0
0
0
0
0
0
0
0
0
0
0
0
0
0
0
0
0
0
0
14
0
0
0
0
0
2
0
0
0
14
0
0
0
0
0
19
0
0
0
0
0
0
0
0
0
0
0
0
0
22
0
0
0
0
0
4
0
2
0
0
0
11
0
0
0
0
0
2
0
0
0
4
0
0
0
0
0
15
0
0
0
29
0
0
0
0
0
11
0
0
0
34
0
0
0
0
0
22
0
0
0
0
0
21
0
0
0
12
0
0
0
0
0
0
0
0
0
0
0
0
0
2
0
33
0
0
0
0
0
2
0
0
0
0
0
0
0
0
0
26
0
0
0
0
0
0
0
0
0
0
0
0
0
0
0
0
0
0
0
0
0
6
0
0
0
0
0
0
0
0
0
0
0
0
0
0
0
0
0
0
0
0
0
0
0
0
0
0
0
0
0
8
0
0
0
24
0
0
0
0
0
0
0
0
0
0
0
1
0
1
0
0
0
8
0
0
0
9
0
0
0
0
0
0
0
21
0
27
0
2
0
0
0
0
0
10
0
3
0
0
0
0
0
0
0
0
0
0
0
0
0
0
0
0
0
0
0
0
0
11
0
0
0
5
0
16
0
0
0
0
0
0
0
0
0
0
0
0
0
0
0
13
0
0
0
0
0
1
0
8
0
0
0
13
0
0
0
0
0
0
0
16
0
11
0
0
0
0
0
0
0
5
0
0
0
0
0
0
0
0
0
18
0
0
0
0
0
0
0
0
0
10
0
10
0
0
0
10
0
0
0
0
0
10
0
0
0
0
0
0
0
0
0
0
0
0
0
23
0
4
0
0
0
0
0
0
0
0
0
0
0
0
0
0
0
2
0
0
0
0
0
0
0
0
0
0
0
0
0
0
0
0
0
0
0
0
0
0
0
12
0
0
0
0
0
15
0
0
0
0
0
0
0
0
0
0
0
0
0
0
0
0
0
1
0
0
0
12
0
57
0
0
0
0
0
0
0
6
0
11
0
2
0
27
0
0
0
0
0
5
0
0
0
0
0
0
0
0
0
0
0
333
0
0
0
0
0
0
0
0
0
0
0
31
0
0
0
0
0
0
0
0
0
0
0
11
0
4
0
0
0
0
0
0
0
