0
0
0
0
0
4
0
0
0
0
0
0
0
13
0
26
0
7
0
0
0
12
0
0
0
0
0
0
0
0
0
0
0
0
0
0
0
0
0
3
0
9
0
0
0
2
0
0
0
0
0
0
0
0
0
0
0
0
0
2
0
0
0
0
0
0
0
9
0
21
0
0
0
6
0
0
0
0
0
2
0
0
0
0
0
0
0
28
0
0
0
19
0
0
0
33
0
0
0
0
0
0
0
0
0
1
0
0
0
0
0
0
0
15
0
11
0
28
0
38
0
0
0
0
0
4
0
0
0
0
0
0
0
2
0
30
0
0
0
23
0
0
0
0
0
0
0
0
0
9
0
31
0
0
0
0
0
19
0
0
0
18
0
0
0
3
0
11
0
0
0
0
0
0
0
0
0
0
0
0
0
4
0
3
0
3
0
6
0
0
0
2
0
0
0
4
0
0
0
4
0
0
0
0
0
0
0
12
0
0
0
21
0
24
0
0
0
0
0
0
0
0
0
0
0
5
0
0
0
2
0
0
0
31
0
0
0
0
0
10
0
0
0
0
0
12
0
0
0
0
0
0
0
0
0
0
0
0
0
0
0
0
0
0
0
4
0
0
0
0
0
8
0
13
0
0
0
0
0
7
0
0
0
0
0
0
0
0
0
0
0
0
0
0
0
0
0
20
0
0
0
31
0
0
0
0
0
0
0
0
0
0
0
19
0
41
0
0
0
0
0
0
0
0
0
25
0
0
0
0
0
0
0
0
0
0
0
0
0
0
0
0
0
30
0
7
0
0
0
0
0
0
0
0
0
0
0
0
0
30
0
0
0
0
0
0
0
0
0
4
0
0
0
0
0
0
0
5
0
0
0
0
0
0
0
9
0
0
0
0
0
0
0
0
0
132
0
0
0
0
0
212
0
175
0
213
0
262
0
307
4
374
0
399
0
268
0
273
0
418
101
878
781
898
0
731
0
27
0
9
0
21
0
14
0
30
0
28
0
31
0
33
0
4
0
28
0
24
0
18
0
10
0
0
0
0
0
4
0
0
0
0
0
0
0
1
0
0
0
0
0
0
0
0
0
0
0
0
0
0
0
0
0
0
0
0
0
22
0
16
0
11
0
0
0
0
0
0
0
0
0
0
0
0
0
0
0
0
0
6
0
0
0
0
0
0
0
0
0
2
0
13
0
0
0
0
0
0
0
12
0
0
0
0
0
0
0
3
0
0
0
0
0
0
0
0
0
0
0
0
0
7
0
0
0
0
0
0
0
0
0
0
0
37
0
1
0
11
0
1
0
5
0
0
0
0
0
0
0
0
0
0
0
0
0
0
0
5
0
0
0
22
0
4
0
0
0
18
0
1
0
0
0
0
0
0
0
0
0
0
0
0
0
0
0
0
0
6
0
0
0
10
0
6
0
0
0
5
0
0
0
1
0
21
0
0
0
0
0
25
0
22
0
20
0
10
0
2
0
0
0
0
0
0
0
12
0
0
0
0
0
0
0
10
0
0
0
8
0
0
0
18
0
11
0
0
0
0
0
0
0
13
0
0
0
0
0
0
0
31
0
0
0
0
0
26
0
0
0
0
0
0
0
0
0
0
0
0
0
0
0
0
0
0
0
13
0
0
0
3
0
0
0
0
0
0
0
17
0
0
0
0
0
0
0
0
0
0
0
0
0
0
0
12
0
0
0
0
0
0
0
0
0
3
0
41
0
20
0
0
0
0
0
0
0
20
0
0
0
0
0
0
0
27
0
0
0
0
0
0
0
8
0
4
0
9
0
0
0
0
0
0
0
9
0
0
0
0
0
0
0
0
0
0
0
0
0
4
0
0
0
8
0
0
0
0
0
0
0
1
0
0
0
0
0
15
0
0
0
0
0
0
0
0
0
0
0
0
0
22
0
0
0
2
0
0
0
0
0
0
0
0
0
0
0
0
0
9
0
0
0
0
0
0
0
0
0
0
0
0
0
0
0
7
0
0
0
0
0
0
0
0
0
0
0
17
0
0
0
19
0
0
0
0
0
0
0
25
0
0
0
4
0
0
0
0
0
0
0
2
0
54
0
0
0
0
0
0
0
0
0
0
0
3
0
0
0
0
0
0
0
0
0
0
0
0
0
4
0
9
0
0
0
0
0
0
0
0
0
0
0
11
0
0
0
0
0
0
0
8
0
0
0
0
0
431
0
308
0
0
0
0
0
0
0
0
0
0
0
27
0
8
0
0
0
0
0
0
0
0
0
0
0
0
0
0
0
2
0
0
0
