3338
0
0
0
21
0
0
0
0
0
0
0
0
0
0
0
0
0
8
0
0
0
3
0
0
0
49
0
0
0
0
0
21
0
0
0
0
0
0
0
0
0
0
0
0
0
0
0
10
0
0
0
0
0
0
0
0
0
0
0
1
0
0
0
0
0
0
0
0
0
28
0
7
0
0
0
0
0
2
0
0
0
10
0
0
0
0
0
0
0
0
0
0
0
12
0
0
0
0
0
0
0
15
0
10
0
33
0
0
0
0
0
0
0
4
0
15
0
0
0
0
0
5
0
0
0
0
0
2
0
2
0
0
0
0
0
1
0
6
0
15
0
33
0
3
0
18
0
0
0
12
0
0
0
12
0
25
0
6
0
0
0
0
0
0
0
23
0
0
0
0
0
0
0
0
0
0
0
0
0
0
0
0
0
0
0
0
0
0
0
0
0
0
0
9
0
0
0
0
0
0
0
0
0
0
0
0
0
15
0
31
0
0
0
33
0
0
0
0
0
1
0
10
0
0
0
0
0
36
0
8
0
8
0
1
0
0
0
0
0
0
0
19
0
0
0
0
0
0
0
17
0
21
0
0
0
8
0
24
0
1
0
0
0
2
0
0
0
0
0
0
0
11
0
0
0
0
0
16
0
0
0
0
0
0
0
0
0
0
0
0
0
0
0
0
0
0
0
0
0
0
0
18
0
2
0
0
0
0
0
0
0
0
0
0
0
0
0
0
0
4
0
0
0
0
0
362
152
591
521
843
809
901
491
861
0
4
0
0
0
24
0
0
0
0
0
0
0
10
0
4
0
0
0
0
0
0
0
0
0
0
0
0
0
15
0
0
0
0
0
0
0
0
0
22
0
0
0
0
0
0
0
27
0
6
0
38
0
0
0
0
0
0
0
4
0
8
0
3
0
0
0
0
0
0
0
0
0
0
0
0
0
0
0
0
0
0
0
0
0
0
0
0
0
1
0
0
0
0
0
5
0
0
0
0
0
0
0
0
0
0
0
0
0
0
0
0
0
0
0
0
0
0
0
0
0
0
0
3
0
0
0
0
0
0
0
0
0
10
0
0
0
0
0
0
0
0
0
0
0
0
0
0
0
31
0
9
0
0
0
0
0
0
0
1
0
18
0
0
0
0
0
24
0
13
0
0
0
0
0
0
0
0
0
0
0
0
0
0
0
5
0
0
0
0
0
0
0
0
0
8
0
0
0
0
0
0
0
15
0
0
0
0
0
5
0
0
0
0
0
20
0
4
0
11
0
0
0
0
0
0
0
1
0
0
0
1
0
0
0
0
0
0
0
6
0
1
0
0
0
0
0
5
0
0
0
11
0
35
0
13
0
0
0
0
0
0
0
0
0
0
0
8
0
0
0
11
0
0
0
0
0
0
0
0
0
0
0
6
0
0
0
0
0
0
0
0
0
2
0
0
0
0
0
0
0
0
0
0
0
0
0
0
0
31
0
0
0
5
0
0
0
0
0
0
0
0
0
0
0
0
0
0
0
9
0
21
0
0
0
0
0
0
0
0
0
2
0
0
0
0
0
1
0
0
0
0
0
0
0
19
0
0
0
49
0
0
0
22
0
16
0
0
0
26
0
0
0
0
0
1
0
3
0
0
0
0
0
0
0
29
0
8
0
0
0
23
0
6
0
0
0
0
0
0
0
0
0
0
0
5
0
0
0
0
0
0
0
5
0
0
0
0
0
0
0
0
0
0
0
0
0
0
0
0
0
0
0
0
0
37
0
0
0
0
0
0
0
0
0
0
0
0
0
0
0
0
0
5
0
0
0
0
0
4
0
4
0
8
0
0
0
0
0
19
0
0
0
4
0
0
0
0
0
5
0
0
0
0
0
0
0
64
0
0
0
0
0
0
0
0
0
0
0
16
0
13
0
38
0
0
0
0
0
0
0
18
0
0
0
0
0
0
0
0
0
0
0
0
0
0
0
0
0
8
0
0
0
1
0
0
0
0
0
0
0
5
0
5
0
0
0
23
0
0
0
0
0
3
0
0
0
0
0
0
0
0
0
0
0
0
0
0
0
29
0
21
0
0
0
0
0
0
0
20
0
6
0
0
0
0
0
0
0
0
0
10
0
0
0
24
0
0
0
0
0
0
0
0
0
0
0
0
0
0
0
5
0
0
0
0
0
0
0
0
0
21
0
0
0
0
0
0
0
25
0
367
0
0
0
0
0
0
0
0
0
0
0
0
0
0
0
0
0
0
0
0
0
0
0
0
0
0
0
0
0
3
0
4
0
44
