0
0
0
0
0
0
0
0
0
0
0
0
0
0
0
0
0
0
0
0
0
38
0
0
0
0
0
0
0
0
0
0
0
0
0
0
0
3
0
0
0
5
0
0
0
0
0
0
0
33
0
0
0
8
0
4
0
28
0
2
0
17
0
0
0
0
0
13
0
0
0
21
0
0
0
0
0
0
0
0
0
0
0
0
0
10
0
2
0
0
0
0
0
0
0
6
0
0
0
0
0
16
0
0
0
0
0
0
0
0
0
0
0
0
0
0
0
0
0
2
0
0
0
0
0
0
0
0
0
0
0
0
0
11
0
0
0
0
0
43
0
0
0
4
0
0
0
0
0
17
0
0
0
0
0
35
0
0
0
0
0
8
0
23
0
0
0
1
0
0
0
0
0
0
0
0
0
0
0
2
0
0
0
6
0
9
0
0
0
4
0
0
0
28
0
0
0
0
0
0
0
0
0
0
0
37
0
0
0
0
0
0
0
0
0
0
0
0
0
0
0
0
0
0
0
0
0
0
0
18
0
0
0
0
0
16
0
0
0
5
0
0
0
1
0
0
0
4
0
0
0
0
0
4
0
0
0
0
0
20
0
0
0
0
0
1
0
0
0
0
0
0
0
0
0
8
0
0
0
17
0
3
0
0
0
23
0
0
0
0
0
0
0
0
0
0
0
0
0
0
0
0
0
4
0
0
0
0
0
0
0
0
0
0
0
3
0
0
0
0
0
0
0
0
0
0
0
0
0
7
0
0
0
0
0
0
0
3
0
13
0
0
0
0
0
27
0
5
0
0
0
0
0
14
0
0
0
20
0
0
0
14
0
0
0
0
0
21
0
1
0
0
0
0
0
0
0
8
0
0
0
0
0
8
0
0
0
0
0
0
0
0
0
0
0
4
0
0
0
0
0
0
0
0
0
51
0
30
0
0
0
0
0
0
0
16
0
0
0
0
0
0
0
0
0
0
0
0
0
0
0
0
0
50
0
0
0
0
0
0
0
0
0
0
0
0
0
1
0
0
0
0
0
0
0
0
0
0
0
0
0
0
0
0
0
7
0
0
0
0
0
0
0
5
0
0
0
23
0
12
0
12
0
0
0
0
0
16
0
0
0
0
0
0
0
0
0
0
0
0
0
0
0
7
0
0
0
0
0
0
0
0
0
0
0
0
0
0
0
16
0
0
0
0
0
0
0
5
0
0
0
0
0
0
0
0
0
0
0
0
0
0
0
0
0
0
0
2
0
0
0
0
0
10
0
2
0
29
0
26
0
10
0
0
0
5
0
0
0
2
0
0
0
636
573
673
618
691
627
705
654
790
753
890
807
915
749
852
818
867
832
889
860
925
889
928
856
770
275
728
686
853
767
824
506
778
329
608
376
643
231
559
49
440
0
378
0
0
0
0
0
0
0
18
0
0
0
0
0
0
0
0
0
0
0
0
0
13
0
0
0
0
0
1
0
7
0
0
0
0
0
0
0
0
0
0
0
0
0
0
0
0
0
27
0
0
0
20
0
0
0
0
0
2
0
0
0
0
0
0
0
9
0
0
0
0
0
7
0
0
0
0
0
0
0
0
0
10
0
2
0
15
0
31
0
0
0
0
0
3
0
0
0
0
0
0
0
0
0
0
0
11
0
0
0
8
0
0
0
0
0
3
0
24
0
0
0
0
0
0
0
2
0
3
0
0
0
2
0
0
0
7
0
0
0
11
0
4
0
0
0
5
0
0
0
14
0
0
0
0
0
0
0
0
0
3
0
0
0
7
0
0
0
7
0
20
0
0
0
13
0
0
0
0
0
0
0
21
0
37
0
31
0
0
0
0
0
10
0
0
0
0
0
0
0
0
0
0
0
0
0
0
0
0
0
0
0
0
0
1
0
0
0
0
0
5
0
0
0
0
0
0
0
0
0
0
0
0
0
8
0
0
0
0
0
0
0
5
0
0
0
5
0
6
0
3
0
26
0
10
0
0
0
0
0
0
0
24
0
0
0
0
0
0
0
0
0
0
0
0
0
0
0
6
0
0
0
1
0
0
0
1
0
6
0
0
0
0
0
0
0
0
0
0
0
15
0
0
0
0
0
0
0
6
0
0
0
0
0
0
0
187
0
0
0
5
0
0
0
0
0
10
0
12
0
0
0
0
0
0
0
0
0
0
0
0
0
0
0
0
0
4
0
0
0
244
0
0
0
0
0
15
0
0
0
0
0
0
0
0
0
2
0
7
0
0
0
0
0
0
0
15
0
0
0
17
0
0
0
0
0
