0
17
0
8
0
0
0
0
0
0
0
0
0
0
0
0
0
0
0
0
0
0
0
0
0
0
0
0
0
0
0
0
0
15
0
2
0
0
0
10
0
20
0
0
0
0
0
0
0
15
0
0
0
34
0
0
0
0
0
1
0
8
0
0
0
9
0
11
0
0
0
33
0
0
0
0
0
4
0
0
0
1
0
0
0
0
0
3
0
0
0
0
0
0
0
11
0
0
0
0
0
0
0
0
0
0
0
0
0
0
0
0
0
0
0
0
0
0
0
0
0
26
0
2
0
0
0
0
0
0
0
0
0
16
0
0
0
0
0
0
0
0
0
0
0
7
0
12
0
0
0
0
0
10
0
0
0
0
0
0
0
0
0
0
0
0
0
0
0
0
0
0
0
0
0
3
0
0
0
6
0
0
0
0
0
1
0
3
0
20
0
0
0
2
0
0
0
0
0
0
0
0
0
0
0
13
0
0
0
27
0
0
0
6
0
0
0
0
0
0
0
0
0
0
0
30
0
0
0
32
0
0
0
17
0
0
0
0
0
26
0
0
0
13
0
9
0
0
0
0
0
0
0
0
0
36
0
34
0
0
0
10
0
46
0
0
0
10
0
0
0
0
0
40
0
0
0
0
0
1
0
4
0
14
0
0
0
13
0
0
0
0
0
0
0
0
0
8
0
0
0
38
0
4
0
0
0
0
0
31
0
0
0
0
0
0
0
0
0
4
0
48
0
0
0
0
0
13
0
27
0
0
0
0
0
0
0
0
0
0
0
0
0
0
0
0
0
0
0
0
0
0
0
0
0
0
0
0
0
3
0
41
0
37
0
0
0
1
0
0
0
0
0
0
0
3
0
12
0
0
0
0
0
0
0
0
0
0
0
0
0
0
0
0
0
8
0
0
0
14
0
0
0
0
0
0
0
13
0
0
0
0
0
0
0
0
0
0
0
11
0
0
0
0
0
0
0
0
0
26
0
0
0
10
0
1
0
1
0
0
0
0
0
0
0
30
0
10
0
0
0
0
0
6
0
0
0
0
0
0
0
8
0
7
0
0
0
0
0
0
0
2
0
0
0
0
0
0
0
4
0
0
0
0
0
1
0
0
0
0
0
2
0
18
0
0
0
0
0
0
0
42
0
9
0
0
0
0
0
0
0
3
0
0
0
0
0
0
0
0
0
0
0
35
0
18
0
0
0
0
0
0
0
0
0
0
0
0
0
0
0
0
0
13
0
0
0
0
0
0
0
0
0
0
0
0
0
20
0
14
0
0
0
0
0
0
0
1
0
0
0
0
0
0
0
0
0
0
0
12
0
0
0
0
0
14
0
0
0
0
0
5
0
16
0
0
0
0
0
7
0
14
0
0
0
0
0
15
0
0
0
9
0
0
0
0
0
0
0
0
0
8
0
0
0
0
0
0
0
24
0
10
0
0
0
0
0
12
0
0
0
0
0
16
0
0
0
0
0
0
0
0
0
0
0
0
0
0
0
7
0
0
0
0
0
1
0
122
0
0
0
0
0
6
0
369
0
0
0
4
0
7
0
7
0
0
0
0
0
327
0
0
0
0
0
179
0
188
0
0
0
0
0
69
0
0
0
0
0
0
0
0
0
0
0
21
0
0
0
0
0
22
0
19
0
81
0
0
0
0
0
0
0
0
0
0
0
0
0
17
0
7
0
2
0
0
0
0
0
0
0
4
0
0
0
0
0
6
0
11
0
0
0
38
0
0
0
0
0
0
0
0
0
0
0
21
0
0
0
0
0
0
0
24
0
0
0
0
0
0
0
0
0
0
0
15
0
0
0
0
0
0
0
0
0
0
0
9
0
0
0
0
0
0
0
0
0
0
0
10
0
0
0
1
0
0
0
0
0
318
0
26
0
42
0
23
0
0
0
1
0
0
0
0
0
0
0
0
0
0
0
0
0
0
0
0
0
293
0
37
0
36
0
61
0
66
0
43
0
89
0
73
0
81
0
128
0
175
0
195
0
209
0
10
0
10
0
0
0
0
0
26
0
13
0
41
0
104
0
114
0
150
0
189
0
285
0
307
4
350
26
345
30
353
114
433
293
590
471
666
564
703
563
703
535
696
602
847
810
901
842
896
0
441
0
0
0
26
0
25
0
15
0
0
0
0
0
8
0
271
0
854
0
185
0
45
0
0
0
0
0
0
0
0
0
202
0
0
0
0
0
0
0
0
0
6
0
6
0
2
0
0
0
0
0
11
0
26
0
0
0
17
0
16
0
1
0
0
0
1
0
