0
0
0
0
0
1
0
0
0
2
0
32
0
9
0
0
0
3
0
18
0
11
0
0
0
19
0
0
0
0
0
0
0
0
0
0
0
8
0
25
0
19
0
1
0
3
0
0
0
0
0
13
0
0
0
0
0
0
0
0
0
0
0
46
0
0
0
0
0
0
0
0
0
0
0
0
0
0
0
0
0
26
0
6
0
0
0
0
0
19
0
0
0
0
0
8
0
36
0
0
0
0
0
0
0
0
0
11
0
29
0
0
0
1
0
1
0
7
0
0
0
1
0
0
0
0
0
21
0
0
0
0
0
0
0
0
0
0
0
0
0
0
0
0
0
0
0
0
0
0
0
0
0
0
0
0
0
0
0
0
0
0
0
0
0
0
0
0
0
0
0
0
0
24
0
0
0
0
0
0
0
0
0
0
0
3
0
0
0
7
0
0
0
0
0
0
0
0
0
29
0
0
0
8
0
0
0
0
0
0
0
0
0
0
0
15
0
0
0
0
0
0
0
0
0
0
0
2
0
3
0
18
0
0
0
0
0
0
0
0
0
0
0
4
0
15
0
0
0
8
0
0
0
0
0
0
0
0
0
26
0
0
0
0
0
15
0
8
0
0
0
0
0
0
0
0
0
0
0
0
0
0
0
13
0
0
0
17
0
32
0
0
0
0
0
4
0
0
0
0
0
0
0
0
0
0
0
0
0
0
0
3
0
0
0
0
0
0
0
18
0
0
0
0
0
0
0
0
0
8
0
0
0
14
0
0
0
1
0
0
0
0
0
0
0
0
0
0
0
0
0
0
0
0
0
5
0
0
0
0
0
0
0
7
0
0
0
0
0
37
0
0
0
0
0
2
0
20
0
0
0
0
0
0
0
8
0
0
0
0
0
0
0
0
0
0
0
0
0
0
0
42
0
0
0
0
0
0
0
0
0
20
0
0
0
22
0
0
0
0
0
17
0
0
0
0
0
12
0
0
0
6
0
0
0
1
0
0
0
0
0
0
0
0
0
0
0
0
0
0
0
0
0
15
0
0
0
0
0
0
0
0
0
0
0
0
0
0
0
0
0
0
0
0
0
0
0
0
0
0
0
14
0
0
0
0
0
0
0
0
0
12
0
7
0
6
0
0
0
22
0
0
0
20
0
6
0
0
0
0
0
0
0
4
0
22
0
0
0
0
0
0
0
0
0
0
0
0
0
4
0
0
0
0
0
0
0
0
0
4
0
2
0
0
0
9
0
35
0
4
0
16
0
0
0
8
0
0
0
0
0
4
0
0
0
7
0
0
0
14
0
0
0
80
0
16
0
0
0
4
0
5
0
0
0
0
0
0
0
0
0
13
0
0
0
0
0
0
0
2
0
0
0
19
0
12
0
763
704
866
836
933
891
931
851
898
839
888
846
885
807
869
663
799
396
615
72
388
0
336
0
293
0
221
0
123
0
86
0
232
0
233
0
192
0
167
0
146
0
150
0
122
0
95
0
50
0
0
0
3
0
4
0
20
0
0
0
27
0
38
0
0
0
0
0
30
0
20
0
192
0
177
0
0
0
26
0
0
0
0
0
0
0
0
0
0
0
0
0
0
0
2
0
0
0
0
0
0
0
4
0
0
0
6
0
0
0
0
0
2
0
0
0
0
0
0
0
0
0
0
0
30
0
0
0
0
0
2
0
0
0
0
0
0
0
5
0
0
0
0
0
0
0
0
0
0
0
14
0
4
0
0
0
0
0
20
0
0
0
0
0
9
0
0
0
0
0
0
0
0
0
0
0
0
0
0
0
9
0
3
0
7
0
0
0
1
0
1
0
0
0
0
0
0
0
31
0
9
0
0
0
0
0
0
0
6
0
13
0
7
0
14
0
0
0
5
0
0
0
0
0
24
0
0
0
0
0
7
0
0
0
15
0
17
0
0
0
0
0
19
0
0
0
0
0
0
0
0
0
0
0
0
0
0
0
1
0
0
0
0
0
0
0
6
0
0
0
0
0
0
0
22
0
14
0
0
0
0
0
4
0
0
0
0
0
0
0
0
0
14
0
23
0
0
0
0
0
6
0
0
0
0
0
0
0
0
0
12
0
0
0
1
0
33
0
54
0
0
0
0
0
15
0
0
0
0
0
0
0
0
0
0
0
0
0
0
0
9
0
0
0
12
0
3
0
0
0
1
0
0
0
0
0
0
0
27
0
352
0
0
0
0
0
0
0
0
0
0
0
0
0
0
0
0
0
0
0
0
0
4
0
0
0
0
0
0
0
0
0
0
0
