0
19
0
6
0
0
0
0
0
0
0
0
0
0
0
4
0
0
0
0
0
0
0
0
0
0
0
16
0
0
0
0
0
0
0
0
0
0
0
1
0
11
0
0
0
15
0
0
0
0
0
13
0
0
0
0
0
0
0
0
0
7
0
0
0
22
0
0
0
0
0
1
0
0
0
0
0
0
0
0
0
0
0
0
0
10
0
0
0
14
0
7
0
0
0
0
0
0
0
4
0
0
0
0
0
0
0
0
0
0
0
0
0
34
0
0
0
0
0
0
0
14
0
0
0
0
0
13
0
0
0
0
0
25
0
4
0
0
0
0
0
0
0
0
0
9
0
0
0
0
0
4
0
0
0
0
0
0
0
0
0
0
0
0
0
10
0
4
0
0
0
9
0
0
0
0
0
0
0
0
0
0
0
0
0
25
0
0
0
0
0
0
0
0
0
0
0
20
0
0
0
17
0
0
0
19
0
0
0
0
0
0
0
0
0
0
0
0
0
0
0
0
0
0
0
0
0
0
0
0
0
0
0
0
0
0
0
0
0
0
0
0
0
2
0
0
0
0
0
0
0
0
0
25
0
0
0
0
0
0
0
0
0
0
0
0
0
0
0
16
0
0
0
0
0
0
0
8
0
11
0
0
0
0
0
0
0
0
0
0
0
0
0
0
0
0
0
0
0
0
0
0
0
0
0
0
0
4
0
0
0
0
0
34
0
0
0
0
0
45
0
3
0
0
0
0
0
0
0
0
0
0
0
0
0
0
0
0
0
0
0
0
0
0
0
22
0
0
0
0
0
0
0
5
0
3
0
0
0
7
0
0
0
3
0
0
0
0
0
0
0
0
0
0
0
0
0
0
0
0
0
0
0
0
0
0
0
0
0
0
0
0
0
0
0
0
0
0
0
12
0
18
0
0
0
29
0
0
0
0
0
10
0
0
0
3
0
0
0
0
0
0
0
0
0
9
0
0
0
0
0
0
0
28
0
0
0
0
0
23
0
4
0
0
0
0
0
7
0
0
0
0
0
0
0
0
0
0
0
0
0
18
0
0
0
2
0
0
0
6
0
0
0
0
0
13
0
19
0
10
0
34
0
0
0
0
0
0
0
0
0
5
0
0
0
2
0
0
0
0
0
893
851
901
904
906
906
903
802
890
621
801
402
646
177
867
734
846
568
740
371
651
120
474
0
304
0
160
0
67
0
43
0
48
0
0
0
30
0
0
0
0
0
52
0
0
0
5
0
1
0
0
0
0
0
6
0
0
0
0
0
12
0
12
0
0
0
9
0
0
0
10
0
8
0
0
0
55
0
0
0
0
0
0
0
34
0
369
0
0
0
0
0
96
0
96
0
301
0
314
0
306
58
323
0
313
0
279
0
197
0
70
0
74
0
0
0
0
0
0
0
28
0
0
0
0
0
0
0
21
0
0
0
0
0
9
0
0
0
31
0
13
0
0
0
16
0
20
0
0
0
0
0
2
0
0
0
0
0
0
0
15
0
0
0
0
0
20
0
0
0
0
0
20
0
0
0
19
0
18
0
0
0
10
0
0
0
0
0
0
0
0
0
0
0
0
0
0
0
13
0
21
0
0
0
0
0
15
0
0
0
0
0
1
0
0
0
0
0
0
0
0
0
0
0
0
0
0
0
7
0
21
0
0
0
7
0
0
0
0
0
0
0
0
0
30
0
9
0
8
0
9
0
0
0
3
0
0
0
0
0
0
0
13
0
0
0
0
0
0
0
9
0
2
0
0
0
0
0
5
0
0
0
3
0
0
0
0
0
0
0
0
0
0
0
0
0
0
0
0
0
0
0
22
0
0
0
0
0
0
0
1
0
0
0
6
0
0
0
0
0
46
0
0
0
0
0
12
0
0
0
0
0
0
0
8
0
0
0
0
0
0
0
0
0
0
0
0
0
0
0
0
0
3
0
6
0
0
0
0
0
0
0
13
0
0
0
0
0
0
0
5
0
0
0
39
0
0
0
8
0
0
0
0
0
2
0
0
0
0
0
5
0
22
0
0
0
6
0
0
0
11
0
0
0
18
0
0
0
0
0
0
0
0
0
0
0
0
0
0
0
11
0
0
0
0
0
15
0
0
0
0
0
0
0
0
0
0
0
0
0
0
0
1
0
0
0
0
0
0
0
0
0
0
0
0
0
0
0
10
0
0
0
4
0
208
0
323
0
11
0
0
0
0
0
0
0
28
0
15
0
0
0
24
0
0
0
0
0
0
0
0
0
0
0
0
0
0
0
0
0
