0
3
0
0
0
0
0
0
0
0
0
0
0
2
0
14
0
3
0
2
0
10
0
0
0
0
0
0
0
0
0
0
0
29
0
0
0
0
0
0
0
0
0
0
0
3
0
6
0
0
0
0
0
0
0
13
0
0
0
22
0
0
0
0
0
8
0
9
0
3
0
8
0
0
0
23
0
31
0
0
0
17
0
0
0
0
0
0
0
12
0
11
0
0
0
10
0
1
0
6
0
0
0
0
0
8
0
0
0
0
0
0
0
1
0
0
0
0
0
0
0
16
0
0
0
0
0
0
0
0
0
0
0
0
0
0
0
0
0
0
0
0
0
5
0
0
0
5
0
0
0
0
0
0
0
40
0
47
0
0
0
0
0
0
0
0
0
0
0
0
0
16
0
0
0
1
0
4
0
22
0
21
0
0
0
0
0
0
0
8
0
1
0
0
0
0
0
0
0
0
0
16
0
0
0
0
0
1
0
0
0
1
0
21
0
24
0
0
0
0
0
0
0
0
0
0
0
0
0
0
0
5
0
0
0
0
0
0
0
0
0
27
0
7
0
0
0
39
0
6
0
0
0
0
0
0
0
0
0
0
0
0
0
0
0
26
0
0
0
0
0
0
0
0
0
0
0
0
0
28
0
0
0
11
0
0
0
0
0
19
0
0
0
0
0
0
0
0
0
0
0
0
0
0
0
0
0
0
0
0
0
0
0
9
0
7
0
3
0
0
0
0
0
11
0
0
0
1
0
0
0
0
0
0
0
0
0
0
0
0
0
6
0
7
0
0
0
0
0
7
0
0
0
25
0
0
0
9
0
0
0
0
0
0
0
0
0
0
0
0
0
40
0
0
0
0
0
0
0
0
0
9
0
11
0
26
0
0
0
0
0
0
0
28
0
0
0
0
0
7
0
0
0
30
0
3
0
0
0
24
0
0
0
0
0
0
0
0
0
13
0
3
0
14
0
38
0
16
0
0
0
0
0
2
0
0
0
0
0
19
0
0
0
20
0
0
0
24
0
0
0
0
0
0
0
0
0
0
0
0
0
1
0
0
0
0
0
0
0
0
0
0
0
10
0
9
0
4
0
0
0
16
0
21
0
0
0
28
0
4
0
9
0
0
0
0
0
485
262
542
79
410
55
361
24
420
189
513
359
675
569
822
756
886
847
899
823
896
669
827
335
674
0
364
0
179
0
117
0
432
6
352
0
260
0
100
0
52
0
37
0
0
0
0
0
15
0
21
0
0
0
33
0
29
0
0
0
4
0
0
0
0
0
0
0
0
0
7
0
22
0
0
0
26
0
16
0
0
0
0
0
0
0
0
0
0
0
17
0
292
0
319
0
0
0
318
0
0
0
0
0
396
79
436
0
411
0
426
0
420
0
391
0
334
0
252
0
7
0
0
0
0
0
0
0
0
0
0
0
0
0
0
0
27
0
0
0
0
0
0
0
6
0
5
0
0
0
0
0
6
0
0
0
0
0
42
0
0
0
0
0
0
0
0
0
0
0
0
0
3
0
31
0
0
0
0
0
0
0
0
0
0
0
0
0
0
0
0
0
0
0
39
0
0
0
0
0
0
0
21
0
0
0
0
0
0
0
0
0
0
0
0
0
12
0
0
0
7
0
13
0
0
0
0
0
0
0
10
0
0
0
0
0
0
0
0
0
0
0
13
0
0
0
0
0
20
0
4
0
0
0
0
0
0
0
0
0
0
0
0
0
0
0
0
0
0
0
0
0
0
0
0
0
0
0
3
0
12
0
0
0
30
0
0
0
0
0
28
0
8
0
9
0
0
0
15
0
5
0
21
0
16
0
0
0
0
0
5
0
14
0
0
0
5
0
0
0
0
0
0
0
0
0
8
0
0
0
0
0
0
0
0
0
0
0
13
0
1
0
0
0
0
0
10
0
10
0
0
0
2
0
27
0
0
0
4
0
0
0
3
0
3
0
6
0
6
0
0
0
0
0
13
0
10
0
0
0
2
0
0
0
0
0
0
0
0
0
10
0
0
0
0
0
0
0
1
0
0
0
18
0
0
0
13
0
2
0
0
0
10
0
0
0
13
0
12
0
0
0
0
0
0
0
0
0
0
0
0
0
0
0
0
0
0
0
9
0
2
0
0
0
0
0
0
0
5
0
8
0
0
0
5
0
0
0
16
0
0
0
11
0
0
0
13
0
234
0
192
0
21
0
20
0
0
0
13
0
1
0
0
0
0
0
0
0
0
0
0
0
0
0
0
0
4
0
0
0
0
0
13
0
