0
0
0
0
0
9
0
0
0
0
0
0
0
0
0
0
0
0
0
0
0
11
0
1
0
0
0
30
0
0
0
0
0
0
0
0
0
0
0
3
0
4
0
0
0
9
0
13
0
0
0
10
0
0
0
0
0
0
0
0
0
0
0
0
0
0
0
7
0
0
0
0
0
0
0
0
0
0
0
6
0
0
0
0
0
2
0
18
0
2
0
4
0
0
0
0
0
0
0
0
0
0
0
761
655
819
0
281
0
116
0
56
0
9
0
9
0
0
0
0
0
0
0
0
0
2
0
0
0
0
0
0
0
1
0
0
0
0
0
0
0
1
0
0
0
4
0
8
0
14
0
0
0
0
0
9
0
0
0
0
0
0
0
3
0
8
0
0
0
6
0
0
0
0
0
11
0
0
0
0
0
0
0
0
0
0
0
14
0
13
0
25
0
7
0
0
0
6
0
20
0
0
0
0
0
0
0
9
0
2
0
12
0
0
0
0
0
0
0
0
0
0
0
0
0
0
0
0
0
0
0
0
0
0
0
33
0
20
0
10
0
0
0
11
0
0
0
0
0
0
0
0
0
21
0
8
0
0
0
0
0
0
0
0
0
6
0
28
0
0
0
11
0
0
0
0
0
0
0
0
0
0
0
0
0
0
0
0
0
0
0
0
0
0
0
5
0
10
0
16
0
0
0
17
0
0
0
7
0
0
0
0
0
0
0
0
0
0
0
0
0
0
0
0
0
0
0
23
0
0
0
0
0
0
0
10
0
0
0
1
0
0
0
5
0
0
0
0
0
0
0
0
0
9
0
0
0
0
0
2
0
0
0
0
0
0
0
0
0
7
0
4
0
0
0
0
0
0
0
4
0
0
0
0
0
0
0
0
0
0
0
12
0
7
0
0
0
0
0
4
0
0
0
6
0
0
0
0
0
0
0
0
0
35
0
0
0
0
0
21
0
0
0
0
0
0
0
0
0
0
0
56
0
0
0
0
0
3
0
0
0
0
0
0
0
0
0
25
0
0
0
0
0
0
0
7
0
9
0
26
0
11
0
8
0
12
0
0
0
0
0
18
0
0
0
13
0
0
0
0
0
4
0
0
0
0
0
26
0
0
0
41
0
0
0
2
0
0
0
0
0
0
0
0
0
0
0
0
0
13
0
3
0
0
0
0
0
0
0
8
0
0
0
0
0
9
0
0
0
4
0
0
0
0
0
0
0
1
0
0
0
30
0
0
0
0
0
20
0
0
0
0
0
0
0
0
0
0
0
0
0
0
0
0
0
1
0
47
0
0
0
17
0
0
0
0
0
0
0
1
0
1
0
0
0
6
0
0
0
13
0
0
0
0
0
4
0
0
0
12
0
0
0
5
0
0
0
0
0
0
0
0
0
0
0
0
0
0
0
0
0
0
0
0
0
2
0
30
0
0
0
13
0
0
0
0
0
0
0
0
0
0
0
0
0
1
0
0
0
0
0
0
0
0
0
11
0
0
0
0
0
0
0
9
0
0
0
0
0
4
0
0
0
7
0
10
0
6
0
30
0
9
0
0
0
0
0
7
0
0
0
0
0
0
0
0
0
31
0
2
0
0
0
0
0
2
0
0
0
0
0
0
0
0
0
0
0
0
0
0
0
18
0
76
0
0
0
0
0
0
0
0
0
0
0
0
0
0
0
0
0
0
0
0
0
10
0
0
0
5
0
0
0
0
0
0
0
8
0
0
0
25
0
0
0
0
0
0
0
0
0
12
0
0
0
0
0
0
0
9
0
3
0
0
0
0
0
20
0
0
0
0
0
7
0
1
0
0
0
25
0
0
0
0
0
0
0
0
0
0
0
0
0
4
0
13
0
0
0
0
0
13
0
0
0
0
0
0
0
0
0
5
0
0
0
0
0
0
0
11
0
0
0
0
0
0
0
0
0
2
0
20
0
0
0
0
0
0
0
0
0
0
0
0
0
0
0
0
0
35
0
0
0
0
0
0
0
25
0
0
0
0
0
0
0
0
0
0
0
6
0
0
0
17
0
0
0
0
0
11
0
0
0
0
0
0
0
0
0
0
0
0
0
0
0
0
0
0
0
0
0
0
0
25
0
0
0
8
0
0
0
0
0
0
0
0
0
1
0
8
0
0
0
7
0
0
0
16
0
0
0
0
0
1
0
2
0
7
0
0
0
0
0
11
0
4
0
343
0
0
0
0
0
17
0
0
0
0
0
0
0
0
0
0
0
0
0
0
0
14
0
0
0
17
0
29
0
0
0
0
0
