0
0
0
5
0
0
0
6
0
16
0
4
0
5
0
0
0
0
0
0
0
0
0
7
0
13
0
0
0
0
0
0
0
0
0
20
0
16
0
0
0
20
0
13
0
0
0
0
0
0
0
17
0
19
0
0
0
0
0
0
0
0
0
0
0
0
0
1
0
0
0
0
0
0
0
0
0
13
0
1
0
9
0
2
0
2
0
0
0
7
0
0
0
2
0
0
0
0
0
0
0
0
0
0
0
7
0
0
0
0
0
7
0
0
0
0
0
13
0
0
0
0
0
0
0
17
0
0
0
0
0
0
0
0
0
0
0
3
0
0
0
0
0
0
0
0
0
0
0
17
0
0
0
0
0
0
0
3
0
0
0
0
0
0
0
15
0
6
0
0
0
0
0
0
0
0
0
0
0
0
0
0
0
0
0
0
0
5
0
14
0
2
0
0
0
0
0
0
0
0
0
0
0
5
0
3
0
9
0
0
0
0
0
0
0
0
0
0
0
0
0
5
0
2
0
3
0
4
0
0
0
0
0
13
0
0
0
0
0
0
0
0
0
5
0
9
0
0
0
0
0
17
0
0
0
9
0
0
0
0
0
8
0
0
0
0
0
0
0
0
0
0
0
16
0
0
0
0
0
0
0
7
0
0
0
0
0
3
0
0
0
0
0
0
0
0
0
0
0
0
0
0
0
0
0
0
0
0
0
0
0
0
0
8
0
3
0
0
0
0
0
0
0
0
0
0
0
0
0
17
0
0
0
0
0
0
0
0
0
56
0
28
0
69
0
44
0
59
0
101
0
193
0
150
0
177
0
363
0
552
0
0
0
0
0
0
0
0
0
0
0
7
0
2
0
0
0
0
0
11
0
0
0
0
0
0
0
2
0
9
0
165
0
16
0
0
0
0
0
98
0
2
0
0
0
0
0
2
0
42
0
11
0
0
0
0
0
0
0
0
0
0
0
0
0
0
0
9
0
0
0
15
0
0
0
0
0
0
0
19
0
0
0
0
0
0
0
0
0
0
0
30
0
0
0
0
0
7
0
0
0
0
0
0
0
4
0
8
0
0
0
0
0
13
0
0
0
16
0
0
0
11
0
0
0
0
0
0
0
16
0
1
0
0
0
0
0
0
0
0
0
0
0
0
0
13
0
20
0
0
0
0
0
0
0
0
0
0
0
0
0
4
0
0
0
17
0
0
0
0
0
0
0
13
0
0
0
0
0
7
0
0
0
0
0
0
0
0
0
0
0
0
0
0
0
0
0
0
0
7
0
17
0
7
0
5
0
4
0
13
0
0
0
18
0
0
0
0
0
0
0
8
0
0
0
1
0
11
0
0
0
0
0
0
0
0
0
0
0
0
0
3
0
0
0
9
0
0
0
0
0
0
0
0
0
0
0
0
0
0
0
0
0
0
0
0
0
0
0
0
0
17
0
0
0
0
0
0
0
0
0
0
0
0
0
0
0
0
0
0
0
20
0
0
0
0
0
0
0
0
0
0
0
0
0
0
0
0
0
0
0
0
0
0
0
0
0
0
0
13
0
14
0
0
0
0
0
0
0
0
0
23
0
0
0
0
0
6
0
0
0
0
0
0
0
0
0
0
0
0
0
0
0
0
0
0
0
11
0
3
0
12
0
0
0
0
0
0
0
23
0
0
0
0
0
0
0
0
0
0
0
12
0
0
0
0
0
0
0
0
0
0
0
3
0
0
0
0
0
0
0
0
0
0
0
19
0
0
0
0
0
0
0
17
0
0
0
0
0
3
0
0
0
21
0
0
0
3
0
0
0
0
0
0
0
0
0
0
0
3
0
6
0
0
0
21
0
0
0
36
0
0
0
0
0
34
0
0
0
5
0
0
0
8
0
0
0
0
0
0
0
0
0
0
0
11
0
0
0
5
0
0
0
10
0
0
0
0
0
0
0
12
0
1
0
3
0
20
0
0
0
14
0
0
0
0
0
4
0
0
0
0
0
11
0
0
0
0
0
0
0
3
0
0
0
16
0
0
0
15
0
0
0
0
0
0
0
5
0
0
0
8
0
0
0
0
0
0
0
0
0
0
0
0
0
0
0
4
0
0
0
0
0
0
0
0
0
0
0
0
0
0
0
0
0
0
0
0
0
0
0
0
0
0
0
6
0
13
0
21
0
0
0
0
0
0
0
0
0
0
0
0
0
0
0
0
0
412
0
0
0
11
0
0
0
0
0
0
0
0
0
1
0
17
0
0
0
0
0
2
0
4
0
0
0
0
0
0
0
0
0
