0
0
0
0
0
0
0
0
0
17
0
6
0
15
0
0
0
0
0
12
0
0
0
0
0
34
0
0
0
88
0
0
0
0
0
0
0
0
0
109
0
59
0
0
0
0
0
15
0
0
0
0
0
0
0
16
0
0
0
0
0
27
0
15
0
58
0
4
0
0
0
27
0
19
0
19
0
0
0
0
0
0
0
40
0
0
0
0
0
0
0
22
0
0
0
40
0
26
0
0
0
0
0
48
0
0
0
0
0
0
0
40
0
0
0
0
0
4
0
0
0
0
0
0
0
0
0
0
0
6
0
31
0
42
0
0
0
0
0
0
0
23
0
13
0
13
0
0
0
0
0
0
0
0
0
0
0
5
0
126
0
0
0
19
0
0
0
0
0
0
0
52
0
86
0
3
0
0
0
0
0
116
0
0
0
0
0
3
0
10
0
13
0
0
0
0
0
36
0
0
0
11
0
0
0
0
0
9
0
0
0
0
0
0
0
0
0
64
0
32
0
31
0
5
0
0
0
4
0
0
0
0
0
0
0
0
0
0
0
0
0
0
0
46
0
11
0
0
0
0
0
0
0
0
0
2
0
3
0
0
0
0
0
0
0
64
0
0
0
0
0
0
0
0
0
6
0
22
0
0
0
45
0
45
0
30
0
0
0
0
0
0
0
0
0
0
0
0
0
1
0
0
0
106
0
0
0
48
0
0
0
0
0
45
0
6
0
0
0
46
0
0
0
0
0
0
0
0
0
20
0
0
0
4
0
0
0
0
0
14
0
17
0
0
0
0
0
0
0
0
0
0
0
0
0
29
0
0
0
0
0
71
0
1
0
0
0
7
0
1
0
0
0
0
0
0
0
0
0
0
0
0
0
24
0
7
0
27
0
0
0
64
0
0
0
0
0
0
0
58
0
0
0
0
0
0
0
11
0
4
0
10
0
0
0
0
0
0
0
0
0
0
0
0
0
0
0
0
0
0
0
0
0
66
0
20
0
52
0
0
0
0
0
0
0
0
0
0
0
5
0
20
0
0
0
0
0
41
0
0
0
0
0
24
0
13
0
0
0
0
0
0
0
22
0
31
0
33
0
72
0
0
0
8
0
52
0
82
0
0
0
0
0
0
0
0
0
0
0
83
0
0
0
0
0
10
0
0
0
0
0
17
0
0
0
0
0
0
0
0
0
12
0
0
0
4
0
12
0
4
0
0
0
10
0
37
0
0
0
0
0
32
0
18
0
0
0
2
0
0
0
0
0
8
0
28
0
13
0
0
0
0
0
10
0
0
0
2
0
11
0
47
0
0
0
0
0
0
0
0
0
0
0
0
0
0
0
28
0
0
0
10
0
9
0
52
0
27
0
27
0
0
0
0
0
100
0
0
0
0
0
0
0
0
0
8
0
0
0
0
0
0
0
0
0
0
0
0
0
0
0
51
0
0
0
0
0
17
0
0
0
0
0
0
0
0
0
21
0
0
0
0
0
46
0
0
0
0
0
0
0
34
0
0
0
45
0
12
0
9
0
47
0
11
0
24
0
113
0
0
0
0
0
0
0
0
0
22
0
0
0
15
0
0
0
0
0
0
0
0
0
1
0
0
0
0
0
46
0
51
0
125
0
17
0
6
0
42
0
0
0
9
0
23
0
0
0
0
0
59
0
0
0
0
0
118
0
0
0
0
0
0
0
0
0
0
0
0
0
0
0
0
0
26
0
65
0
20
0
0
0
0
0
0
0
0
0
0
0
27
0
0
0
0
0
31
0
0
0
27
0
0
0
33
0
0
0
0
0
0
0
0
0
78
0
0
0
0
0
0
0
39
0
25
0
0
0
0
0
42
0
0
0
0
0
0
0
0
0
0
0
0
0
0
0
80
0
78
0
15
0
42
0
0
0
0
0
0
0
22
0
0
0
0
0
0
0
0
0
30
0
0
0
0
0
0
0
0
0
0
0
0
0
0
0
0
0
10
0
0
0
29
0
0
0
0
0
0
0
22
0
0
0
0
0
13
0
0
0
0
0
0
0
0
0
31
0
0
0
0
0
72
0
41
0
36
0
25
0
5
0
20
0
0
0
0
0
21
0
0
0
23
0
0
0
0
0
13
0
5
0
0
0
0
0
0
0
0
0
0
0
0
0
28
0
52
0
5
0
13
0
0
0
0
0
0
0
46
0
0
0
50
0
0
0
0
0
0
0
18
0
65
0
0
0
18
0
0
0
0
0
0
0
0
0
0
0
36
0
23
0
9
0
0
0
0
0
7
0
15
0
