0
0
0
22
0
1
0
0
0
26
0
34
0
0
0
0
0
0
0
0
0
0
0
19
0
0
0
29
0
0
0
0
0
61
0
0
0
0
0
0
0
28
0
0
0
0
0
3
0
34
0
0
0
0
0
0
0
0
0
58
0
0
0
0
0
30
0
0
0
0
0
0
0
0
0
66
0
0
0
0
0
0
0
27
0
0
0
0
0
0
0
0
0
2
0
0
0
46
0
0
0
0
0
44
0
3
0
0
0
107
0
0
0
0
0
32
0
3
0
0
0
19
0
4
0
0
0
20
0
83
0
22
0
0
0
0
0
46
0
0
0
0
0
0
0
0
0
113
0
0
0
0
0
0
0
0
0
0
0
7
0
0
0
67
0
0
0
0
0
0
0
0
0
0
0
95
0
0
0
0
0
44
0
0
0
94
0
3
0
0
0
0
0
0
0
7
0
84
0
26
0
0
0
0
0
55
0
0
0
0
0
0
0
37
0
14
0
0
0
0
0
0
0
0
0
16
0
38
0
0
0
88
0
0
0
22
0
0
0
11
0
0
0
0
0
0
0
0
0
0
0
24
0
0
0
14
0
7
0
0
0
1
0
58
0
0
0
40
0
0
0
24
0
0
0
66
0
0
0
13
0
4
0
0
0
18
0
0
0
17
0
101
0
122
0
0
0
29
0
0
0
0
0
82
0
0
0
0
0
0
0
0
0
0
0
7
0
0
0
0
0
0
0
0
0
1
0
14
0
27
0
0
0
25
0
50
0
60
0
0
0
0
0
0
0
0
0
17
0
0
0
0
0
0
0
0
0
0
0
0
0
0
0
0
0
11
0
44
0
45
0
0
0
7
0
47
0
0
0
0
0
0
0
0
0
0
0
27
0
0
0
0
0
0
0
0
0
0
0
0
0
23
0
1
0
0
0
9
0
0
0
12
0
55
0
28
0
0
0
0
0
0
0
0
0
0
0
12
0
16
0
8
0
0
0
0
0
0
0
0
0
18
0
12
0
0
0
61
0
0
0
13
0
0
0
30
0
5
0
0
0
0
0
37
0
0
0
21
0
0
0
0
0
0
0
0
0
22
0
0
0
0
0
0
0
4
0
99
0
0
0
0
0
0
0
29
0
10
0
43
0
0
0
0
0
10
0
1
0
12
0
0
0
11
0
0
0
0
0
0
0
19
0
0
0
4
0
43
0
23
0
10
0
0
0
24
0
0
0
12
0
0
0
0
0
23
0
0
0
5
0
48
0
5
0
0
0
0
0
0
0
0
0
29
0
5
0
0
0
0
0
90
0
0
0
22
0
36
0
6
0
21
0
0
0
92
0
79
0
0
0
25
0
0
0
135
0
20
0
0
0
0
0
0
0
65
0
0
0
0
0
0
0
20
0
28
0
26
0
16
0
11
0
0
0
0
0
0
0
0
0
2
0
0
0
9
0
0
0
56
0
0
0
0
0
0
0
0
0
0
0
0
0
2
0
0
0
0
0
0
0
0
0
2
0
20
0
40
0
6
0
0
0
0
0
0
0
0
0
0
0
0
0
0
0
0
0
0
0
0
0
69
0
0
0
0
0
0
0
5
0
50
0
7
0
54
0
0
0
0
0
0
0
8
0
0
0
3
0
20
0
0
0
0
0
0
0
96
0
0
0
0
0
0
0
0
0
0
0
0
0
0
0
99
0
0
0
0
0
0
0
8
0
0
0
0
0
0
0
0
0
38
0
2
0
0
0
0
0
0
0
0
0
28
0
0
0
0
0
0
0
0
0
0
0
0
0
16
0
0
0
18
0
16
0
0
0
63
0
25
0
0
0
0
0
0
0
10
0
28
0
0
0
0
0
0
0
0
0
0
0
0
0
0
0
16
0
0
0
0
0
0
0
0
0
0
0
0
0
27
0
4
0
13
0
0
0
0
0
0
0
48
0
0
0
0
0
0
0
0
0
0
0
0
0
0
0
24
0
0
0
0
0
9
0
0
0
0
0
8
0
0
0
44
0
0
0
0
0
0
0
0
0
0
0
0
0
0
0
0
0
37
0
67
0
25
0
0
0
0
0
89
0
164
0
43
0
52
0
0
0
0
0
9
0
32
0
22
0
3
0
0
0
43
0
0
0
0
0
0
0
0
0
0
0
0
0
0
0
35
0
0
0
0
0
38
0
0
0
0
0
0
0
0
0
282
0
67
0
39
0
8
0
0
0
0
0
26
0
56
0
22
0
15
0
0
0
0
0
2
0
60
0
0
0
0
0
22
0
0
0
